-0.215584
-0.366553
-0.242050
-0.208877
0.110044
0.131818
-0.111045
0.070964
0.446519
0.334585
0.084972
0.071739
0.399329
-0.328127
-0.018649
0.333546
-0.226754
0.057883
0.212755
-0.045106
0.529271
0.117064
-0.024725
0.598334
-0.331631
-0.138025
-0.306963
-0.396448
-0.133339
0.113067
0.166069
0.242115
0.310912
-0.103448
-0.063853
-0.065350
-0.433031
-0.138211
0.078286
-0.009856
-0.191651
0.184788
0.318240
0.029009
0.293018
0.320070
0.257327
0.273765
0.503703
-0.348295
-0.211744
0.205199
0.246797
0.238155
-0.289086
-0.061881
-0.191259
-0.067051
-0.067940
-0.292979
0.114495
-0.346235
-0.029119
-0.143594
-0.182028
-0.286887
0.395492
-0.270341
-0.375959
-0.226770
-0.289655
-0.131855
0.738980
0.257361
-0.120724
0.263543
-0.132651
-0.220726
0.155105
-0.136629
0.118762
0.064018
0.341377
0.267039
0.001234
-0.168463
0.407597
-0.651033
0.097218
0.102129
-0.050010
0.403949
-0.284339
0.396741
0.194043
0.040449
0.189676
-0.426202
-0.321491
-0.214961
0.300750
0.054340
-0.153402
-0.486889
0.343882
0.165333
-0.182906
-0.062407
0.350646
0.085808
-0.121242
0.062232
0.060391
-0.562306
0.158573
-0.256061
0.465401
0.244102
-0.142841
-0.272070
0.476335
0.038692
-0.065004
-0.143329
0.362831
0.171273
0.301522
0.275384
