0.779696
0.994570
1.650992
0.237536
0.212449
1.287532
0.620852
0.872900
-0.854514
0.304447
0.013439
0.447124
0.118053
2.114544
-0.059049
-0.079198
0.587275
-0.016769
-0.098299
0.259244
0.921851
0.460332
0.304251
-0.139707
-0.212496
0.377763
0.274593
0.866227
0.267009
0.852220
0.451322
0.601855
-1.025728
0.395346
-0.123658
0.540555
0.063721
-0.089814
0.750028
0.078927
-0.454280
-0.058004
0.271969
0.735965
0.372887
-0.002006
1.194773
0.517816
0.498540
1.300331
2.191789
0.050384
0.674632
0.826437
1.693602
-0.565713
0.733626
0.433636
0.627532
-0.257790
0.905064
-0.235063
0.547424
1.790885
