103
176
93
340
249
29
61
106
-217
-306
-345
-150
102
145
-155
-50
-263
281
112
383
305
279
411
334
119
-10
-274
-54
-322
97
54
796
940
-495
148
838
13
245
60
101
-107
217
-140
-100
201
102
205
21
-86
-10
-28
-104
-12
445
-108
-9
-17
-106
118
559
-94
-72
-52
304
-36
-34
-103
-124
-220
306
-165
-81
-116
-150
-29
657
258
-105
-100
-76
-120
-489
-109
-27
-109
-132
-16
52
121
-6
-136
30
90
-85
2
250
-121
4
-261
-27
-295
202
-106
155
141
-261
-73
264
-131
189
418
-205
495
401
-125
-7
17
90
154
220
-128
-115
-9
655
198
-53
-126
-105
-3
535
204
-77
-111
-26
260
469
446
-76
-120
-68
-107
-156
-57
-90
-111
-79
-176
-306
-142
-45
-128
221
186
-172
413
274
-113
-130
-47
450
134
-100
-118
-104
-103
-107
-308
-184
696
798
218
102
79
359
626
383
348
723
308
51
580
417
364
111
31
4
572
60
577
432
540
108
513
626
334
299
540
349
488
1048
794
147
704
254
566
419
153
1020
97
404
-1
-27
-102
-34
-5
-51
-46
-55
-102
-99
-92
-81
-38
-90
100
-24
-31
198
-27
-3
-84
287
97
-139
-37
-63
-175
607
-206
85
-28
-49
40
493
630
-60
-27
-47
252
99
590
-25
65
-26
18
-203
-73
22
43
-83
-146
-326
-209
-53
-48
-251
-221
-149
-104
-160
-37
-149
-83
-35
347
-440
-12
-64
-117
444
289
-103
-24
-12
299
450
-49
-122
-25
15
428
-363
422
-83
-23
52
280
-75
89
208
145
227
-39
-185
-123
284
59
72
-246
-350
-281
-133
58
303
1603
-113
1955
275
119
-38
-69
66
-42
-156
88
176
-147
-124
-332
-135
119
142
-68
-180
83
3
209
324
580
350
561
393
313
661
608
0
121
1175
263
988
356
23
11
1252
253
1102
1034
1322
441
1058
234
294
83
337
152
17
318
369
411
41
224
745
317
366
427
32
521
566
-103
-71
108
166
84
-12
94
-72
-45
-328
-136
107
5
105
-36
-104
-95
178
11
235
83
94
-284
609
79
-46
-331
-97
-270
-135
86
436
348
-177
78
224
-14
151
542
364
194
199
-44
-78
-17
53
56
156
-25
-223
-228
190
-17
-131
-43
-307
-73
76
181
-347
-37
89
1107
1049
984
-84
-68
-36
-178
260
-181
-33
-21
-29
-320
-568
-240
305
28
266
367
46
864
770
245
292
-23
99
150
187
82
-36
-205
-229
-241
-183
93
-32
521
1197
679
270
130
288
-12
194
-6
270
116
-77
-162
285
-284
111
88
197
181
906
544
175
6
300
417
921
376
395
-12
-48
-107
-9
-49
-65
-51
-101
-23
196
97
-95
-43
-144
-63
-94
-55
-184
-56
-189
-88
163
58
-210
-60
-65
34
494
488
-48
-54
74
-80
314
-72
267
-61
-65
-18
118
369
-19
-128
-195
-246
329
-104
-171
-195
-244
210
-228
47
-81
-151
-227
794
839
523
-5
-150
-262
-578
558
-488
-378
-140
-86
-73
-22
330
-3
-166
-73
312
-39
115
68
-165
-222
-325
-439
-113
-167
-137
-198
-291
381
100
-247
22
196
149
451
117
-330
83
618
19
270
194
708
100
913
172
1113
-56
1216
35
605
884
370
619
413
74
130
423
421
149
-274
79
108
809
1965
192
-141
202
-18
105
312
283
171
-49
-183
142
-17
250
184
-60
-156
448
1159
665
-20
-57
-307
-700
-132
-290
-448
-85
-773
-230
174
-135
-303
-48
-41
-120
-113
-121
-100
-32
-295
-680
294
-51
-616
180
143
246
195
63
229
73
-104
-201
482
174
-131
14
-27
-49
137
205
-44
25
110
75
-165
-46
-131
83
-184
-219
141
-54
-278
7
375
802
130
780
464
-6
63
-202
-374
-187
8
84
146
-218
-266
-228
-136
-3
40
-57
240
182
-193
-75
119
543
587
383
-56
-19
-76
215
402
124
-202
25
936
1160
613
764
925
-35
652
646
-527
488
814
10
488
875
190
675
752
-55
-36
-71
-77
-89
-88
-67
-57
-134
158
-79
-154
-78
-192
-156
-87
-147
-150
-61
-32
399
1488
353
-123
-78
-93
-236
-56
-228
80
-81
-63
408
-86
-55
65
-114
-94
-53
-102
-37
-48
-151
-188
7
48
131
-20
-61
113
301
316
-14
75
-74
128
-196
-398
-269
164
-78
172
-117
-91
155
404
-123
98
236
19
502
663
-99
-356
-711
-559
-526
-365
-71
-79
-140
-606
-234
-36
81
172
287
660
552
379
511
731
1081
1037
1265
1163
409
454
235
723
422
705
359
497
691
455
151
1212
369
764
1165
162
1049
623
407
52
676
434
162
24
350
385
213
729
26
1126
143
241
182
371
244
159
17
-52
-125
-164
-131
-238
9
-95
311
867
434
284
29
-35
-332
318
-33
-128
69
355
165
103
-107
473
56
42
611
729
857
346
60
17
235
48
480
270
-76
-43
-3
438
326
-67
-46
204
533
441
534
582
-60
9
-106
-124
-102
269
-68
158
-144
-10
-139
387
-37
119
191
-5
236
-111
-53
-110
-178
-156
-271
-229
-84
-107
-184
-155
-307
-245
-9
133
356
500
517
279
-31
-18
-41
-5
-89
-48
-19
-116
231
-196
187
-68
-11
-138
-45
-214
-167
-92
-26
-79
-221
27
-194
-92
-39
-125
-135
551
-66
-107
-3
48
126
-310
92
397
-38
-110
241
610
302
-28
4
64
475
622
187
52
-18
-15
-49
-39
328
345
-33
372
-116
-50
222
15
-27
-325
-232
923
-45
-270
33
-186
227
-50
104
-159
1
-165
-229
514
-389
-477
191
337
220
352
503
191
127
804
572
5
352
1177
136
385
105
8
4
975
61
532
11
47
20
662
47
507
1
11
5
786
17
390
5
175
5
556
0
2
12
9
10
3
-135
-106
96
440
234
-85
-2
174
802
463
754
659
23
163
-230
-282
-243
105
63
-109
173
-80
73
-84
62
166
751
-538
1116
-173
29
-52
127
846
-38
-237
-49
-13
99
603
-53
-166
20
59
39
27
32
31
16
370
59
74
50
10
11
903
59
70
48
466
17
157
34
57
63
944
12
1076
10
240
61
1004
20
390
139
51
1
904
25
300
821
58
331
437
108
55
98
677
734
108
12
12
3
105
230
15
16
6
156
221
221
20
41
91
1414
207
1978
161
43
126
213
247
107
165
22
173
290
81
200
28
10
168
431
2012
354
155
-76
-40
-120
10
7
-41
-60
-130
-152
-196
-197
-163
-39
-31
-12
438
-63
-29
-12
-30
68
952
103
-40
-12
-21
-28
324
-139
-65
-40
134
-252
861
-63
292
-45
34
123
-112
730
1050
-59
-91
-39
96
69
-47
-28
-67
201
-46
-5
157
-63
37
36
-252
58
-120
-12
127
693
-9
686
76
-32
-266
491
-90
202
-457
-34
7
-258
-19
-217
-232
-102
-152
-203
734
-76
-237
-13
44
804
697
682
420
10
200
-18
-45
-22
-1
-12
-12
-19
-111
-16
-1
-9
564
-8
-69
-13
857
11
-37
-62
-75
-95
-85
13
293
488
-108
-5
-10
73
-15
-78
-100
-113
-75
-37
20
-45
-73
-3
-72
-47
-12
-222
-436
-366
-173
-5
293
-91
27
-117
413
58
629
313
622
45
456
18
670
-55
-531
-89
148
-32
92
338
-108
167
351
-63
409
687
-335
29
444
-94
-82
-180
-318
-170
-94
-80
-184
-568
-541
-475
-315
-42
-186
96
347
237
56
-17
126
292
1011
-40
-103
-41
6
-206
-547
-331
-33
-60
-6
363
23
685
186
-65
104
303
246
24
-36
122
93
195
-111
-56
204
222
241
208
-249
-284
81
323
623
-154
29
19
115
252
1026
-69
-756
-310
660
221
614
101
-351
-205
72
281
349
24
-353
-19
322
288
497
896
491
389
-66
-187
-258
-36
-165
9
-6
-245
-28
185
-336
78
490
-270
-143
-226
-477
-369
4
-328
-378
-391
-1300
-598
-63
-350
-204
-238
-834
-113
-38
-291
-396
-53
-232
38
-208
-252
-458
-113
59
-266
-492
7
109
-293
-95
-116
-185
-51
78
-27
-40
-128
-65
-39
-159
-567
157
-514
-117
-9
723
656
531
227
243
-26
354
43
-508
-547
214
-7
839
866
398
82
437
-80
134
124
558
221
265
50
146
414
533
418
427
-59
-98
248
446
85
-137
-96
-356
106
104
408
-258
-103
-346
9
-458
207
-412
-83
-459
-34
-601
678
-432
-77
-431
-396
-243
-170
-490
-75
-276
-341
-62
122
-4
-38
-6
-8
176
281
24
-29
34
153
-158
-59
293
-40
-108
-76
-140
-9
-88
-51
62
785
318
525
190
-41
-116
-53
-170
-104
-152
-31
19
-35
-62
-14
67
-49
-77
-13
210
610
-31
-52
-84
-10
12
-1
-32
-70
-96
-118
-123
18
-136
-85
-219
-175
-243
-216
-123
-58
-91
-381
-574
-456
-130
-60
-137
-99
-89
-76
-24
-79
110
152
-155
-55
-90
-96
-78
-162
-373
-265
-73
10
26
3
8
2
9
13
24
125
466
27
5
25
40
52
53
58
18
21
6
254
37
289
10
20
42
16
1362
167
36
18
29
2
86
23
6
18
16
265
228
286
4
1
2
4
9
9
6
6
9
1
595
499
0
3
6
436
1026
173
1
3
5
29
34
14
222
5
509
1136
685
1412
940
4
247
668
3
670
377
2
69
83
1
148
193
-49
-134
-69
-77
-63
-58
-81
-165
-73
-58
127
-128
-70
-198
-125
-68
-54
-272
-63
-73
-259
-173
-345
-188
-79
-188
-116
-201
-75
-276
-84
-99
-79
261
-48
-44
-74
-107
-204
266
-105
-132
-36
-1
83
394
247
-46
-43
369
230
484
415
688
-47
295
-124
-226
-151
282
-61
15
-170
534
-200
149
-43
342
-160
109
-138
223
-42
89
324
-268
-121
287
-36
63
464
126
37
111
47
34
-336
-377
-380
-39
-5
-212
-520
-149
-242
-485
-36
-225
192
670
276
-7
-3
-316
-681
824
-820
-477
1
-185
-500
123
-459
57
-18
165
401
45
595
505
-5
-8
134
-194
294
458
70
-84
-74
61
-2
-24
124
-163
-102
1
-71
-142
107
-149
-234
-531
227
-208
79
162
82
330
3
175
127
-139
46
-172
89
-371
121
-67
-243
-115
-132
-7
61
119
297
1435
100
366
5
0
11
20
14
6
29
0
32
51
28
3
57
804
336
9
207
849
23
0
59
115
51
504
0
257
16
126
38
2
21
477
5
34
105
664
57
402
251
65
7
538
-60
-96
-108
141
-29
-135
-74
-110
-27
594
501
-78
-84
-106
-116
-63
-113
-95
-81
-100
-25
-71
128
-75
-88
-32
217
-31
545
335
-78
-102
-12
231
-73
-131
-51
-96
-48
-67
-118
-30
6
14
-16
590
273
-32
116
56
-82
653
284
-75
32
-16
-215
-310
-263
-16
50
468
366
431
69
289
85
154
17
-18
326
225
62
132
837
254
458
161
39
-9
-48
227
-161
505
-137
-91
131
-250
-199
-53
-63
-186
-204
-137
-133
-128
-23
125
550
-4
914
442
64
-75
-127
-497
-149
91
28
32
337
244
-115
-212
-7
63
225
-35
472
140
-108
2
-91
187
-50
-30
0
1
77
453
412
0
4
1
449
252
358
130
3
6
1
29
3
6
4
6
11
13
11
9
4
3
0
277
5
4
3
8
12
896
12
7
4
6
10
17
11
11
-7
-37
-39
-171
-107
22
5
18
110
-443
-543
364
105
265
56
-471
89
285
146
883
843
404
745
516
46
-29
-169
159
-512
-139
48
-195
-614
-92
-441
-365
8
46
345
660
377
165
8
137
326
196
261
229
32
171
144
-78
-69
147
13
-151
-170
-57
-139
-219
6
-159
99
-68
-17
-230
-2
-197
-193
-118
-155
-86
26
-37
-3
-106
-34
-64
37
-95
-259
-13
-201
-248
-125
-230
-182
-116
-125
-170
-118
-121
479
90
424
101
-131
-216
-91
-121
-99
-118
-136
-36
106
382
237
-163
-134
-130
342
506
1014
95
-104
-152
-115
227
-113
-239
-99
-172
-205
162
28
-200
-56
-88
-28
126
114
-70
50
490
392
-127
-7
707
100
659
-71
-406
-65
780
59
322
91
549
443
356
33
-14
99
507
-49
-55
31
-123
-303
-330
-358
-87
-13
-60
-36
-137
-114
-108
-59
-50
-74
-90
-100
-50
-34
38
507
231
159
-3
-48
-41
-140
-108
-162
-201
-60
-136
-167
-421
-142
-116
-52
207
995
-72
969
46
-33
-169
-263
54
-245
-216
-17
-69
-21
358
-74
-113
6
8
4
338
146
12
5
111
153
1013
296
116
6
36
168
286
446
500
3
744
1881
15
2531
697
5
212
1001
1908
1403
9
4
349
483
3
1
150
6
74
26
56
24
14
-129
-49
-7
-71
-34
-58
-61
262
280
-250
-12
389
-72
38
177
-172
213
183
-44
-229
-284
-311
-301
-364
-42
31
253
-71
-63
-123
-74
-157
-167
-195
-318
-375
-112
-211
-360
-180
-261
-719
107
201
329
446
359
107
268
87
101
370
489
-126
111
-79
196
12
320
180
178
860
1258
845
1291
1187
174
84
-253
598
-35
-61
161
330
626
1788
711
210
207
103
-20
-159
154
181
445
564
201
-25
-42
262
317
93
123
-61
-31
53
294
104
546
702
480
198
279
-179
-347
-381
-495
-366
286
-25
-50
-397
-33
-48
269
75
99
93
-3
-6
258
475
-88
-65
-307
321
126
65
186
69
137
281
91
61
577
94
45
47
105
294
445
448
367
231
112
436
1430
509
1804
792
116
262
573
356
731
733
95
189
282
1313
471
374
113
66
471
1458
1179
80
286
126
205
593
459
89
249
66
317
380
176
586
295
252
340
288
403
92
305
227
149
717
399
740
306
362
508
60
352
346
244
395
299
16
228
507
136
467
122
195
52
352
-36
19
109
-18
-35
-53
-26
-71
-3
-282
-107
69
-52
-201
8
130
-74
-185
-27
-225
-452
-19
-439
-359
-12
-167
-255
-373
-398
57
-16
75
174
-42
46
-261
29
-91
-434
-875
-478
-342
56
19
-24
-162
-175
-44
21
-8
-2
37
58
-157
5
106
715
859
881
579
53
55
-180
-301
-156
324
6
-3
23
-91
43
215
11
292
689
1480
312
85
-39
74
-217
-378
-551
-140
228
228
-89
410
247
75
181
120
-14
179
148
-1
181
-51
-102
-7
-176
-85
223
-218
-312
-264
-491
-252
127
152
267
-169
35
155
182
-11
-68
-35
-99
-80
254
183
-75
-342
-62
215
17
-26
104
83
6
152
-83
-329
-164
33
-306
-439
-28
-398
169
324
358
-485
-18
-169
-432
-558
-664
-528
-54
247
330
202
4
310
-100
-190
-565
1044
28
186
-101
-54
-28
-595
314
565
-37
-2
-26
330
170
-54
-148
-176
-115
16
-20
-315
-155
-31
70
453
-27
14
-117
258
-153
-147
-60
339
-126
236
-340
-1006
-184
221
-194
92
135
-377
-25
35
-181
-43
-12
-269
-242
-132
163
375
-48
-251
-220
101
159
-27
-150
-128
53
-120
155
0
493
450
232
-46
205
-36
209
265
-71
-219
275
656
558
464
164
286
173
883
1248
261
810
1013
196
659
304
-81
649
1074
-49
-42
-25
232
95
-103
-6
157
203
-17
67
69
-18
272
-66
-124
-157
323
-11
624
587
265
298
802
-3
392
361
-34
274
72
5
529
454
-207
79
441
-7
56
180
844
-54
-40
-7
-8
-1
361
215
12
-11
-7
-1
1433
358
-10
-12
-19
-24
313
-22
-13
-15
-8
314
628
810
-10
-16
-24
-26
1224
-6
184
-14
-17
-12
-31
-32
-17
-10
-20
-13
235
-13
-31
272
243
338
188
258
413
340
392
-12
-95
-168
340
373
145
-222
-172
-307
-33
339
-109
-304
-154
-322
-309
317
-104
-331
-238
-342
84
357
302
247
-303
-65
369
332
-6
-46
255
-62
-41
-219
61
-128
-367
-217
-178
-103
321
-356
-906
-815
-43
-72
399
-194
-467
-495
203
-66
-115
-539
-574
-811
-216
-68
484
-199
-165
-567
259
-116
445
-37
-360
-506
227
-174
188
-2
-526
-335
230
-203
-249
-290
-483
-381
-361
-245
-407
-931
-1027
-743
-613
-183
-204
-413
-336
-339
-26
-182
-201
184
216
565
-8
-157
-117
-297
520
16
167
-148
-210
11
-179
-271
207
-81
-122
721
322
738
-17
322
253
339
85
60
290
254
287
344
126
207
513
443
138
62
474
684
433
425
93
88
1181
211
501
332
276
803
87
917
227
393
639
527
288
14
660
425
657
20
24
129
680
6
-6
-18
548
60
-15
-11
-12
156
144
5
-27
-4
-9
-31
-6
-28
-25
-6
76
-28
808
-36
-26
-14
29
-55
-7
-40
32
-6
509
437
-126
27
745
2
207
456
1043
-15
-6
-185
-199
-200
31
-158
-275
-102
-28
773
714
807
167
-112
300
381
530
260
97
-132
-250
62
75
22
-94
-130
438
1331
183
1335
377
-105
-195
-301
826
-66
-119
-104
20
-10
-31
382
457
4
3
47
20
20
19
1
8
0
684
572
31
19
399
576
865
652
205
2
216
48
1065
62
373
2
373
166
38
524
620
0
25
72
48
82
70
56
213
553
424
10
273
6
16
7
211
140
14
1
127
512
142
651
1053
60
550
507
39
566
1050
0
55
30
52
29
62
21
460
778
23
1204
239
1
74
127
849
73
22
4
3
304
93
553
1024
-201
-82
-243
-83
-197
-279
-225
-133
-80
313
-91
-279
-209
22
573
746
358
302
-188
-94
55
653
224
-236
-214
-109
-47
354
-43
-87
-215
268
653
172
520
118
-207
-64
-16
442
-192
-263
-48
-28
247
465
466
119
85
244
1022
936
914
553
-26
-128
-241
-257
-200
-283
-32
-6
645
-100
605
515
-31
-139
17
-323
319
-209
-3
-329
-523
797
-127
-223
59
-169
-185
1103
-16
-352
-7
21
-48
-269
-137
-31
-1
83
243
646
637
274
12
467
488
242
395
328
46
-157
-228
-278
-228
-151
-34
338
753
1061
632
459
27
-104
-367
-118
-195
-191
105
90
215
-25
-108
183
-87
-92
-92
-187
-147
-62
-33
-176
-269
-82
-155
-146
-37
-86
8
30
410
43
-24
-210
-235
-347
-417
-188
-33
-140
-180
-90
-289
-132
-43
-186
-88
947
196
-70
-30
-59
-29
-132
162
276
37
-103
-410
-522
-518
-304
-181
-395
-730
-39
-212
-779
-83
129
720
966
580
60
-102
118
-626
132
-481
274
-109
71
-44
247
153
363
-110
437
377
-8
-96
315
-96
62
301
585
422
-118
148
149
253
84
64
278
163
63
121
211
227
-6
167
-51
7
146
82
-83
190
-1
459
205
663
-76
162
-14
-17
312
-19
-14
186
188
13
1610
4
60
212
-4
8
776
305
-60
-92
-64
-77
72
-30
-149
-34
-47
-60
-89
-67
12
-26
167
45
285
321
444
-24
-143
-503
-284
-314
-125
-45
-30
12
109
274
277
-25
449
58
36
-88
-1
-12
36
-137
-427
-132
36
74
-73
-43
201
73
-30
-46
-100
-111
-247
-84
-138
9
-138
-143
-225
5
106
25
268
-581
-158
-728
-170
-22
69
-341
-314
-433
225
21
-82
-16
207
127
-104
92
30
-14
-164
-315
11
202
355
350
-91
66
494
178
78
-95
107
275
-1
146
-161
1
-77
59
-161
112
89
389
302
-96
49
132
-274
-358
-349
-468
-267
141
-84
83
675
250
-91
196
-66
-300
-263
-85
-44
15
166
536
311
464
322
24
103
248
377
195
326
54
226
133
418
162
303
20
73
1233
3
1053
100
21
23
3
98
175
9
51
20
36
74
139
56
50
66
99
116
11
149
197
211
332
93
203
142
427
396
260
-291
-139
404
360
327
-177
-156
-87
433
400
597
-265
-50
-225
677
374
152
-232
-224
-294
-168
373
111
-52
-324
-105
-43
299
577
88
-310
-396
-71
-204
-122
-101
190
113
-136
-272
88
296
410
370
289
-226
36
65
-8
187
378
-237
-244
-755
-533
-728
-347
-293
-51
-208
-276
-150
-73
-284
88
485
56
220
249
-282
-182
-331
-443
-289
-127
-27
-14
112
-13
74
99
-34
-38
-127
-238
-191
-69
-22
-87
-155
-159
-98
-80
-28
-66
-40
-141
216
-99
-40
-93
-188
-74
-191
-125
-24
146
-81
-316
-139
216
-20
-57
-102
162
-195
-196
-5
63
25
457
241
-34
-30
203
626
1273
935
231
-30
487
764
1348
913
656
-42
-97
4
-233
142
-69
-27
613
1493
87
1370
448
-23
51
-32
-100
-150
34
19
108
21
125
131
150
-21
-3
12
102
3
87
-2
-47
-205
-512
-413
58
-10
-113
-284
-420
-273
-116
-8
-49
-203
944
-391
-352
52
-10
-363
-159
-780
-279
45
403
490
-598
47
656
-4
330
318
-393
104
415
-50
-83
2
71
-28
122
-66
-78
-29
254
124
-80
-94
-223
-82
229
37
-78
-87
-92
166
-227
189
189
-97
-48
405
-292
691
103
-104
-140
247
827
379
-120
-99
-91
-2
410
-65
-199
90
145
4
-21
-31
50
131
444
248
-42
38
128
250
447
91
40
-22
75
156
394
167
-262
268
499
114
907
674
272
760
1081
208
184
-332
-564
-344
306
235
339
858
459
482
33
381
574
652
388
571
618
430
557
322
444
117
621
396
320
100
196
305
388
390
611
1866
551
2130
145
447
182
85
278
41
240
419
747
792
64
321
294
396
647
184
204
205
349
-94
-12
114
310
99
-42
109
491
1121
1339
1368
873
-11
398
460
823
95
424
-51
-8
460
1249
785
878
45
523
1136
-309
1303
170
26
-78
253
192
-31
-224
47
-67
-66
78
-244
-246
-150
-408
-329
-370
-315
-340
-206
-336
-72
305
88
-343
-191
11
-584
-299
-612
-392
-232
269
545
111
576
497
-220
-104
-278
560
-503
-87
-194
-387
-235
-906
-430
-80
-221
-420
175
1183
153
-937
205
185
313
471
488
248
304
391
140
663
453
411
289
85
228
652
533
499
311
589
598
775
729
210
327
662
1311
1346
1039
304
308
528
716
698
847
760
229
40
47
535
77
851
283
216
-267
-418
-294
-28
255
-161
-166
147
51
-451
165
123
397
757
110
113
229
29
318
-202
328
-24
254
398
1197
434
1576
579
89
18
-106
263
238
-97
100
411
758
-62
693
958
14
17
68
72
57
70
11
32
9
7
251
40
4
0
677
362
743
63
9
71
154
252
403
262
30
112
452
268
769
12
39
171
331
205
119
5
39
149
528
348
1009
1157
-77
-106
-93
-112
-60
-109
-139
-157
-198
-169
-188
-190
-153
-129
-211
-20
-249
-61
-164
-188
-289
-531
-263
-110
-117
-121
-7
-460
144
-8
-156
-311
-77
-67
52
-336
-171
-301
-391
-545
-420
-192
122
73
16
588
276
33
105
167
34
620
742
38
165
99
51
626
210
185
131
282
328
128
366
148
123
30
119
70
143
173
130
242
428
213
81
161
139
67
234
557
482
99
-24
-47
-4
155
-8
-16
24
-34
207
-115
-64
-115
-69
-147
-70
-165
5
-39
-53
-94
763
-270
985
-95
-73
-253
-286
-448
-122
-181
-62
-88
291
651
15
-107
-86
-155
-298
533
-566
-395
122
23
-71
-38
29
85
137
337
123
1024
301
49
180
320
-166
-101
-253
180
120
283
-96
842
-152
457
127
446
353
231
56
400
168
-65
-137
-191
-167
-62
220
377
396
466
-7
-23
2
2
2
388
54
4
0
340
985
1003
825
444
1
244
1
2
3
0
1
311
907
602
1029
597
1
486
531
4
575
447
0
0
98
11
0
1
1
2
98
1642
2
5
-141
-88
-71
-52
-39
-126
-88
-36
-74
-144
-166
-34
-81
-136
-102
-122
-184
-61
-61
-103
-94
-302
-40
-61
-75
22
-92
-193
-97
98
-91
-76
-196
-226
-265
-128
-79
-32
-94
-7
-140
-218
94
-119
-439
165
-142
-293
-23
-285
225
1010
613
-260
-66
7
530
1183
544
-404
-76
151
245
1248
438
113
-90
453
845
1502
1133
664
-70
638
723
997
846
776
-18
162
549
1234
936
689
-181
-95
13
139
242
-103
-139
212
203
516
558
488
-161
71
-126
-262
-256
324
-159
-163
-121
-94
-17
171
-166
96
-266
-183
-74
-57
-159
-129
29
462
-64
-155
-157
-132
278
-159
-116
-148
35
44
134
78
134
159
128
268
221
269
270
329
84
187
101
110
182
373
79
236
237
472
267
230
112
75
337
1083
268
105
101
49
148
378
80
144
55
137
166
469
212
272
-41
-9
292
805
549
97
-16
653
733
268
686
979
-31
619
256
-12
128
1502
-35
710
257
1253
348
1080
-23
268
114
-82
-23
47
-30
-33
-15
-107
-47
-39
-29
-42
-39
-191
-66
-5
-45
2
305
271
245
32
149
398
-118
-261
-267
172
227
547
-82
-255
-109
938
229
924
1172
353
1013
701
246
536
40
-76
-312
-55
200
561
537
-102
-7
271
90
78
194
-140
-239
-332
71
80
318
116
166
159
362
367
440
97
26
685
203
17
110
244
176
71
163
112
51
334
49
204
351
10
608
30
294
71
313
71
2
335
154
82
291
105
2
66
11
45
-212
-204
107
235
265
-8
-149
-86
239
477
411
176
-124
-28
267
-104
415
471
-142
-168
-278
-333
-236
83
-169
-206
-219
-48
-124
-154
-138
-413
-337
-11
-284
-480
-116
-228
-327
-373
-354
-356
-232
-188
319
903
747
94
-171
93
811
524
739
646
-212
-155
-186
-631
-96
96
-197
-172
375
-373
519
-152
-196
-374
-62
326
255
-332
-209
-411
-522
985
-426
-588
-200
-437
-670
-374
-267
-241
-28
-33
-23
-6
-13
-15
-37
-50
-41
-26
-109
-115
-48
-121
-54
-67
38
-106
-49
-110
-40
84
399
-108
-47
-173
-187
-84
-220
-172
-37
-39
-56
-112
-196
-59
-60
-80
-149
361
-133
-199
-152
-95
-48
673
286
-123
-66
253
792
1144
1120
517
-63
150
-29
-89
-56
188
-76
342
-34
963
-140
587
-88
2
-115
428
138
-70
-65
-41
-86
446
-137
-106
-67
-102
-158
-283
-105
-150
44
180
-213
-343
-402
-141
27
-73
-293
-170
-123
-359
42
205
816
858
552
468
99
728
841
1158
515
945
144
534
422
825
68
407
24
606
770
327
554
819
-19
408
380
122
252
418
234
261
216
-58
-16
317
201
96
394
-283
89
471
199
-21
367
262
292
-331
176
-87
-267
-298
-394
3
159
189
534
-627
210
103
251
352
257
739
76
216
322
309
-41
1180
-3
266
-140
-90
-56
-6
17
-68
-77
11
169
-4
-61
142
-111
-46
-85
-144
-224
-6
-111
150
114
-156
-48
111
-113
81
-4
-385
-171
-110
-93
70
221
-95
442
-12
-72
-46
-1
-565
168
243
245
490
353
249
252
415
388
195
126
613
372
-50
293
-121
201
70
514
42
351
790
947
1975
1397
1407
357
50
438
865
408
-127
288
135
880
323
710
-145
288
82
128
-435
447
188
-28
-147
29
-31
-53
29
-106
-144
-157
-303
-262
-74
-50
-156
-497
-1028
-415
-379
-99
-197
-99
-937
-273
-466
-127
-315
-791
-350
-672
-517
-73
-227
-157
-69
-443
-344
-106
-133
-118
189
-354
-123
335
108
-8
105
186
-48
175
-67
-129
-120
-71
-89
154
-65
-170
-213
-171
-64
111
259
225
673
55
-126
152
141
-189
-5
-170
77
199
510
810
329
733
628
201
406
718
23
216
544
60
64
396
143
134
375
45
111
102
385
108
219
15
148
679
829
698
352
60
-18
-13
-32
-18
-1
46
-1
243
327
-1
477
9
-1
59
792
571
230
-2
107
142
-6
81
601
125
3
-68
-47
-59
-48
-38
-73
-35
1180
214
-83
-37
230
762
1318
918
295
-51
-49
-31
729
230
228
-52
-26
423
1381
1108
495
-45
-16
386
922
651
350
-22
-34
621
1379
558
116
-72
-74
-80
108
-20
-127
-14
135
133
744
526
-26
-19
168
-229
-147
-197
164
-30
477
-107
-230
-163
502
-34
408
167
340
-33
550
-18
-176
-168
-43
-158
-284
-39
-10
-132
-506
-349
-24
-112
-110
-114
-105
-164
-135
-145
-113
-98
103
-120
-254
-97
-71
-133
385
-250
-259
-106
-10
-66
-13
239
308
-106
-132
-162
-269
-27
-47
-112
-41
-121
-97
-48
76
-111
-165
-49
-47
40
-199
-18
194
543
457
400
376
74
264
362
-183
-64
331
40
25
-185
-258
-18
90
39
-22
-300
-662
-268
-174
65
-39
109
-156
1
-159
89
196
-128
-338
-300
-154
-4
28
-88
-315
-138
-220
-129
-84
200
751
343
-28
-41
321
470
346
-22
256
-81
34
-96
-327
-116
115
-78
-140
-256
-252
-65
-188
-78
-23
-90
582
-184
-95
-45
-30
385
132
19
-108
-54
-134
-56
409
-142
-215
-63
-36
208
480
392
-48
-72
-77
-135
-82
124
-75
-48
28
-200
-168
-174
292
-23
204
-329
-509
-412
385
-14
-68
-484
-663
-416
-168
-38
229
537
388
521
-38
-27
-27
-279
-734
-540
-99
-8
-17
59
-45
-37
119
-103
-173
-170
-158
-257
-196
-48
-51
179
-55
577
-50
-42
-91
-188
-43
-233
-157
-74
-53
-219
-147
-297
89
-47
-194
-145
-142
267
-119
-49
62
169
-467
70
622
-17
12
6
-148
-78
-27
75
57
-193
-440
-374
-105
125
170
-289
-146
-123
-77
146
182
-57
-693
-174
-108
105
44
21
-343
-290
-144
119
-35
-233
-62
-174
-103
36
95
-56
724
19
-256
138
-10
215
494
281
162
-22
-85
-14
-80
-5
-80
-18
-90
823
487
655
-19
-13
100
-196
932
-207
-67
-12
-82
-125
-108
-200
-71
-18
33
-1
-51
-36
-98
-24
-86
-140
-129
-216
-177
-97
-223
-233
-253
-266
-272
-103
-312
-145
622
541
-336
-129
11
267
726
298
-35
-117
119
-372
-218
-269
72
-102
345
802
1240
1122
739
-115
285
396
84
496
569
-80
137
253
-127
-9
320
-82
-55
-13
630
129
-99
-89
51
487
412
594
158
-73
-63
-67
-175
-126
-60
-88
214
-138
-161
-258
145
-83
-73
-270
-359
-112
-142
-73
-7
62
-32
-297
-162
-75
-113
-209
362
-381
-241
-22
-28
-8
-33
-20
-1
-16
294
288
437
634
254
-31
-11
-107
-91
-71
-25
-23
153
562
-81
1466
964
-30
-22
-94
-127
-36
-44
-27
-71
-93
-86
-110
-45
-19
-29
-109
-90
-151
-79
-105
-160
-181
-110
-121
-136
-92
-40
-52
-44
-71
-54
-84
-6
-193
-23
-206
-76
-81
10
-131
-73
-193
-154
-102
-85
-58
475
-118
-55
-94
-13
-135
-247
-172
-60
-85
-83
-66
579
-38
-161
-180
-253
-184
-15
-57
-166
-69
-110
-188
-69
-123
-124
6
462
141
-244
-37
473
10
423
-66
-90
-36
239
-45
201
-329
642
-469
-60
-35
59
-25
-217
51
147
42
102
245
-216
367
233
64
137
152
117
118
134
110
156
40
-5
-106
-36
-20
-26
-148
-128
-119
304
-5
469
284
113
295
1422
-11
-159
-121
-190
-154
-48
-32
-8
147
-8
-53
32
-25
-25
-109
-57
-119
354
-4
-15
-13
-1
-5
-13
-21
-34
-43
-59
-55
-49
-24
-39
-9
94
162
-28
-17
398
93
-14
468
-5
-15
-34
-37
1107
-22
-38
-17
252
-7
-8
20
461
-19
-9
121
1253
184
-8
135
-21
-99
145
87
-172
64
-8
441
1203
806
-196
13
25
567
534
1055
42
19
90
764
337
965
437
-19
-7
573
1047
1019
149
4
-268
224
1553
609
-281
22
-105
353
691
485
-242
-54
-20
168
-80
-22
41
-65
40
258
4
-115
331
-67
-109
144
36
55
-150
-59
-296
44
-162
47
-368
-57
-232
-185
-495
-91
-235
-83
-98
-38
1107
-229
-241
-53
-128
-321
-387
-189
-186
238
307
434
682
732
290
106
127
-122
-162
-95
-8
76
-26
-48
-122
-26
571
45
269
415
874
466
127
64
24
-179
-20
-151
93
112
127
249
-118
-163
-56
165
105
-22
-315
-118
28
13
111
139
368
122
-5
-26
16
-11
-181
-164
-24
-39
-49
178
-60
180
-5
-31
307
684
680
872
375
-33
-152
-317
-242
-224
-257
-48
42
513
235
44
-37
-89
-63
-136
-102
-238
-98
-264
-362
-85
85
-40
-299
-377
-437
10
437
384
-118
-298
-42
503
793
712
425
-342
10
447
719
554
431
-325
-402
23
653
320
-131
-291
-264
-40
114
267
182
-248
-470
-390
809
23
-398
-118
-128
68
479
379
85
-35
77
544
367
304
173
-136
-124
-207
-280
-245
-122
-127
46
872
709
1029
533
-102
-157
298
596
669
-136
-148
-327
-74
351
-72
-183
-154
-191
-27
104
281
-245
62
-46
-338
-4
-82
-240
-111
-217
-640
-171
-280
-716
-126
-229
-275
-15
-341
-58
-64
540
157
1125
408
581
-46
-232
-201
397
232
-135
-113
-21
3
-508
-167
225
-134
8
-28
469
-29
29
169
11
126
526
454
52
-79
-666
-26
1045
808
-801
-181
-792
278
-9
600
-561
-84
1
700
1147
1135
96
-59
-425
-250
914
507
-689
-87
-333
293
1760
455
-739
-63
-94
-46
517
8
202
-243
-201
-84
12
29
-134
-228
30
60
-29
38
62
-194
-71
-260
39
-229
10
-196
556
1076
254
872
603
-209
86
-242
308
-47
277
-179
-120
-150
211
140
-102
-127
-91
-114
-278
-131
93
-176
-189
-145
-150
-145
-146
-158
-187
-184
-231
-205
-196
-114
-80
-31
-41
-97
-89
-82
-187
-513
-62
-541
-109
-147
-230
-123
655
162
411
-165
-154
-255
691
425
-97
-159
-136
-87
-295
911
695
-105
-65
211
394
252
-55
-21
335
826
31
462
621
-44
249
261
136
164
554
-33
-119
324
-106
490
-222
-28
220
915
643
892
58
-43
-16
451
326
690
-142
-98
-132
-198
-383
14
-366
-13
-11
-46
-75
-77
-46
30
186
-45
-16
-15
-51
29
141
-4
21
-8
324
32
269
-84
-257
-75
216
-3
203
-49
-113
-31
809
32
366
787
-85
289
190
124
369
-7
-132
-35
418
-41
-71
-25
-87
-81
-70
-8
-28
-36
489
489
16
-16
71
-255
-270
-158
-52
-11
549
-121
-331
-209
850
-14
-3
-10
47
514
-51
-15
-14
145
-12
454
-37
-41
-48
17
-53
-2
-62
-115
-177
-203
-196
-199
-145
-105
-294
-304
-95
-209
-297
-146
-236
-235
-219
-149
-241
-128
-181
-168
-398
-287
-214
-136
-242
-152
304
-218
-384
-116
-109
-485
-295
-291
-64
-127
-126
-31
236
110
152
-75
-45
182
529
370
122
-41
-38
470
784
492
333
-56
-39
385
132
302
225
-12
-245
639
32
1112
-396
-5
-185
277
-229
399
-495
-50
-446
-380
211
-435
-729
-111
-284
-515
-412
-467
-444
203
117
343
492
367
223
16
-41
254
454
547
59
-82
-108
292
520
351
-159
-61
229
1061
392
1486
134
11
-183
183
1009
575
-241
-42
42
160
860
418
101
-73
-160
308
652
849
-59
-83
-146
-290
176
-112
-366
-7
49
75
259
-103
-334
-24
2
62
245
107
-68
66
300
506
761
172
86
-15
284
-40
473
-85
470
49
695
1172
1302
736
446
-4
219
719
1726
177
66
-47
-62
-3
101
96
17
-51
-49
-13
14
13
-60
-103
-300
-290
-232
-265
-281
-79
-27
-108
-559
-87
-12
-97
-231
-369
-385
-323
-7
-90
-207
-133
293
-159
-339
-86
-136
-359
-526
-460
-181
-196
-255
246
85
65
188
-45
-102
-34
-429
-418
107
-71
-93
-471
-684
-485
-371
-103
58
378
-939
398
95
-52
-380
-433
581
-304
-646
-18
-215
-505
317
-478
-372
-50
-276
44
732
-107
-456
134
28
90
968
722
166
246
161
139
425
542
257
270
9
360
343
204
38
296
712
499
387
768
195
277
111
243
709
288
21
295
433
556
221
561
417
187
209
243
255
346
617
-168
-217
-79
169
-111
-183
-137
-67
-87
191
-11
-76
-120
140
352
416
460
323
-135
119
-210
734
-96
459
-143
-135
54
119
82
-216
-108
129
482
-46
433
155
-161
-151
278
309
233
-268
-11
-37
-21
-9
-39
-44
14
32
402
880
832
220
-23
-64
-58
-31
-40
-156
-33
-173
-272
-236
-314
-233
-22
158
705
-147
676
166
-21
-151
-231
-83
-173
-164
-30
-36
-146
-163
-241
-126
241
262
22
-63
35
127
165
-35
-175
-102
-83
-30
151
-73
-120
358
-125
-105
254
-242
-90
389
-77
-165
187
46
179
-90
123
117
120
-41
-204
132
-90
-26
96
280
114
-113
149
796
-116
-92
38
-98
-57
-21
-75
-16
-17
-129
-125
-29
-102
-64
-128
-234
-182
-7
-114
119
278
-438
812
228
-91
-76
-129
-227
56
-17
-89
-122
-184
-208
-227
-92
-71
-64
-16
-66
-28
-100
-59
-94
-3
331
96
60
-22
-34
700
871
1069
423
-43
-35
-160
-25
-190
182
-77
-186
572
-302
727
-169
-39
200
674
1171
1109
158
-49
-58
-73
-35
-39
295
-58
34
-28
-135
94
445
-164
-200
-100
-406
-279
-92
-181
-301
-178
-348
-273
-191
-141
-294
-119
-38
25
-243
-138
-137
965
706
950
-214
-121
-162
370
-26
72
-230
-132
-293
-119
127
-22
-179
-111
-136
96
439
119
-96
-76
-21
-38
105
-22
-107
-154
-163
-268
-217
-255
-243
-188
-147
-299
-66
-380
-201
-184
-41
-183
-304
-35
202
-157
-193
-361
-569
-253
-293
-173
71
420
-379
-119
55
-160
-189
-84
282
-397
-340
-60
-144
33
94
75
35
-67
-184
304
299
-117
-91
-84
-323
349
607
614
-184
-64
-212
-297
434
95
-318
-25
-518
274
465
345
-587
-55
-21
129
347
142
-359
-126
-315
-575
87
-379
-720
-78
-87
218
148
153
60
-129
-113
-243
-413
-431
-35
-6
-16
-11
-163
-250
28
3
0
160
253
115
-334
-14
-172
-806
-286
-855
-399
36
396
226
-1328
-72
448
-14
2
203
318
-43
-380
-60
-62
-312
-196
-223
-118
-64
-140
-371
-199
-349
-488
-79
-35
-420
-150
-626
-254
-102
404
592
704
229
641
-55
330
27
-35
21
252
-96
140
-136
-301
-258
419
-85
162
666
513
597
615
-22
-28
-65
-16
-21
-90
57
8
47
-353
-225
-8
74
38
-77
-68
-138
131
100
335
-102
-478
-94
-163
28
-59
-222
1068
-195
433
102
586
7
-75
-46
314
134
-23
-196
45
17
34
231
166
-140
-40
-130
-86
153
68
35
308
140
-143
149
313
614
846
508
168
154
-66
-66
605
-69
30
133
98
77
71
193
489
161
337
344
-184
356
538
128
176
256
543
387
321
-43
-42
-44
-61
-26
-57
-33
174
112
-41
-44
396
-48
264
-34
-6
4
448
-40
-76
365
-164
745
-54
-56
-76
-149
-122
-147
-65
-49
-112
-113
607
-115
-153
-33
-88
119
583
11
-242
-126
-191
-111
124
-33
-167
-149
-44
420
8
9
192
-160
-176
-31
-232
-63
-357
-197
-147
61
-241
435
-50
-154
-143
657
223
520
-153
-135
-277
-360
-215
-296
-273
-169
-349
-252
221
220
-213
-137
-227
-95
583
154
-240
-193
-113
90
71
178
-74
-177
-120
-175
-303
-82
-75
-163
126
-204
130
-226
-134
-176
45
-80
49
-70
-6
-176
93
928
574
855
558
-179
-175
-64
272
-164
-91
-89
80
-159
-454
-289
5
176
154
466
519
634
345
60
-173
-126
364
-258
-280
10
-302
-77
-440
-315
-5
110
353
822
-807
812
360
-12
-182
-323
152
-606
-126
-103
-87
-245
114
-156
-301
-142
-173
121
407
419
73
-31
23
472
443
413
303
-67
-130
-72
-89
-30
205
-92
-127
123
388
370
349
-89
-285
-283
-102
58
-133
-46
-398
-139
591
440
-225
-33
-187
123
413
270
-197
-38
-37
-19
123
40
-16
-46
-44
-40
-35
-39
-65
-64
-123
-76
-66
-23
-75
-58
630
1051
1272
1160
12
-47
-46
-111
1346
-135
-76
-47
235
-18
277
-115
238
-37
-39
-62
-18
766
-30
-76
-73
-63
-28
-72
-87
-10
71
590
366
601
408
-26
327
554
507
825
156
-31
-59
-31
-93
70
-112
-42
258
745
615
990
385
-17
-130
-151
706
-6
-249
-31
-4
-2
582
-81
-110
17
10
61
464
91
46
37
102
159
241
262
185
15
16
235
1122
243
485
0
285
213
77
303
62
13
101
375
304
422
141
31
969
1383
139
1057
746
45
265
339
570
53
47
-107
-87
-41
-91
-71
-94
-130
-94
-81
92
-58
-137
-122
-96
-121
-151
-107
-33
-112
163
-14
-111
-76
506
-134
-97
-216
-192
-150
1
-146
-83
-46
207
-121
-115
-116
-96
-92
-158
-118
-142
-97
-20
81
-89
-40
145
-20
170
-54
-283
-235
76
-15
-78
-365
-557
-387
-179
-17
102
392
-24
141
185
-10
-44
-220
-127
-243
-211
-18
-131
-235
-81
-311
-223
-35
-35
-217
-381
-205
-35
396
328
2
3
1
1
296
81
3
6
5
2
313
56
4
10
5
36
375
229
1
2
4
0
296
0
9
7
13
0
354
354
571
0
0
0
314
283
1
2
4
221
-134
-129
-27
179
-46
-98
-150
-75
333
437
588
-6
-167
-8
101
549
381
111
-135
196
328
1013
412
450
-114
183
608
-84
942
-65
-162
-349
-82
403
213
-364
-194
-131
172
-167
127
-129
-43
-19
439
267
312
247
-9
252
-8
149
204
142
-17
-1
-76
-32
-75
8
-15
535
1268
-10
1400
909
-11
22
-28
-83
-4
-20
-10
-22
-57
-104
-58
-24
-7
-15
-43
-80
-47
-49
-6
-46
-9
-74
14
-20
-33
-30
-1
380
239
248
-13
359
247
-55
-5
576
-8
425
556
139
742
582
-30
-6
-113
837
-47
52
-23
198
-92
656
-144
83
-23
-11
-27
-162
-29
-71
-114
-54
79
72
-47
30
-32
-164
-318
-262
-305
-233
-17
-109
-221
-34
-138
-74
-32
-85
108
-378
-66
-84
11
-354
-447
-299
-349
-476
-9
-88
18
-207
-112
-39
-37
-131
-307
312
-384
-182
-44
-61
-24
259
12
-13
-64
-115
-88
-158
-201
-156
-60
-220
-247
-268
-264
-272
-61
-53
-124
-100
-156
-165
-52
-60
-229
-237
-215
-114
-58
249
434
-248
69
365
-74
-72
-37
479
-106
-165
-24
-34
129
422
121
-10
-76
242
828
933
728
462
-64
222
167
623
407
404
-97
-3
18
-281
189
86
-55
243
953
-16
1093
452
-29
-182
174
196
186
-138
-16
-45
360
595
-2
-209
591
251
244
31
226
510
212
-7
-67
-116
-91
-39
139
-21
-17
74
156
-45
138
417
-44
294
-23
348
146
-70
-108
323
-119
-37
151
-9
-69
-13
-2
63
96
-10
467
567
613
-11
36
126
4
123
172
56
7
203
2
379
230
328
21
208
154
140
49
278
11
214
439
1484
449
626
44
54
339
608
570
152
59
7
316
4
35
310
41
34
141
181
474
573
-33
-68
-216
-42
-117
-150
-36
-174
-168
-5
54
-328
-60
-209
-175
-564
-307
-324
-53
-121
-130
251
-246
-165
-53
359
562
-213
634
123
-51
-12
-145
69
-109
-57
-62
183
110
-263
287
890
27
6
201
579
442
98
82
114
161
4
128
178
9
119
130
72
29
429
35
71
415
248
330
20
74
81
201
739
451
470
6
336
23
1331
651
152
62
15
153
400
418
478
-3
21
87
77
-1
-2
32
135
285
-3
105
228
26
-2
-2
-11
-7
69
19
-2
-10
75
-20
-6
19
-1
-9
717
-14
-5
82
751
753
-10
349
425
56
214
-9
-1
-10
-2
96
101
131
81
100
160
100
116
129
115
156
150
91
21
327
627
726
675
77
19
176
734
235
41
99
31
206
626
218
295
83
463
974
941
686
541
67
193
94
711
127
56
-110
-88
-31
477
226
-90
-54
42
491
1351
1141
104
-43
-47
-36
-95
-186
-161
-71
-270
-266
316
-273
-75
-59
167
392
418
735
-11
-40
-135
-246
42
-239
-114
-5
-44
-164
154
-254
-86
77
34
-25
-173
-74
-39
-52
-97
-307
-271
-332
-154
-41
10
83
-58
11
192
-46
-272
-246
6
-201
-3
-46
-211
-427
243
-448
65
-48
-273
-273
61
-187
-110
-22
-62
-128
-297
-171
681
197
113
101
144
136
6
84
272
356
237
474
382
107
247
251
280
2
332
81
-18
-697
-434
-610
-161
88
307
457
232
427
434
86
251
560
-202
389
141
57
12
-31
-25
-358
-244
140
70
133
-99
-46
195
-78
-76
-82
-23
10
-204
-58
-91
130
410
394
-130
-25
56
361
-290
319
-105
-57
-39
585
395
288
-186
-34
-82
130
829
416
-114
-74
33
430
722
45
107
448
358
667
355
565
562
76
39
105
65
78
81
142
25
40
144
20
41
191
25
177
261
177
8
129
283
148
123
193
194
81
102
568
38
565
670
203
264
65
273
56
1061
-122
-71
-115
279
-42
-61
-206
-313
-242
-112
-257
-375
-160
-270
-74
111
-156
-243
-178
-107
-348
-20
-201
-20
-182
5
-206
-196
-158
42
-185
343
341
376
282
371
-156
-111
-54
-344
112
198
-60
-48
-26
-166
-90
-39
-21
-14
-99
-334
-237
5
0
-12
-304
-292
-362
-235
-1
-34
98
-186
-154
-172
-16
-127
-290
-24
-352
-182
-10
122
-350
-60
-431
-15
-20
39
-129
-170
20
-38
-182
-65
-65
4
-94
-137
-77
-7
-124
17
-119
-71
-76
-6
-137
119
-154
-11
-81
-83
27
292
-109
-28
-79
-208
-490
-158
-567
-284
-51
142
-110
-468
-374
23
-49
-89
-234
54
-503
-325
-15
-219
-76
166
25
-216
-168
-362
-139
-67
249
-326
-132
-174
-234
-522
52
-180
-144
77
449
-424
125
-165
-134
-178
-53
915
-16
-277
-85
-197
-54
471
149
2
-106
-175
531
216
440
-36
-106
-80
-6
288
179
-35
-105
-60
-128
-74
-91
-121
-96
-77
-78
-92
96
-48
-72
-131
-245
8
-177
-136
-88
-34
-99
299
-212
-116
-78
67
342
-25
79
236
-84
81
284
-41
-33
-36
-29
-61
-190
-214
-179
-165
-103
-169
-375
-96
-138
-209
-76
-28
-8
281
-203
240
-71
-5
-236
33
-399
-183
-77
-19
-422
246
-385
315
-96
-91
60
-217
-61
33
-47
-67
-30
-441
-167
-62
191
203
155
7
-16
207
134
-52
-78
-66
-54
-111
234
-34
250
-14
55
-60
234
-22
-122
-82
-153
-136
211
180
-90
-13
-80
205
204
358
465
-34
577
202
172
157
-94
-387
-78
421
125
60
94
186
241
-13
285
556
515
1014
940
857
262
437
-219
-228
-212
791
213
472
359
450
201
564
210
574
431
921
588
982
332
-75
-304
-223
-292
26
358
242
129
-187
-94
337
15
37
54
379
166
19
63
89
22
197
121
106
53
106
368
696
135
68
52
151
231
224
247
74
52
137
9
315
307
43
66
113
46
1394
526
124
70
75
66
124
16
263
3
81
370
294
281
290
33
70
235
545
194
260
93
339
568
729
264
525
71
-76
-185
-242
-136
240
68
-5
-8
98
305
601
80
-72
-290
-317
-294
-75
119
184
-107
-531
-29
410
95
74
453
222
461
307
-35
113
572
-156
85
1004
-13
-139
-301
-343
-290
-380
-31
-297
519
-265
986
-312
-48
-244
-344
-716
-187
-225
-30
-206
-225
16
-57
-262
-5
-219
-336
-151
-82
-87
-69
-67
-42
-139
-85
-14
-99
23
463
-132
7
586
-109
32
-11
-92
-19
-107
-109
-239
-210
-443
-287
-276
-97
-7
946
-184
567
-129
-89
-132
-104
20
-151
-272
-114
-164
262
39
234
-150
-40
-28
-174
150
12
-183
-119
-96
-90
436
135
-159
-200
-75
343
893
419
347
-221
161
-191
1419
197
605
-184
-222
-4
-16
451
-68
-229
-118
543
435
551
128
-185
-268
103
508
452
-232
-147
-130
174
497
318
-65
-101
285
896
882
891
665
-71
29
-35
-23
-76
85
-69
72
638
389
448
69
-75
204
509
-181
481
-56
-64
-127
0
530
90
13
-91
-158
-194
258
-262
-448
-121
-78
-327
-99
-225
-144
-341
-292
-352
-285
-50
-270
-324
-138
700
1076
212
-5
-319
18
-51
873
137
241
-297
220
-9
-74
136
584
-353
-147
-576
166
-143
112
-344
-254
-180
-842
447
862
-41
-49
-122
-74
-133
-119
-82
-212
-234
-137
-158
-257
-50
-188
25
402
182
-215
-24
-154
-115
359
-168
-249
-50
-170
-292
-224
-217
-162
-51
22
28
520
260
-83
-32
-82
-171
-105
-39
-30
-65
84
233
417
346
162
-99
83
-59
559
112
-87
-166
-77
-12
-240
169
-55
-140
331
307
32
675
952
-140
-44
-284
656
23
-83
-160
-65
-64
313
-56
-122
-129
-72
-96
-362
280
-25
131
104
-10
-133
-117
84
151
-98
-189
-77
-206
-164
127
-144
-97
-163
-21
-181
192
-87
-221
-5
-332
-113
148
-126
-181
14
-123
-80
106
-39
619
-49
682
98
120
175
136
-90
31
741
156
148
100
175
163
110
91
203
626
665
570
385
59
45
423
668
440
390
42
738
289
700
366
961
34
144
333
114
550
27
103
331
1043
534
546
868
160
158
385
688
18
344
-27
-51
10
-2
-9
-21
-36
-40
392
-27
463
62
-35
-68
-46
-50
-42
-73
-28
-54
-61
-108
-52
-96
-36
-25
560
-86
749
41
-35
-19
-25
-106
-18
-14
-41
-9
-44
-28
-10
-39
157
282
291
39
182
426
244
380
-113
-191
-325
385
313
460
-72
-273
-74
686
255
510
435
-517
633
768
245
-77
-266
-26
-310
-206
275
62
-249
-242
-340
-57
293
162
-31
415
-335
-259
367
377
288
-157
104
339
150
17
-437
-594
-240
98
48
25
-53
-245
14
76
108
296
-12
-478
3
522
68
156
-424
-861
-454
245
45
117
-30
-715
-225
207
138
419
218
-783
-197
570
-105
-45
252
370
517
86
-54
208
110
-214
-12
154
-41
119
-224
-522
-228
413
-54
383
-167
-439
-130
632
-53
20
-475
-157
-339
377
-61
-121
-357
-231
10
99
-76
-90
-223
-662
-28
-7
21
9
251
218
365
111
27
30
35
107
8
395
16
310
499
377
924
101
20
61
477
78
636
23
20
56
70
139
335
121
19
55
135
962
2
56
33
39
40
809
603
52
-44
-105
-36
435
289
-26
-69
25
206
331
307
19
-80
-31
-126
-236
-2
39
-81
281
-66
-107
235
628
-102
279
-2
38
475
264
-96
-20
-98
-40
-116
30
-93
-90
628
-1
385
-124
-155
-120
-117
11
-42
-170
-41
-19
195
-265
-134
-4
-22
-15
-112
-243
-51
105
-37
68
-263
-425
-677
-240
-33
-65
-277
-355
-402
80
-35
-47
67
-256
-224
-250
-50
-145
-225
719
-546
-432
87
-34
-106
-18
-19
116
-74
-215
-216
152
-38
-335
-76
-373
-58
148
-5
-342
-72
-89
-153
332
-221
70
-77
-122
-45
111
232
139
-69
-118
-220
112
-82
-104
-28
-78
153
244
453
36
11
-32
254
780
493
23
-40
-53
411
791
812
101
-38
-18
615
734
393
221
-48
-292
-309
-554
-240
-262
-58
-47
317
-169
931
344
-56
109
686
471
543
29
-53
-25
-128
-141
-457
-111
76
247
-82
353
147
-136
167
423
94
-99
-217
197
267
501
11
-3
89
221
250
475
-466
1119
-939
115
234
379
-322
1162
-616
125
221
791
693
680
446
680
132
422
344
-125
201
697
45
-7
52
-44
-46
-15
140
58
382
66
403
303
72
268
443
334
437
410
71
142
-94
148
-203
81
143
201
748
440
700
120
148
0
-14
-73
-23
445
145
309
-6
334
-216
443
205
120
200
210
300
164
237
74
383
1240
698
-208
277
-112
538
617
426
-415
243
-134
428
1194
278
72
245
-248
-59
497
562
-22
305
-190
170
993
614
-469
374
-4
-526
-567
-215
-357
6
13
70
9
135
14
6
354
612
604
408
488
5
318
37
23
43
472
3
136
18
151
7
716
6
15
382
28
0
19
3
52
51
63
4
41
9
43
32
9
76
61
-51
-45
-55
-1
-48
-59
-86
-45
-55
92
-50
-6
-75
-61
-187
0
-254
-42
-88
18
-99
366
-135
137
-74
-2
-92
216
-22
277
-90
486
899
-296
131
1003
-96
-41
250
576
376
290
-153
-149
-148
-267
-227
-162
-87
-142
-41
-136
-73
-11
-71
69
13
-63
-25
-16
-60
-107
174
-155
127
-58
-66
-101
-63
543
-191
-139
-71
-67
-412
-149
-569
-91
-71
-109
-72
518
365
-220
60
175
-62
334
332
14
134
66
-57
-150
167
-174
92
-200
-63
-323
-199
-203
104
-232
-158
-282
-158
-481
116
19
-207
-332
-117
-63
83
-52
-80
1255
331
-216
100
253
-292
-699
-370
369
-2
82
239
72
58
109
-44
85
327
-37
27
370
-56
-75
163
-42
256
-39
-57
-114
-427
-367
-503
-176
-67
-139
-110
-182
-79
-104
-51
2
548
148
544
199
-42
-133
-39
229
-68
-328
-125
-126
-51
-60
-37
-138
-83
-88
-249
-318
-157
55
-76
-48
-396
-768
-479
-70
-33
248
129
-124
-263
-89
-46
102
-411
-440
-670
-305
-58
470
262
-105
-225
330
-116
209
-64
-29
-201
-89
-40
-25
-76
448
310
-43
-53
-33
-46
410
408
-124
-75
63
274
266
479
380
-74
191
-49
1298
190
1176
-71
-56
-12
61
-4
165
-69
-153
-119
2042
381
-117
-44
-128
52
673
527
-52
-49
-14
-111
-9
-11
-120
-38
120
-137
-27
-38
-32
-30
164
-114
366
-77
238
-25
310
187
1226
-52
191
-15
498
-1
-146
-8
447
-6
115
122
-223
-148
-23
-10
160
495
725
112
325
17
128
15
-13
-16
101
-36
-128
-174
-308
-265
-181
-38
-191
-211
-253
-139
-250
-37
-132
-288
-236
-374
-93
-33
-127
-242
-279
-373
-152
-38
289
289
536
-40
-42
-61
49
-30
-385
-160
282
-52
-61
-82
380
193
-113
-92
-8
319
544
242
-39
-112
-74
-158
-92
-130
-127
-95
146
1383
-107
1665
-60
-96
-141
12
355
3
-114
-94
-80
6
38
-97
-126
-86
-187
-187
983
-76
-218
-81
-108
-84
-67
-64
-119
-95
-96
403
739
721
154
-124
-63
-3
43
84
-55
-121
-124
-146
-184
-81
-25
-123
-15
635
-66
1273
232
-116
-75
-139
49
-111
-93
-91
-101
-78
-40
-95
-100
-33
-11
-33
103
98
44
107
175
233
-6
53
191
121
40
-271
-303
-288
-149
148
209
978
-61
707
81
95
-21
-215
69
-145
-68
81
503
439
56
-61
9
-1
197
-8
433
-34
220
119
-108
53
419
235
91
-68
-145
-45
196
313
-132
-109
-294
-711
-57
-551
-570
-111
-81
-285
-1077
-267
-145
-87
163
618
-538
972
395
-74
124
417
-824
442
474
-80
-75
237
-10
135
-112
-15
-12
-16
-19
-18
-19
-33
-55
-89
-91
-117
-108
-22
-85
-1
-33
-14
-140
-16
-69
390
-125
334
-104
-22
-97
-188
-27
-109
-36
-15
-29
-98
328
-57
-36
-5
-38
-65
593
268
121
-234
-219
-65
508
183
-161
-144
-114
47
250
184
99
-160
-21
-227
-298
-169
370
-160
-214
-147
-172
39
-201
-152
-203
474
185
378
-323
-154
-350
-112
-83
-207
-499
-174
-201
-316
-567
-269
-219
262
295
162
93
79
105
44
40
-63
-128
-58
-50
95
341
766
944
380
693
108
339
-176
422
-200
349
107
114
-16
-129
-24
532
26
550
1150
-87
1143
797
50
80
-5
-64
-42
-57
-8
73
296
401
436
-1
-17
-10
78
-14
148
334
-23
-8
693
268
562
57
-21
-6
-38
803
-52
506
-17
-13
-1
-115
-22
190
-24
-30
-30
-42
-39
-31
-23
109
-3
-78
35
239
-26
-78
-143
-68
-79
-198
-122
-113
-166
-190
-306
-369
-81
291
682
799
621
333
-65
877
679
196
946
776
-100
215
426
886
-78
221
-68
243
262
448
506
94
-27
-144
621
1525
981
-286
-137
-75
-56
-480
-156
-47
-209
-105
-25
-479
-257
-1
-145
258
246
549
101
393
-153
-264
-502
-1518
-583
-621
-165
-116
-478
-682
-576
324
-168
-120
-375
-97
-459
-267
-152
-14
-371
-508
-353
-49
-49
67
235
-83
225
-87
-6
-89
-179
-746
-319
-156
-101
-94
-336
-577
-144
-129
-71
-285
600
-266
954
171
27
-118
268
-643
-122
-684
-69
-345
-579
-20
-223
-170
-157
-92
-237
-805
-97
-317
-88
-189
-139
-57
-76
-123
-85
-54
-134
24
-178
-169
-79
-177
-354
-293
-391
-132
-71
-40
-101
-99
-2
-97
-97
-16
-191
1367
-176
493
-66
185
146
-469
-238
349
-59
-48
-166
224
-200
-95
148
43
42
35
-174
60
94
334
998
592
686
596
70
616
900
1144
1015
161
45
-158
-1029
-345
-443
51
3
326
1112
963
1292
815
51
68
-286
121
184
263
98
-40
-225
-420
151
-64
-107
-180
-131
23
-198
-171
-130
-208
301
530
303
203
-159
171
833
1090
1121
338
-184
157
-468
360
-239
-55
-141
-273
-133
1062
-387
-190
-127
30
-288
106
0
271
-125
-135
-44
126
326
415
122
81
140
448
334
48
-66
27
-272
-296
-313
-213
-81
-196
-378
-176
19
-296
-59
995
632
1522
766
786
46
145
-257
-297
-395
-123
4
137
255
-360
496
353
-102
-10
650
411
560
325
-63
-79
-96
-39
-36
-53
-145
-234
-200
-233
-128
-125
-143
-138
90
167
-37
29
-136
-130
245
616
-30
-249
-134
-40
-84
-163
-8
373
-128
-117
-15
-214
46
-42
-122
-120
-116
-253
233
112
