-236
442
1305
-869
325
1595
-377
-1055
-912
-2055
-503
436
-225
572
-352
-144
656
1315
-373
1609
1126
3316
1211
427
-25
49
-909
-915
-962
91
-5
-325
-632
340
-192
1236
593
803
-437
394
-238
-37
-130
-145
-1268
-1384
-1218
-23
-71
-498
-1851
-2759
-2090
-2255
243
1339
229
71
1038
1324
591
474
-2399
-4696
-2455
-702
743
1681
710
-160
792
1184
1145
970
-3514
-2383
-2142
-40
879
275
478
-996
1968
888
-439
-621
-803
-420
-923
-95
-1068
-256
487
505
-321
-190
-750
-1065
-395
-227
969
-1024
-419
-1003
719
748
955
-2061
97
-1158
-985
-651
-710
-1043
-40
465
2958
-1497
3013
548
149
608
593
2818
-118
128
-92
-146
-502
2980
1641
-919
654
1236
1178
1513
1397
306
502
-1073
-1298
-3279
-1591
-241
126
-1823
-340
-379
2113
-1150
394
151
-1268
3300
449
-82
-305
983
840
1513
-15
286
129
165
-604
-1606
205
628
299
763
393
507
362
301
170
-123
693
1102
1347
380
-39
1191
-681
41
-312
1401
400
57
2570
5285
3256
199
612
2440
642
121
-680
1908
809
-1887
-2270
527
218
-2208
430
-9
-1117
-2376
-1509
-646
-1129
-1087
-1011
1157
697
-1380
-1016
-176
1130
1917
1604
299
-771
731
-1114
-254
-393
1278
-441
2090
4172
4825
4043
2060
-615
122
1345
1788
1645
704
-177
-431
-618
1134
-1821
-1010
80
519
-113
816
226
1096
2
-506
366
52
445
49
408
-848
2439
813
957
784
93
-198
857
2398
1713
-933
803
-993
2611
2786
3043
-672
30
-305
875
2693
757
549
800
178
1164
4571
3019
282
-386
281
1199
1065
235
640
-209
-246
-29
-90
-158
343
-2
576
-300
66
-4
1056
-523
-769
-133
-1533
-1619
-1934
454
712
-562
1869
-1062
1057
-429
-1053
1432
355
1740
-1324
377
-200
2053
2659
2012
-421
589
-524
468
-634
686
-1047
271
792
-794
-261
-194
-443
438
105
-288
-1260
-185
29
239
-716
1625
-1891
1561
-196
-180
644
-622
3085
2406
2664
-222
32
38
1210
2045
517
434
-718
-1788
2821
-370
726
235
242
-139
-62
317
65
535
1096
1088
2206
2115
723
303
617
1568
1541
2262
780
238
344
-686
1557
-201
1005
-514
-143
-2603
1666
-1182
2018
59
-1799
-4682
-863
-5570
-437
-618
-947
-344
-2637
-1589
7
-813
-554
-39
1800
-1531
-337
-1014
581
691
379
479
214
-276
-634
-606
-2204
-2003
-1640
-88
1773
3072
1635
1256
1649
-347
967
1271
1693
2257
1853
-288
-529
1918
-5979
1906
-1833
-854
1717
1847
-626
236
1110
-449
1542
1831
639
651
952
-595
-361
-267
-1103
20
-482
228
1066
1707
1731
2004
261
493
197
703
-947
451
-860
-198
223
-118
3600
-438
-678
221
3740
3398
9642
3309
3547
-333
-36
1137
2080
-809
-1090
-1325
-1241
-1620
-1385
-1205
-1606
-321
-280
368
-399
-121
247
-501
-833
684
-1631
-1202
962
-1107
-1469
595
-146
496
-2055
-364
-1123
-550
320
-2000
-1098
-234
313
825
50
1246
-597
-282
-1064
-2414
-2600
-1854
-1762
-500
-472
-1581
220
-1447
-910
-138
212
-1201
1119
-344
132
72
-54
-538
1195
-115
1010
-452
-51
964
1359
1118
572
188
-1182
-1019
1048
-924
6
99
365
713
-3207
-2563
-578
721
-362
545
-1823
-465
-1832
181
-635
-506
-2146
-1327
-1316
-53
814
1113
1410
1276
1411
471
1365
1887
-708
1063
2783
366
2070
2318
659
1262
3084
-94
1063
925
1263
1878
1877
-618
-179
-2277
-1343
-1324
-360
-573
-634
-1692
-3406
-2830
-1455
290
652
897
392
1377
-23
-70
-693
-205
301
389
-172
-7
-165
-1348
-332
-1052
75
-116
-448
-185
277
-327
-1099
-152
-1275
983
-1611
421
-2984
440
-1711
-146
-1532
-884
-1676
-459
-3
436
1988
2654
1105
862
1171
-730
1050
336
-147
150
-735
-443
-1020
-805
175
-194
-818
-1880
-341
-649
-1658
-555
452
-1593
-315
-723
135
-183
217
8
-904
1229
1733
-957
-1019
-565
409
36
190
-441
-182
493
171
-1173
-41
-496
-857
1613
1365
646
-7
37
-287
-917
841
616
-630
-302
58
-1586
-2211
-795
-245
58
398
294
-1835
370
238
-247
549
2372
3489
847
-971
325
1490
2283
5937
3620
721
387
941
2265
-48
749
-676
-17
221
2276
1782
1435
-463
-503
302
-78
1223
428
-135
-566
789
62
400
-1363
-402
-837
328
-1124
-763
513
643
-290
2767
-1161
3094
-544
441
-466
-298
-1214
-251
-1066
197
49
-201
-1667
-3856
-1380
-1019
-152
-422
271
-431
-778
-1339
357
-499
-516
-1185
-1144
-43
713
-1255
-2036
-864
-894
-2133
144
-1912
-664
-3456
-577
-2559
391
-258
-620
-2449
-500
388
-124
-1233
-1571
-3230
-2542
-2413
556
2367
-2076
79
-1498
2470
781
1436
-1
1315
446
273
28
178
-63
-250
129
578
857
-790
-818
-649
-1136
-967
786
-2191
-1305
-2074
-3853
-3457
806
-1650
-342
-3389
-519
-1305
362
-1974
-676
-893
1841
-2848
-6
-627
-3230
-1594
-4001
-924
181
478
-1335
156
113
634
113
143
509
347
-248
1221
382
199
868
77
1026
840
313
-319
-1257
96
-344
-421
164
-315
-1308
659
-286
919
246
-1595
-2650
-1616
-1974
-541
448
539
-209
1024
-1406
-1175
139
-498
-176
-1151
-1186
-1341
-60
865
-917
-343
-1061
-466
232
829
-809
610
14
-127
-381
-552
-1484
137
-3265
561
-294
431
-1247
-1472
-1978
663
-582
58
2568
477
2602
1251
319
137
1529
2251
1263
-122
260
-1188
-120
699
-1104
-1665
508
526
767
1531
833
958
288
585
1288
-1852
-962
1022
-69
-248
3041
1230
3362
12
295
-45
-613
-333
72
-223
692
-753
3369
3264
3286
215
503
2144
-57
1575
57
1577
1
-1113
-1673
-1279
756
-391
772
-263
-433
-721
-839
629
387
-418
1682
-415
579
-85
466
-998
-2151
-2006
-2506
-1386
716
-51
992
-3252
421
-2163
-157
581
-160
-2196
-1296
769
319
-169
554
-1753
-1339
-616
272
-960
-167
533
-280
-1826
-255
-803
110
-717
361
-174
-131
-647
577
377
695
-1753
15
-753
2655
154
2262
-1047
926
2365
6247
3044
4634
2156
-224
-92
597
3053
-346
571
-389
-755
-2610
-504
-789
-1278
-372
-382
368
5
-24
-666
-17
-122
-269
115
-38
-173
107
113
450
-920
359
-1135
-277
-1223
-577
-2665
-496
-1537
-319
-679
-3814
-297
-3191
-1664
-115
-1695
-2318
-5839
-735
-3053
-602
-657
984
-167
1528
-1736
-152
-547
71
1487
224
-1207
1099
127
-2864
-1439
-1994
-1550
529
-1790
-883
-532
1238
-2581
135
-1526
-841
-620
-525
-1686
273
-1687
-2360
-1303
-2439
-964
-170
473
-1941
-1431
-802
434
579
41
-124
1822
-221
-1746
107
70
136
967
-777
-69
-246
-964
-845
-360
-693
-469
-71
116
831
1059
630
-466
570
219
99
783
-832
-418
475
834
-722
-154
569
2283
185
35
-2151
-4151
-1729
-823
284
1431
-1182
-1775
-2438
3138
-150
1212
1723
-1083
-137
415
-685
-216
448
-1111
-143
95
8
1331
1776
1475
2296
64
304
415
-790
-3585
-2164
-1469
124
1296
-2411
1073
-2561
529
547
1376
-757
-474
-1503
138
-1275
-194
734
-3621
1007
-779
-839
1423
127
-202
-248
449
569
519
988
-662
313
274
-96
578
1133
1167
1395
926
951
1809
3488
3294
3505
1905
420
-1074
-796
-2029
-1178
-1149
25
1244
590
-1227
967
3379
783
-921
969
-241
2230
-279
362
535
343
-993
-98
-479
137
848
143
-209
587
326
406
1686
482
-669
-260
210
366
1000
-795
-210
-1326
-596
424
1427
-578
160
-3137
1463
567
1411
1331
444
1171
2341
579
795
-1388
-653
-1610
1072
639
-142
-86
-588
-553
342
-514
-100
-788
-1217
-1270
-498
521
93
-576
707
243
-1087
635
-924
368
-2543
1405
-569
396
-64
-1234
-1510
-2917
-1058
210
-52
-702
-3849
-1389
-378
246
1301
-1205
2072
-1485
1467
10
598
297
-45
107
79
117
556
384
2528
969
31
113
405
1097
647
496
808
-53
-123
-504
-1388
-1922
-1618
-968
1271
2690
6046
3321
1845
-771
-85
2004
2436
2359
996
-687
-1423
-1671
277
-1241
-1330
-611
-434
-269
-1267
-1839
89
217
-177
477
-68
-3
-91
528
951
1635
2353
2847
2065
623
1169
-111
-737
91
1159
326
-693
1830
879
2316
-501
499
451
2379
-1415
2958
-1849
-409
304
2634
-1823
390
-2293
-594
-312
-881
-3322
-2039
-1232
262
-486
88
106
211
206
842
620
-262
-966
-980
363
630
-138
-763
-198
-955
870
-123
-3156
-5082
-3867
-5591
-1916
58
-1490
-306
-4366
-395
-883
175
-1056
-3897
267
-2832
-1387
1185
566
-416
1300
-234
1188
730
998
-606
214
-179
326
198
400
-403
1683
1230
-358
15
-1755
-851
3077
-136
-1688
-502
-869
-2726
4270
-2534
115
-280
799
-2567
-2126
-1477
753
282
-422
-2187
-3678
-2794
-659
925
150
641
1176
454
545
263
359
771
1256
612
257
-508
356
308
1211
795
-262
-1391
-1227
-1535
389
-1374
-582
-1124
-231
864
-522
2505
-37
-714
-2237
-1253
-1192
-432
-650
-455
499
911
2108
808
1293
-385
-713
-1234
229
-1027
-1532
-313
-182
461
-1895
-75
812
-269
-4
-1340
-1535
-1977
-901
-109
-858
140
829
289
-909
893
813
-861
1728
960
609
324
567
662
2975
1294
2169
828
1349
517
-394
1225
666
381
533
1214
2994
614
-1619
1393
-247
83
130
287
-300
860
-280
-1706
5
-458
-1338
381
-994
-1146
721
-1186
-702
-329
105
411
1557
680
154
-131
-282
-693
-75
-959
391
-16
789
286
-653
-408
3223
290
-516
-279
-1845
-1146
908
910
1147
256
3205
640
892
487
-965
-950
1300
-148
-1456
1085
386
-1303
-254
-1021
644
761
1731
1502
689
1204
777
1045
316
2201
-223
1687
-506
237
325
-1353
-969
-1765
-1163
584
992
-1691
795
-1830
925
-373
-532
-942
693
480
-623
-409
-1367
-1262
-353
158
-203
-1241
30
-167
1574
-604
-164
-367
-1524
-2412
1580
-3119
-1961
-967
-1615
572
-603
157
-2178
-1114
-466
778
-1119
1193
-1216
-1595
-126
-425
-605
491
-74
458
-150
-1452
-3127
-2556
-895
678
384
564
-1974
995
1639
1265
221
-331
-2129
-921
-1384
1772
676
736
1115
-686
54
74
-2002
1215
-3639
752
-2250
1566
471
-1198
818
156
-422
1046
-236
-1883
-3174
-249
122
232
442
326
1108
679
940
-394
-535
-282
-159
-1370
164
-31
385
-187
52
312
-160
-179
959
-1195
5234
-1414
1728
297
985
2602
-238
2344
1725
37
-2059
844
2106
1934
151
151
286
949
-1837
-454
691
-1139
-1972
-1503
-992
-1419
-2153
-1084
329
2302
3402
69
235
-592
280
1247
864
549
-1464
-215
480
-237
-689
-1447
-349
-97
-214
400
135
-1452
286
-359
-503
-2835
1439
-187
362
724
-127
-729
1124
537
949
706
423
483
2007
914
159
205
-1107
-1743
-825
-1623
-2506
108
-1411
-566
-321
1263
-940
664
-288
-1503
-4018
-319
-1090
759
505
-1631
-550
321
309
397
-343
-790
-1533
485
-1211
509
715
2339
571
2062
-245
-648
-1460
-175
823
-16
-888
-526
-796
-165
1236
95
-628
5
206
1384
2322
2050
742
106
-156
1795
-985
1704
-1945
627
2014
3487
5336
2385
1959
219
-854
2747
3607
3519
93
-176
73
918
-1000
369
784
-857
129
-941
277
-1002
-920
189
1805
1512
1589
2324
3542
-51
2530
1241
3600
662
2348
117
2147
-493
849
40
3209
-90
349
455
1173
1495
1546
21
-130
1444
-1567
1011
604
-123
-615
-399
-333
884
250
-772
-667
-634
-10
-224
-43
-1190
-2264
-2046
-1008
-1761
-1500
-1149
-292
-1791
-443
-2415
-538
-1230
-627
-3865
5030
-3658
122
-418
438
1465
2237
1056
438
-831
5
-1015
-60
-1478
-1120
-72
332
1276
891
-1144
-410
-775
-484
498
1048
387
307
-977
-480
-1643
-3415
-2582
-1286
9
1010
1513
47
1015
39
33
-553
2282
-1599
2173
-325
93
-1137
1472
-1610
950
-1340
373
1070
412
-2393
1603
-223
-15
847
1044
1518
1121
39
-1353
-1305
-1856
-2707
-2454
-1843
-1444
-522
130
1275
-539
-875
-885
-28
392
406
-204
-1510
-242
263
1039
27
840
-634
-272
551
2866
-3684
2786
-966
-330
204
2502
-992
395
-627
-189
706
815
1619
1022
-349
82
785
1359
3106
2484
1015
160
1643
596
-1435
-704
299
706
1754
-781
-196
-1513
1253
236
2174
1603
3556
434
2029
139
-1832
-1490
-6306
-2794
-2150
-16
193
-491
2472
94
1576
157
1429
1349
791
489
582
919
-574
486
1209
1174
571
-255
-288
-322
206
-1372
-478
499
-210
218
-1381
-581
-319
1381
412
1295
-1062
581
-776
-18
82
2297
3106
3539
1789
30
345
485
-1458
2013
168
-31
405
1678
2341
2614
627
59
-469
-1495
-213
-1135
-1931
43
-59
16
-196
-962
-270
76
1748
324
893
667
614
721
1032
-186
141
960
506
218
-1265
-1840
-4338
-2333
-923
-75
-2525
-3323
-3700
-3020
-3403
1135
-307
-2819
-1618
-548
1834
480
71
56
1018
770
-469
369
51
1741
2397
2861
1123
-237
639
1036
1753
437
889
-145
1589
569
1280
1699
762
-248
2639
1936
3820
3160
2733
-170
961
-1133
1466
-3000
-226
383
1067
783
-1251
-866
754
-64
-168
-1177
-478
-1175
-274
985
275
971
225
1203
-741
677
-373
229
-1731
789
-950
1479
-1570
261
-2059
-160
-1455
1371
-1279
1491
-2695
1184
-1829
376
-943
-3867
-4203
-3671
-2061
-331
148
-1529
257
-2858
-509
-52
-163
1184
974
356
344
417
196
2211
2374
1506
1084
1097
862
2368
2859
1796
1043
309
-729
-179
-980
-149
212
-685
-2368
-250
-2386
2138
-143
-327
-1515
1089
-1124
33
-2087
-686
-2375
-1729
-2603
-584
-1740
-890
-1049
-472
-238
-233
27
-1612
-1735
-1809
-735
-366
-2313
-1149
-1607
-130
671
1592
-1342
-1242
282
2867
3202
4787
363
-102
434
1025
1107
1129
1550
-451
597
724
-1135
-163
390
-266
681
1990
3703
1611
-1301
-6
-112
905
240
842
807
-387
1400
1317
57
995
3051
-42
677
290
-811
-793
2419
-493
-759
3106
-922
3587
1435
113
-117
-1139
-4779
-2521
949
-736
-2228
215
347
236
-1734
-251
-1738
-406
-679
680
152
314
297
-1148
928
-448
-941
383
290
-852
1019
-865
893
-291
232
-1670
-1245
-1559
152
134
-279
-800
-1442
-1551
-306
-553
-1214
-1417
-1976
-293
-796
-383
-1065
-143
-895
-807
-500
201
1068
-1356
24
-2041
-260
428
605
-578
736
-288
-575
-59
657
309
2072
909
-1041
816
953
182
1795
1173
-1078
564
1883
266
3342
108
2400
-34
1496
702
-3625
-635
584
307
-414
-1448
-698
-1122
-709
79
144
576
152
-880
-402
-179
818
480
1416
1130
192
-183
-996
-2017
571
-1907
-2322
-268
-867
449
-645
-19
660
-227
1296
598
4359
1804
2190
-1155
-2336
-2326
-3107
-1408
-1901
629
561
1130
2712
-189
70
580
314
483
111
-328
-828
-496
-2198
-1256
-1192
-1061
-1099
-1162
-152
-1224
-1412
-2319
2023
-1878
-236
-2294
-388
-309
1128
-1931
-2229
1616
3903
2231
-5
-1422
-1780
-827
1299
-776
-1969
-655
-1393
2490
2488
2597
-551
-452
-835
-614
-485
-1943
-1179
-858
-217
1371
772
1280
692
-493
677
-261
-1420
-409
857
-185
-382
-1651
-4799
-2915
1250
-392
1550
-58
-3465
790
1261
315
870
-1005
-785
-1469
-820
-96
-247
-2480
256
-2543
62
-130
181
1093
-4
5
783
370
382
957
-202
398
-43
-1
-823
-294
-2097
-1239
44
-285
-97
-1140
-593
-2282
-297
-92
-1778
-470
-5740
-645
-1213
7
-813
-1043
-6660
-604
-1533
-360
998
-137
807
-1637
-142
-744
560
-743
-805
-1187
-524
971
-63
-1433
-1347
-1755
-990
834
-1635
-2496
-1900
-1242
-2568
791
-1074
-2671
-686
-3029
-1918
439
-3517
-4166
-3784
-4664
-4277
664
-2541
-2489
-2160
-3454
-3516
803
-636
-2976
2325
-3237
-1213
1057
1377
531
-953
-1063
2143
-7
994
-406
1371
1081
639
-785
-1364
-1779
-3088
-1698
-588
-544
-492
-1748
1244
-3178
11
-585
-88
1440
3497
3552
679
509
-357
1004
2448
431
-520
-742
16
1666
1412
-809
99
167
46
-993
-969
-777
-1093
452
-15
1048
631
-326
816
1424
1263
-84
1817
-798
913
800
413
-544
-1325
171
913
845
1439
479
3276
1446
3147
1322
140
2219
2861
2689
1006
1352
757
885
693
406
979
950
310
1325
-474
145
280
-610
117
-504
-1609
-872
358
16
841
1177
2848
2752
1216
-248
-1000
-3279
-345
-2720
-38
-1064
243
957
1378
686
109
-469
730
-938
5353
-997
124
-1147
192
-1464
-368
-2309
1041
-547
88
495
-624
645
253
608
-235
-741
-1777
-1342
-701
18
275
-199
2986
1827
-648
-308
-1102
-1638
-1696
-1857
-494
-482
-1769
-4005
-1311
-2858
-545
-877
-283
-61
-676
-227
535
-207
681
479
-739
-298
415
516
-538
-812
-81
-672
224
-745
-1679
-2250
-801
-1587
-1809
-1168
-1812
-1693
-812
162
-2255
-1644
-2161
-882
-2666
-2095
-1571
-1063
610
172
2538
-611
688
-969
48
-42
-801
-1493
-317
-1416
-1044
174
-285
902
-206
-973
-337
2240
1141
2010
264
650
1005
887
1417
744
178
178
8
-865
-1070
-1451
-19
-256
-125
2021
3143
-7
676
861
-950
-1427
-1851
-1862
-2385
-796
-1831
-5475
-5119
-5534
-1012
-438
-125
-1188
-2871
-259
766
854
1273
722
-1606
1622
1922
-1018
-235
-1134
-1198
-1079
-1503
-1115
-559
-480
-843
236
-331
-307
127
1293
5542
1368
1537
-793
-1242
1971
-586
2527
-1755
-363
-705
17
2029
-8
-387
26
233
738
-908
-32
135
-637
-1177
-1901
-2376
-2069
142
-808
-660
452
983
692
829
-415
-824
-320
-51
-169
791
-885
-526
-1500
-2524
-1364
-255
-448
232
193
1128
-652
3
-557
-1054
-1012
-1656
-204
-568
-189
220
538
881
575
-47
339
355
-73
1127
1524
1748
935
1179
1694
1581
1521
756
1085
1088
1337
-139
566
10
812
1129
-212
2143
-997
968
923
2066
-3247
1469
-2764
2786
881
-288
2458
609
2291
-427
1137
1213
3140
1518
1562
-800
217
167
-343
-1314
-2229
-222
-581
-40
-699
-1637
-967
-979
-880
231
-1298
-1891
-209
-1274
-716
-832
-441
-1105
-494
9
-256
547
1288
-1456
1337
67
-721
1185
-1457
-2354
-1417
960
-285
-607
689
-3465
-654
-2356
46
-235
1326
-1448
1428
-1076
-715
708
540
1325
1316
893
161
576
-38
-70
900
506
-537
-231
-2557
-2775
-3739
-1522
-101
57
-219
-237
-1401
1655
-385
-685
-1597
747
-1077
-1674
10
-1713
-2742
-3161
-2687
-2278
-367
274
-543
-923
-551
1008
423
-365
-966
-2007
-1517
-204
-204
-400
-261
704
87
-1798
-510
-189
-508
487
-820
-1904
-363
682
1862
-632
2254
410
-98
1272
-896
3574
-83
420
77
-976
-1139
-3374
-499
73
114
579
-582
-92
-951
614
371
-293
-670
-964
-1387
-1014
-48
-1007
-749
523
554
-1495
379
162
-601
-669
-770
-1609
-72
-155
-505
-4327
-1940
-449
399
796
1259
-976
993
-119
634
-180
579
-344
1303
95
20
-303
-1253
1097
-42
1251
-514
-539
8
208
145
-58
-334
66
-54
-1616
573
1407
-128
896
-437
312
-1420
765
-290
-1254
-3257
-4733
-4555
-719
-291
179
-1597
-567
-2098
-230
-542
1080
1038
-2654
945
78
-760
219
-435
-2890
142
17
-194
223
677
854
691
-740
-23
515
-338
2059
314
-1055
351
245
857
463
905
1355
-8
1058
681
1217
589
701
-402
1195
2552
3242
2773
1741
-809
-637
475
-3023
73
-1529
-405
-1632
215
1732
531
-1581
-234
-454
-710
180
-637
-715
28
-1234
-1454
-1176
-1469
-1978
162
571
1182
41
577
225
123
-955
321
32
-1542
-365
913
149
-62
-149
-583
1360
242
-1203
1788
-1234
2432
-430
759
-320
-365
1956
-1270
-569
402
-241
863
64
410
-80
178
659
920
1882
1660
-189
-188
542
-32
198
586
455
-366
3218
5278
432
5557
3587
-122
-1403
948
6
1814
-677
38
1340
369
540
-619
582
110
-561
-297
1787
-2
-426
668
-355
817
1332
870
1237
1598
2399
1241
2824
11
2579
1444
2033
-183
3089
-644
1273
1075
1111
409
3526
2193
828
1095
3037
446
2215
-124
3431
452
-1206
-389
-2735
21
-1078
1007
-603
-1615
2878
-445
-549
489
452
-1090
-370
-598
-646
7
259
-709
2419
1362
-84
-806
-827
58
2007
-138
-529
-1682
-1556
-3601
-5683
-2227
-2898
-998
-1467
-1850
-1429
-1086
-893
-913
-1385
-717
-67
-304
320
32
-571
430
1022
1319
-19
259
500
-807
1106
394
252
613
356
-594
172
-156
803
-14
-1032
-3040
-1663
-872
-87
-111
-892
1352
2465
1109
-1325
1140
-1110
1265
1762
752
-1381
-317
-1478
1260
-2023
1410
-1010
69
125
-1487
3289
-1029
1031
582
775
-696
1557
805
339
191
1577
840
-686
-312
1882
-30
-284
1183
-502
383
221
400
-513
650
1492
1406
-752
136
-389
-885
-958
-1527
-1977
152
484
130
801
-371
-1289
529
888
-1511
-1213
-800
498
-312
175
122
905
540
34
559
697
1064
142
478
-62
-40
135
1487
-1552
2007
-359
653
1281
1102
-894
1845
1671
281
-888
57
-3679
608
-51
473
-426
-683
6
93
-1491
380
884
-979
-1545
-138
-606
-157
1013
1987
697
1501
2559
-420
1095
-222
-1976
-1848
1778
-395
1803
602
1251
-152
2223
245
2375
2266
-1193
2477
2753
-314
1273
1869
1329
2406
734
-172
-421
1706
1440
1427
45
-11
209
397
-1309
51
458
-219
-370
-1224
-1308
-1823
69
-168
237
-265
2088
461
-25
-167
767
915
1195
2303
-102
-459
-268
-2980
-2349
-1911
1540
-275
1949
1534
3732
862
1912
253
608
-148
-361
1310
1228
-236
1023
1304
156
-67
1557
-20
109
-346
836
232
30
-226
388
-1139
-1060
-813
58
-109
1086
-997
438
-1325
2178
-126
-3
-414
-3536
824
-665
625
-1212
-1411
-2350
-660
788
-693
110
252
-2549
898
237
125
230
-864
470
-725
-326
-12
608
-373
-970
-844
-757
-575
978
254
3291
2039
284
-641
-273
370
1815
1725
878
-429
90
-1103
-729
-698
690
-669
-1110
-2513
-2634
-3320
-986
-587
-150
312
1750
675
154
-444
-1156
-1941
-3120
-1419
-1815
466
-26
-361
-331
-450
-572
-240
195
354
-1422
-994
545
-89
1806
535
876
1697
862
0
-970
-728
-2213
435
-1313
-32
-335
3142
2931
4059
1229
-218
-616
-1165
-1691
-523
-1747
624
-316
-1024
-162
-629
-532
-10
349
789
-887
-944
598
-323
-1857
-2250
-3107
-2658
-109
-95
-1411
-2190
-3044
-3056
-1936
-10
-2356
-3423
-4706
-2643
-3152
494
-215
-1185
-3239
-3209
-296
474
106
453
-1425
139
-697
1262
906
-926
-128
352
669
-234
-63
1439
1465
1913
1175
40
630
1785
1542
2550
-444
350
-495
1420
-396
822
1685
-223
-2272
-2104
-1547
-2120
184
-584
232
1432
3186
916
887
-98
-171
-1320
651
-1972
1211
-898
-133
1271
-2410
-474
1373
377
810
1325
1322
1252
1576
9
-13
-413
-2939
-1847
303
-150
-1974
-2578
-3672
-333
-1742
275
2089
2027
2622
2375
-182
-14
619
114
1036
251
-251
-79
-1054
1355
1011
207
-681
-746
-1310
-704
-1724
-612
-3287
-669
107
-761
552
116
-526
-978
158
684
814
477
-329
-657
743
364
221
642
1706
-1014
240
-87
1043
635
1531
-915
1474
3392
-10
3184
2805
-325
2313
722
-358
-771
729
-523
1254
1972
-1216
1953
2051
-323
66
-834
-2509
-2499
-99
-733
-968
-1594
-2951
-2652
630
-196
22
-1133
-1679
-325
1156
-583
-3654
-5583
-6397
-5777
-3133
-659
-620
-220
-4760
551
-901
-631
-1941
-1611
-4895
-915
-1614
258
381
572
-2356
468
562
103
-762
-382
1215
972
-578
190
-289
448
916
1770
570
59
1551
2875
1938
4200
2226
-121
2122
447
859
2127
2350
-586
1705
2787
3126
4124
1881
40
236
2299
1416
2133
460
449
506
1019
-1625
-7
1214
-665
943
1022
1760
1229
748
-70
1001
-871
-1114
-1258
-317
-248
-860
-1964
-2259
-2342
-845
-410
634
2770
3619
3143
-92
403
39
-1460
2735
-3108
-279
-417
624
-470
-3827
-1231
2139
-540
1131
-528
-195
342
1496
-7
-92
30
907
299
387
-271
-525
641
606
2010
811
-483
-398
199
986
58
719
-461
-1737
-1218
-933
-1916
-3329
-349
-1941
-169
-5939
-179
-837
-1179
-1493
-1255
-2043
-2048
-1652
-708
-414
-1260
-3483
-465
1652
-40
500
951
1496
1694
1133
577
1036
1441
-834
-915
92
41
304
-1916
-2888
-2220
-1352
136
2783
1025
-1410
2424
2620
-117
205
-2863
-1902
-3454
-91
627
-123
-2762
-4221
-2352
-289
983
34
191
-307
-381
-518
-127
-629
-987
-279
-756
-984
-176
-410
-1587
-712
373
-1490
-99
-727
-2452
-1663
-1914
-1042
-664
-2087
-4190
-6769
-4619
-4184
-237
-2812
-5052
-10760
-6812
-4127
386
-1065
-1567
-5129
-3138
-2719
689
-27
-1357
-44
-827
-1255
-97
80
321
685
272
-146
-453
483
-242
528
-1406
262
-441
2623
3213
1572
2614
3897
-641
1797
-46
2222
-190
1955
-586
-406
-474
-491
-220
912
-70
-229
-276
575
-657
-357
220
1236
2402
2192
1124
1326
-447
-7
-498
1827
686
-528
444
963
934
3825
1214
-217
498
906
-306
2808
761
200
840
18
837
4083
1870
2500
-9
-920
-1979
-550
-235
184
-35
-376
-2583
329
-1558
391
364
103
1126
3719
611
-1585
-48
-161
552
-376
681
-59
-484
-467
-850
-1850
-1278
756
-709
-1077
-122
-1841
1160
-1867
-9
11
2120
1829
3123
1184
-642
-1521
627
-2250
551
-1527
-493
-1777
-2785
-905
-3836
-1700
-601
-974
-35
-310
1608
322
920
-194
-656
-2298
-1006
-106
720
49
-2310
-4310
-4264
-739
597
-937
-2786
-5275
-2315
-2062
379
-1566
-1360
-2151
-1455
-2543
-12
-2099
-2612
1503
-4162
-2187
-7
-429
-1767
-1433
-784
-648
361
178
742
1619
1929
714
296
461
-107
-620
180
-412
181
94
-371
-1118
316
-2185
-187
-188
269
81
887
-599
-213
20
-1983
-709
-1040
1145
319
1055
1463
1511
1994
-317
409
-125
79
1200
1223
-159
-107
873
-44
-1034
-1808
591
560
311
-926
-2862
-2567
-3
689
1123
1774
436
799
1178
-113
-234
-172
-1889
753
-1945
457
-678
691
-3785
-31
-462
-47
435
-1401
-2867
-1377
73
548
1367
-1096
4845
-1348
317
328
633
176
2026
-1384
-521
631
-195
346
1769
1078
-368
-437
34
737
2357
419
171
1217
2656
1408
481
1227
3494
849
1473
4004
3018
4354
1623
183
1859
2805
1228
2905
1856
-63
-1052
-1011
1344
-397
-372
-477
-1643
-164
-801
664
-73
157
594
300
-73
-403
-712
244
120
829
-687
-499
1449
136
2102
-783
220
-1107
-1
240
-1436
511
-3925
-1764
-3906
121
-111
-1304
-1609
-3448
-2499
401
995
-835
-1051
-1218
700
-444
171
-311
1775
-270
-1946
98
542
11
-1509
-1322
665
101
1545
793
1039
739
1184
-356
329
-1639
-456
-2329
-211
-120
-847
-418
-1735
-1095
-1588
-50
967
1242
526
186
1291
-166
442
-929
-809
-2365
150
100
566
-460
2261
-121
580
-794
-770
-327
-963
-358
-590
-621
-318
-737
-2872
-1247
-1997
-445
-609
-633
-906
899
-259
-1096
-2765
-1283
-5462
-592
-2666
-1558
-2279
-4003
-2560
-2713
-1976
-1346
-903
-609
-2415
301
-987
931
1102
1291
1756
1473
895
40
155
-489
-511
-892
-236
515
662
1079
-544
288
869
-512
-315
222
-163
1579
1551
75
580
-2656
2989
-2387
194
-438
786
3258
994
1114
932
-379
-349
-578
4078
880
23
-298
-203
-302
-724
-289
-710
1161
639
-516
304
-278
-103
1564
38
-1017
-793
-1179
365
916
372
1118
1005
1873
658
1147
-1966
3722
4983
4457
55
673
-731
-437
-1381
-742
-1630
305
1114
2082
4371
-246
1237
784
414
-40
-808
453
1158
-567
234
468
840
574
848
-483
-139
-1568
775
-488
-30
-768
-16
372
949
1355
652
-693
-878
840
91
1401
-8
-116
-178
-917
182
258
-987
-156
196
548
536
-624
810
17
599
-109
1255
-21
1192
-263
-384
84
254
491
-112
-749
-862
468
768
271
-49
-1340
-1329
-1560
-2547
-813
-671
-1399
-2146
728
68
2861
-1688
-506
-1058
-1527
3217
97
-632
-1216
-1810
754
1692
-434
174
-1026
-164
528
-843
-1552
-742
510
-42
1576
442
604
102
757
1056
1452
-851
-119
2423
818
201
-1955
-2686
-1642
-1873
1136
1535
877
2775
1386
249
1609
2262
1934
856
990
2779
1041
318
521
-1499
157
88
182
800
-334
-676
-1254
-1131
843
826
1007
2451
1252
672
95
-413
-712
251
-188
-619
708
43
-263
1790
-912
-54
475
1443
1225
2135
672
877
1265
-108
-371
3362
-100
-139
311
406
1672
-1228
2179
781
356
-149
-1947
-2286
-1918
-1304
-1189
-363
284
1166
810
-89
-1785
-992
544
1582
1346
308
-1434
-167
1719
2367
1791
356
-322
59
663
-2321
171
-1741
-1282
-635
750
-1489
-317
-1265
-707
-1457
-457
-769
742
-2310
-700
-1173
-1336
481
-1163
-1052
478
326
70
-460
-127
301
808
-123
421
55
-903
-33
1115
-129
409
946
514
-491
1033
63
2670
5081
1707
-1716
821
182
-2931
1904
-2632
595
256
-753
79
244
-981
-1797
271
665
514
-13
846
1739
-968
-724
1387
44
939
984
-1647
-790
819
627
-63
1392
-2412
457
695
720
2260
-103
-1757
-2076
190
-1617
1441
-415
-1947
-1085
1178
797
1595
-244
-450
581
71
534
737
1775
-542
692
166
2504
177
602
-1118
96
1260
2235
1898
870
-748
-1043
-481
-1842
-740
-675
-1279
-53
-1740
-2264
-2264
441
-251
723
310
-1603
1112
1265
-925
-1165
-2094
-1568
-2440
-962
-582
284
1804
-94
1789
527
-221
-185
872
1998
2085
1037
-236
23
-1318
-1773
-1114
-918
427
789
776
-692
918
-411
328
605
-1384
-3138
-2406
-925
391
1103
-2606
-3437
-2593
178
151
678
-2514
2362
-2524
1524
400
-1325
56
-136
-566
2
899
331
507
-1465
465
703
327
252
398
1583
1032
169
315
649
264
1125
128
627
184
1010
-2736
96
-3979
-626
-618
-1114
-519
-2450
-652
-620
-99
-202
-2126
-3333
-1425
-2069
120
-899
-1231
799
612
-2329
530
824
-517
-71
246
653
94
718
913
2182
1410
628
-17
966
1424
4630
1804
2131
-553
-50
-1919
833
-378
-1031
-436
-480
1349
1601
1554
-622
-53
98
-777
1585
383
349
-449
-1025
-914
-1971
-2915
-491
-309
-1513
-2044
341
-245
-2102
-589
-587
-559
658
-371
-661
-805
-1479
416
-1427
307
-1821
-345
-1271
410
-366
94
-1426
-1317
-1465
-2374
-803
-2601
-1660
-215
-888
-1476
-3107
-1547
-1200
-1110
-1213
-1655
-231
-1317
-1880
-882
-841
531
-201
1083
-741
-755
-609
-1861
-1510
-1801
-703
-584
-395
1420
864
612
-49
-565
-633
760
-270
-166
-1226
-889
-2978
-3866
-2193
-4070
-3563
-1114
-1128
1786
950
2061
-1387
-374
-1138
-2056
-198
-2814
-1274
-30
858
170
-2813
92
669
