-0.026286
-0.031789
-0.304479
-0.180058
0.064853
0.052631
0.122170
0.013668
-0.035852
0.166180
-0.063383
-0.152900
-0.063103
-0.038626
-0.270426
-0.110413
0.156499
0.120415
0.008645
-0.182061
0.128085
0.133750
-0.271877
-0.036550
0.089407
0.133369
-0.162812
0.027749
0.006746
-0.138952
0.050655
0.142319
0.051159
0.033015
-0.018871
-0.109926
-0.082239
0.014057
-0.154372
0.004255
0.090984
-0.008689
-0.006862
-0.125025
0.194194
-0.070896
-0.204249
0.005250
0.196892
0.132108
0.056969
0.027510
-0.095614
0.105910
-0.182359
-0.083572
0.157709
-0.084930
-0.044954
0.065894
-0.112993
0.173185
-0.165190
0.262270
-0.248743
0.250369
0.017191
-0.481326
-0.099029
-0.074169
0.002058
-0.026144
0.069528
0.091393
-0.027278
0.132834
-0.037498
0.053865
0.036788
0.082162
0.086795
-0.041339
-0.084712
0.053617
-0.238181
-0.113886
0.169030
0.008099
-0.003299
0.199394
-0.055545
-0.120589
0.124979
0.084936
0.017970
-0.081202
0.130625
-0.089641
0.168696
0.007309
0.132062
-0.098948
0.006064
-0.126018
-0.135590
-0.252233
-0.222142
-0.263576
0.213794
-0.205893
-0.059461
0.023950
0.105657
-0.010454
0.045132
0.240952
-0.119210
0.044612
-0.083362
0.192148
-0.137205
-0.053994
0.178188
-0.007243
0.023925
0.065129
-0.201018
-0.007121
-0.108652
-0.174341
0.152855
-0.179400
-0.047599
-0.023201
0.086256
0.123152
-0.005674
0.032779
0.175615
0.117648
0.045584
-0.063950
0.093032
-0.115182
-0.112560
0.009229
-0.062187
0.093358
-0.041698
0.193452
-0.098645
-0.010828
0.085543
-0.063313
-0.043421
-0.024611
0.017665
0.116627
0.167102
0.065895
0.109489
0.241904
-0.086974
-0.048479
-0.016232
-0.068471
-0.052692
0.008904
-0.072772
0.049636
-0.118328
-0.045301
0.035633
0.009587
0.036119
0.205991
-0.014002
-0.217773
-0.013137
0.125414
0.159082
-0.029603
-0.185167
0.146924
0.009846
0.072354
0.093575
0.157836
0.014498
0.373488
0.121870
-0.133546
0.171328
0.039530
-0.040333
-0.021852
-0.166120
-0.313759
-0.162321
0.124410
0.069496
-0.104103
0.107829
0.190332
0.008348
0.095217
0.241911
-0.026960
0.161085
0.100396
-0.135801
0.140088
-0.006301
-0.001717
-0.042267
-0.055819
-0.072444
0.096085
-0.051062
0.102830
-0.085097
-0.085123
-0.009597
0.005711
0.081004
0.063486
0.093877
-0.041468
0.068971
-0.049340
-0.026490
-0.007244
-0.101880
0.022476
-0.005913
-0.076773
-0.020133
-0.047724
0.013535
-0.038929
0.105782
-0.050197
-0.102652
-0.036083
0.040514
-0.088054
0.134139
0.040655
-0.057252
-0.086387
-0.010700
-0.145568
0.101371
0.131591
0.158781
-0.116841
0.012395
-0.061426
0.030841
-0.135584
0.005599
0.082444
0.372055
0.063128
-0.235128
0.119135
0.026524
-0.245036
0.090971
0.043919
0.113932
-0.322299
-0.049605
-0.025262
-0.211744
0.148737
0.120198
0.040177
0.008028
0.093929
0.083088
-0.215558
-0.022701
0.040280
0.005647
0.127854
0.070813
-0.106148
-0.028963
0.045537
0.184700
-0.047738
-0.004885
0.060279
-0.036726
0.049770
0.052380
0.035910
0.040151
-0.105986
-0.258072
0.200990
-0.051679
-0.001533
-0.001229
0.024306
0.046874
-0.050947
0.040432
-0.023508
0.129726
0.019106
0.210533
0.003367
-0.032586
-0.087770
-0.272419
-0.029205
-0.143167
-0.031438
-0.088869
-0.041856
0.097608
0.130497
-0.019023
-0.066725
-0.045495
-0.090050
-0.100389
-0.061404
-0.158617
0.201157
0.006753
0.152638
0.017536
-0.091256
0.003582
-0.143325
-0.047739
0.126377
0.095732
-0.006103
-0.220268
0.005393
-0.117001
0.050329
0.030399
0.106483
-0.043630
0.093827
-0.110615
0.002367
0.084345
0.071605
0.114105
-0.001106
-0.056767
-0.002310
0.086411
-0.237194
-0.163731
0.037745
0.042739
-0.046798
0.091212
0.034611
0.147095
-0.077198
0.188584
-0.239378
0.158037
0.024183
0.152652
-0.083630
-0.126239
0.059740
0.171259
-0.035608
0.003855
0.083889
0.008707
0.060579
0.023631
0.096418
0.242842
-0.051989
-0.257086
0.066364
0.101883
-0.006579
-0.073914
-0.019631
0.119123
0.056654
0.059153
-0.087248
-0.005696
-0.101753
0.151860
-0.197735
0.104986
-0.071464
-0.055249
-0.005126
0.023940
0.082325
0.024412
-0.023987
0.015696
-0.138266
0.066210
0.191800
0.052674
0.063520
0.150908
0.216019
-0.031966
0.093199
-0.169256
-0.026752
-0.023581
-0.080119
-0.119983
-0.084247
-0.071596
-0.131267
0.038990
-0.070753
-0.001681
-0.223799
-0.043115
0.071517
0.140774
0.010810
0.025140
-0.074878
-0.179895
-0.055730
0.086294
-0.103316
-0.058544
0.021159
-0.018641
0.035534
0.056641
0.185599
0.041186
0.017753
-0.086329
-0.026345
0.023611
-0.154748
0.022417
0.081879
-0.015342
0.026908
0.061689
-0.072953
-0.171814
0.149983
-0.017025
-0.101486
0.019575
0.123538
0.126936
-0.022587
-0.214932
0.028179
-0.015039
0.129437
0.122150
-0.003202
0.027599
-0.066089
0.165516
-0.024626
0.010416
0.051796
-0.121082
0.117672
0.188008
0.028467
0.055389
-0.080292
-0.101599
-0.006240
-0.024742
-0.014959
0.005311
0.056665
0.025849
0.005511
-0.112695
0.054705
-0.111184
-0.028002
0.205672
0.123395
-0.142025
-0.021441
0.085105
0.073584
0.052224
-0.030461
-0.000677
-0.023349
-0.041542
0.080016
-0.071601
-0.067988
-0.029517
0.051829
0.086663
0.117601
-0.139242
-0.095024
-0.041709
0.326718
0.048591
0.145915
0.233660
0.162050
-0.078024
-0.005970
-0.100679
0.010857
-0.153852
-0.019147
0.056567
-0.101400
0.261462
-0.228110
-0.069095
-0.113024
-0.149069
-0.062697
-0.048437
0.014127
-0.020534
0.256588
-0.274366
0.014929
-0.001708
-0.157214
0.009356
0.424479
-0.017740
-0.020951
0.125080
0.094175
-0.027697
0.137408
0.058542
0.051604
-0.079409
-0.053094
0.008607
-0.039775
-0.079470
0.205371
-0.226305
0.025741
0.159961
-0.031779
-0.012210
-0.038155
0.228681
0.204706
0.188464
-0.042932
-0.133450
0.048066
0.042270
0.155748
0.049115
0.086715
0.195010
-0.112140
0.013713
0.050720
-0.185012
-0.055542
0.207212
0.132443
-0.004504
-0.223568
0.029823
0.090599
0.084316
-0.193634
0.081117
0.046906
0.165762
0.052415
0.028133
0.479104
0.209999
0.118810
0.020546
0.157323
-0.104005
0.012568
-0.086989
-0.195824
0.371946
-0.061828
0.106711
-0.076338
0.145491
0.063256
0.004640
0.117022
0.173279
0.137784
-0.007728
-0.168909
-0.032017
0.105754
-0.038142
-0.205869
-0.010326
-0.017252
-0.141905
-0.303186
-0.083209
-0.107017
0.122358
0.125121
-0.066134
-0.006649
0.047596
0.059476
0.104782
0.106179
-0.127357
0.158557
0.038029
0.208371
-0.127132
0.185320
0.030502
-0.059128
-0.092701
0.180859
0.077777
-0.025618
-0.113721
0.065619
-0.040717
0.050480
-0.073825
0.081650
-0.077033
-0.020385
0.062046
0.004864
-0.003542
-0.021999
0.073009
-0.043206
0.041360
-0.104615
-0.010472
-0.064695
-0.082387
0.134572
0.062287
0.046005
-0.009545
-0.006282
-0.009488
0.017733
-0.065373
-0.168819
-0.078205
0.022236
-0.082979
0.121608
0.026861
0.020412
-0.003606
-0.152048
-0.162524
-0.001248
0.056158
-0.072218
0.022709
-0.094594
-0.124019
-0.105153
-0.031079
0.010589
0.088708
-0.112148
-0.005171
0.047612
0.079823
0.097484
-0.117257
0.022844
0.093818
0.023404
0.004904
0.178083
0.159087
-0.034099
-0.085469
-0.018483
0.081322
0.117082
0.038546
0.009248
-0.071265
0.010607
-0.121379
0.247874
-0.155931
-0.026947
-0.171868
0.033752
0.101875
0.091889
-0.060693
-0.012003
-0.147866
0.077411
0.061137
-0.072683
-0.011585
0.073703
0.027879
0.035444
0.079797
-0.116529
-0.038100
0.017454
-0.029088
-0.103665
-0.044765
0.065226
-0.138887
0.024170
-0.034761
0.001331
-0.035379
0.185839
0.013771
0.077630
-0.058595
0.036104
-0.003296
0.090071
-0.066237
0.022313
0.054855
-0.008049
0.183994
0.047432
0.022889
0.104144
-0.031636
0.085222
0.002749
0.071176
-0.005002
-0.014816
-0.122423
0.032024
0.035209
-0.064562
0.072629
0.041292
-0.064816
-0.051900
0.028935
-0.031405
-0.129717
-0.100046
-0.082385
-0.011827
0.221362
-0.095767
0.004787
0.038134
-0.002723
0.039220
0.046098
-0.041144
-0.084413
0.076782
-0.093669
0.236204
0.048810
0.034822
0.087324
0.068522
0.045703
-0.118612
0.319558
0.066115
-0.061656
-0.033534
-0.086117
-0.127433
-0.016541
0.118554
-0.029628
0.100493
-0.035420
0.017563
0.085650
-0.015382
-0.032315
-0.024244
0.039763
0.072942
-0.078961
0.022798
0.045656
0.024479
0.044561
-0.013552
0.343498
-0.053602
0.041068
0.146086
-0.065658
0.095213
-0.014311
0.038158
0.058587
0.177788
-0.106746
-0.017835
-0.002789
0.014211
-0.021071
0.041842
-0.082618
-0.155239
-0.083532
-0.070610
-0.083097
-0.111170
0.039226
-0.156245
0.024514
-0.168462
0.028733
0.059209
0.028618
-0.078997
0.001516
0.089162
-0.042064
0.041147
-0.096501
-0.058064
0.108000
-0.083302
-0.039218
0.012858
-0.056943
-0.041740
-0.088915
0.077752
0.093179
-0.243812
-0.047731
-0.005365
-0.119176
-0.097511
-0.047036
-0.016469
-0.048531
0.133825
-0.020426
0.059033
0.004893
-0.003887
0.236934
-0.053387
0.060960
0.021648
-0.104863
-0.053038
-0.154427
0.000612
0.002514
-0.032459
-0.019570
-0.098334
-0.008215
0.161164
-0.004951
-0.101068
-0.022921
-0.032724
-0.047307
-0.023817
-0.155641
0.021371
-0.037571
0.251348
-0.267181
-0.040742
-0.273480
-0.050759
0.193655
-0.038597
0.161317
0.200710
-0.101437
-0.048846
-0.132643
0.007890
-0.063652
0.062088
-0.077662
-0.202060
0.087457
-0.001123
-0.033478
0.127385
0.085524
-0.090238
0.103051
-0.009275
0.151817
0.247769
-0.264803
-0.264735
0.121241
-0.109726
-0.176745
0.158437
-0.112889
-0.157658
0.203907
-0.132226
0.008448
-0.011777
0.155238
-0.016097
-0.105161
0.033605
-0.172712
0.046129
-0.245431
-0.126776
0.033488
0.127781
-0.080227
-0.011541
-0.018400
-0.085807
0.014293
0.010848
0.042812
0.114320
-0.092318
0.059285
-0.016040
0.126080
0.043871
0.006433
0.115758
-0.051996
0.038612
0.145573
0.033502
-0.103358
-0.280895
-0.031112
0.013998
-0.094867
0.191677
-0.005977
-0.213336
-0.049372
-0.107788
0.216209
0.093351
0.087819
0.100583
-0.084710
0.072511
0.068874
0.014712
-0.012943
-0.071714
0.123793
0.022260
0.103158
0.098082
-0.065534
-0.121522
0.103984
-0.122581
-0.081454
-0.140458
0.136335
0.132890
-0.055441
-0.028583
0.003786
-0.154313
0.005147
0.018476
0.070923
-0.146522
-0.094739
0.219538
0.157614
0.145910
-0.024264
0.235096
-0.272822
-0.032895
-0.001066
-0.001525
-0.092501
-0.172304
-0.016334
0.005794
0.059567
-0.019354
-0.045397
-0.190752
-0.253106
-0.040138
-0.052111
0.191453
-0.156005
-0.040558
-0.171356
-0.133018
0.039917
0.082225
0.164297
0.123536
0.094142
-0.064533
0.243239
0.065005
0.032750
-0.119365
-0.001091
0.102822
-0.129167
-0.086346
0.129456
-0.202692
-0.012905
-0.020708
0.195091
-0.137241
0.307013
0.307813
-0.042625
0.149118
-0.048407
-0.029726
-0.046495
-0.050986
-0.029323
0.131547
-0.076206
-0.040055
0.153115
-0.060329
-0.048654
-0.185146
0.066596
-0.012878
-0.086283
0.104003
-0.118960
0.238422
-0.051418
-0.123268
0.036465
-0.179079
-0.016520
-0.039144
0.085297
0.098900
0.234735
0.022035
-0.044486
0.110055
-0.070330
-0.041218
-0.117547
0.031703
0.080625
0.082599
0.002618
-0.099659
-0.033747
0.067216
0.314321
-0.275210
0.004300
-0.114486
-0.073825
-0.108647
-0.129801
-0.237485
0.038899
-0.048960
0.084219
0.047111
0.049903
0.176964
0.056885
0.085109
-0.030527
-0.028245
0.208960
0.038149
-0.019324
-0.218422
-0.344523
-0.100080
0.135563
0.195866
0.337701
0.127440
0.010759
-0.037636
0.061442
0.063567
0.110811
-0.090942
-0.055086
0.187557
-0.016033
-0.117031
0.009934
0.138465
0.041247
0.094752
0.174914
0.116052
-0.012446
0.046875
0.070488
-0.047306
-0.090770
-0.055903
0.025292
-0.018248
-0.096065
-0.026493
0.094176
0.108086
0.091019
-0.020422
0.054832
-0.197095
0.018555
0.042794
0.085589
-0.179968
-0.006464
-0.069283
0.147544
0.069906
0.036982
0.059856
0.108755
-0.033474
0.065440
0.062503
0.020097
0.051143
0.143644
0.039824
0.198740
0.002004
-0.003866
-0.032769
0.025405
-0.013273
0.292605
-0.043294
-0.004692
0.099103
0.050567
0.024031
-0.028838
-0.097130
-0.011352
-0.062818
-0.155145
-0.000914
-0.067761
0.052118
-0.043379
-0.056508
0.126669
0.091416
-0.009544
-0.029311
-0.012446
-0.014255
-0.056250
0.002001
-0.024645
-0.136907
0.053220
0.066831
0.091440
-0.068473
-0.165442
0.261292
0.237131
-0.009126
-0.029699
-0.018004
0.030662
-0.045683
-0.108097
-0.064640
0.022918
0.010058
0.159980
-0.030692
-0.012948
-0.150968
-0.080999
0.001950
0.111656
-0.022871
-0.152890
0.063166
-0.129208
0.015007
0.110787
-0.045926
-0.187907
-0.045432
0.055628
0.139792
0.139810
0.049598
-0.092038
0.080288
-0.058119
-0.017395
0.124034
0.140227
-0.019377
0.111178
0.060035
-0.040666
0.119739
-0.074242
-0.087828
-0.068954
0.050199
-0.100097
0.077292
-0.057930
0.035558
-0.039394
0.093361
-0.066978
0.087498
0.022825
-0.032379
-0.054662
-0.045502
-0.076772
0.111314
0.092479
-0.116371
-0.013112
-0.043212
-0.059444
0.045740
-0.007555
-0.180168
0.008106
0.081485
-0.151324
-0.091259
-0.156708
-0.053447
-0.060152
0.025622
0.005855
-0.063610
0.096160
-0.187474
0.058994
-0.115795
0.004067
-0.184619
-0.148580
0.110894
-0.069556
0.035862
0.110099
0.012332
-0.031882
0.051484
0.091132
0.025557
-0.045903
0.309316
0.045720
-0.014587
-0.072512
0.179856
0.016609
0.026977
-0.118305
-0.099318
-0.196189
-0.005373
0.022975
-0.091768
-0.059122
-0.312193
0.047696
0.062439
-0.092765
0.064001
-0.057533
-0.077980
0.133122
-0.088915
0.107266
0.050680
0.029484
0.039744
0.127014
0.115922
0.136932
0.080176
-0.027548
0.256462
0.043625
-0.060690
-0.008153
-0.109354
0.013519
-0.041006
-0.011603
-0.052133
0.100875
-0.060494
-0.073418
-0.126802
0.036008
0.012570
-0.033300
-0.163457
0.003095
0.140905
-0.062642
-0.057960
-0.044407
-0.087400
0.006335
-0.026719
0.028913
0.282374
-0.034716
0.012420
-0.107115
0.024366
-0.119661
0.048262
-0.088700
-0.019144
0.033175
-0.080520
-0.059026
0.091970
-0.053979
0.120891
-0.175988
0.056545
-0.012702
0.272343
0.369160
-0.029080
-0.137026
-0.105199
0.051147
-0.143969
0.074179
-0.116553
-0.139588
-0.048861
-0.032736
-0.081584
-0.071582
0.058621
-0.175142
0.030445
0.001366
-0.016730
-0.141128
-0.011005
0.071930
-0.031995
-0.132136
0.095811
0.113964
-0.056096
0.006410
-0.142338
-0.130363
0.067636
0.116824
0.064522
0.014315
0.127595
-0.127246
0.122262
-0.097089
0.021345
0.077584
0.084512
-0.006518
-0.046184
0.007301
0.099843
-0.107688
0.021926
0.117032
-0.058759
-0.018455
0.034301
0.229274
0.064000
0.086132
0.185999
-0.003477
0.090048
0.022137
-0.049780
0.088279
0.046787
-0.143551
-0.034782
0.076856
0.132410
-0.002846
0.220628
-0.025088
-0.087181
0.152734
0.020744
0.027956
0.095779
0.121479
-0.024018
-0.140065
0.093250
-0.124230
0.169393
0.065493
-0.272377
-0.002976
0.053784
-0.109422
0.164844
-0.040836
-0.078532
-0.049912
0.071569
-0.085931
-0.163831
-0.032832
0.208063
0.032945
-0.027306
-0.106876
0.274852
-0.136177
-0.088795
-0.184528
-0.005703
-0.174844
-0.121714
-0.148198
0.005153
-0.146338
0.068471
0.126537
0.141846
-0.051896
0.058912
0.021081
-0.079493
0.023840
-0.177386
-0.054196
-0.246056
0.167319
-0.013581
-0.200241
-0.181939
0.024714
-0.007320
0.026165
-0.059937
0.057572
0.063714
0.002048
0.022338
0.080143
-0.085819
-0.021078
0.061858
0.063681
0.164481
0.088626
-0.011459
-0.134030
-0.019913
0.071993
-0.015069
0.054935
0.244301
0.008739
-0.000879
-0.071871
0.019944
-0.125057
0.102533
0.160241
-0.007430
0.277258
0.038064
-0.098437
-0.060827
0.126908
-0.146642
-0.017944
0.063135
0.279274
-0.217392
-0.205585
0.021339
0.038732
-0.151452
-0.080846
-0.027229
0.129829
-0.165264
0.067472
0.127855
0.174708
0.071451
-0.074846
0.222836
-0.049308
0.025608
-0.093095
-0.069303
0.012573
0.002131
0.085446
0.170677
-0.039389
0.098143
-0.003081
-0.040241
0.013499
0.247277
-0.048239
0.075508
0.081263
0.235038
0.007175
0.115953
-0.086181
-0.131307
-0.004147
0.111770
-0.074989
-0.080661
-0.046332
0.020263
0.055070
-0.123354
0.110016
-0.252636
-0.040669
-0.027937
-0.040386
-0.019142
0.062121
0.059874
0.178360
0.132010
0.152257
-0.168312
-0.155808
-0.145796
-0.000006
-0.093220
-0.119080
0.108564
-0.038325
0.145586
-0.152863
0.039641
-0.000971
-0.114015
0.005278
0.198001
-0.230646
0.198336
-0.115780
0.039290
0.093917
-0.030899
0.147320
0.004182
-0.269551
0.114326
0.071121
-0.022784
0.034157
0.116281
-0.029725
-0.069191
0.008188
0.065601
0.038889
-0.171174
-0.034347
-0.101137
0.093352
0.061952
0.071969
0.119893
-0.118621
0.136888
-0.011180
0.050734
-0.162234
0.129561
0.067276
0.029398
-0.229830
0.088987
-0.054834
-0.004678
-0.020802
0.165309
0.035549
-0.050267
-0.043813
-0.090891
0.091658
-0.083063
-0.045893
-0.044020
-0.018111
0.066146
0.052514
0.073217
0.100682
0.319990
-0.230699
-0.074786
-0.075973
0.119652
0.259771
0.003738
-0.251291
0.208634
0.166376
-0.157417
-0.211102
-0.112043
-0.052548
0.135101
0.148165
0.032915
-0.125608
0.125296
0.082250
0.087170
-0.124815
0.070548
-0.000962
-0.030702
-0.010112
0.024453
0.201943
0.085230
-0.124545
-0.001352
-0.064102
0.028663
-0.040902
0.050549
0.202061
0.012838
-0.135453
-0.053684
0.135350
-0.005538
0.180149
0.035447
-0.057605
-0.043050
-0.058127
0.099277
-0.023380
0.259212
-0.033158
0.172559
-0.010174
0.128012
0.094860
-0.183259
-0.013190
0.017005
-0.133442
-0.003548
-0.127189
-0.011886
-0.022458
-0.141132
-0.088434
-0.098439
-0.003110
0.071753
-0.077804
-0.013893
0.067657
0.101487
-0.079794
-0.080114
-0.010874
0.063337
-0.090290
-0.099624
0.133991
-0.116647
0.124914
-0.097713
0.064242
0.035980
-0.122294
-0.202592
-0.063812
0.142601
0.045181
-0.051924
-0.013984
-0.002011
-0.017251
-0.050335
-0.172362
0.093266
-0.150843
-0.080529
0.043749
-0.069298
0.000576
-0.178198
0.172981
-0.043373
0.088362
0.171071
-0.077428
0.001155
0.207916
0.070413
-0.028357
0.000201
0.016303
0.072597
0.083791
-0.002393
-0.005950
-0.348652
-0.044831
0.165787
-0.032833
0.128308
-0.056667
-0.090969
-0.003972
-0.153198
-0.166993
-0.074739
0.067047
-0.085458
-0.142627
0.049614
0.021696
-0.028400
0.079033
-0.041534
-0.018219
-0.106185
-0.117249
0.161194
0.036280
-0.046958
-0.081030
0.118058
0.056059
-0.177622
0.018901
-0.006829
-0.006706
-0.034674
0.069306
0.096112
-0.175939
-0.055583
-0.095107
-0.028616
-0.070785
0.061910
-0.237227
0.119811
-0.007053
0.195576
0.089899
0.024516
-0.055305
-0.010712
-0.165315
-0.065807
0.023826
-0.075702
-0.107397
0.145869
-0.041305
0.160741
0.060667
-0.117344
0.010011
-0.018259
-0.128189
0.060217
-0.077692
-0.026975
-0.162962
0.150305
0.017096
0.025708
0.159965
0.245022
-0.080314
-0.018242
0.112662
0.114212
0.006364
-0.158917
-0.181821
0.023540
0.070894
-0.116193
-0.046884
-0.035782
0.137315
-0.103987
-0.047048
-0.270669
-0.097935
0.157317
0.048565
-0.133723
0.192443
0.017984
-0.096087
-0.042203
-0.017956
0.167435
0.000219
-0.066615
-0.100694
-0.127464
-0.028798
0.012114
-0.036668
-0.099157
-0.069084
0.123772
-0.152522
-0.036302
0.096427
0.156249
0.072494
-0.029464
-0.028485
-0.101482
-0.044264
0.059072
0.227763
0.088772
-0.021239
-0.075216
-0.121786
-0.147358
0.143838
0.014189
0.163363
0.072978
-0.052749
-0.161957
-0.063017
0.053642
0.003098
-0.010982
-0.023010
-0.042570
0.065840
0.156654
0.040888
0.157426
-0.062236
0.075170
0.110149
-0.019596
-0.081682
-0.066277
-0.056295
0.007344
-0.159858
0.021911
0.003994
-0.059379
-0.153571
0.097487
0.002235
0.012947
-0.194475
-0.199130
0.099342
0.051967
0.047340
-0.088815
-0.066683
-0.104468
0.051266
0.114351
0.065636
0.169552
-0.046106
0.060611
0.055935
0.106972
0.027070
0.026329
0.207970
0.046800
0.173239
0.067540
0.057174
0.175052
-0.011597
-0.125117
0.150725
0.140814
-0.112910
0.171164
0.265177
0.040772
0.131234
-0.110280
0.065596
-0.078948
0.110636
0.019417
-0.020518
0.108498
0.055368
-0.126366
0.021881
-0.029056
-0.065938
-0.027062
0.063319
-0.035160
0.077148
-0.091221
-0.067769
-0.006876
-0.081499
0.035867
0.062881
0.085364
-0.090523
-0.045862
0.002109
-0.154383
-0.011106
-0.121643
-0.161872
0.055156
-0.081847
-0.081091
-0.079168
-0.013644
-0.015664
0.074681
0.024322
0.260385
-0.013617
-0.022493
0.035745
0.203038
0.093533
-0.111400
-0.115940
-0.064611
-0.078154
0.040755
0.009770
0.075787
0.098122
0.071701
0.019419
-0.002854
0.119172
0.008696
0.151535
-0.124683
-0.103587
-0.051556
0.053101
0.053584
0.064516
-0.070498
-0.181450
-0.006993
0.065591
0.162863
-0.023602
0.070662
0.084936
0.039203
-0.089533
-0.028500
-0.193920
-0.099576
0.034741
-0.138721
-0.041800
-0.017080
-0.147138
-0.112540
-0.017892
0.005229
0.127119
-0.051750
-0.199017
-0.036727
-0.020354
-0.035574
0.044260
0.052661
0.000126
-0.000782
0.167576
-0.013853
-0.060628
0.036155
-0.078664
0.049545
-0.052959
-0.153825
-0.102254
-0.043915
-0.149655
-0.003937
-0.104115
-0.085822
0.130756
0.031320
-0.023004
0.132107
0.069663
0.003695
0.008720
-0.131671
-0.091407
0.066142
-0.000897
0.066629
0.001729
0.055498
-0.110108
0.032208
-0.092587
-0.040605
0.004991
-0.058840
-0.054845
0.037329
0.084598
0.032128
0.050634
0.093759
-0.034931
-0.133453
-0.083557
-0.048562
-0.006340
0.165836
0.087306
0.008817
0.026326
0.010555
-0.058092
0.041750
0.075941
-0.065471
0.054601
-0.001362
0.032732
-0.096741
0.037925
-0.080116
0.108053
-0.017819
0.120476
0.006107
0.153088
0.089626
-0.106908
0.058810
0.107570
0.052926
0.004137
-0.025572
0.094995
-0.044258
-0.069336
-0.056009
-0.048228
0.081489
-0.015863
0.030884
-0.128237
-0.003556
0.091521
-0.084236
-0.028672
-0.002180
0.070210
-0.065587
-0.092756
-0.026429
0.001854
0.026033
0.063244
-0.064191
-0.021960
-0.112912
0.135044
-0.052902
-0.000851
-0.011891
0.025375
0.108388
0.035121
-0.000223
0.093717
0.060599
0.005649
0.016639
-0.202942
-0.096478
0.045066
-0.113570
-0.119447
-0.161802
-0.003938
0.087237
-0.092030
0.001604
-0.188163
0.018472
0.075103
-0.053618
0.056632
0.108366
-0.066890
0.158556
-0.040418
-0.117804
-0.009984
-0.081307
-0.264345
0.000590
0.093377
0.296187
-0.090204
-0.009856
0.164124
0.038018
0.063420
-0.023188
0.020434
0.051531
0.086272
0.043035
-0.053794
-0.090146
-0.167325
0.082837
0.058234
-0.108015
-0.053496
0.071787
0.220896
-0.147842
0.025090
0.169451
-0.001617
-0.019933
-0.127087
0.057541
-0.142873
-0.059765
-0.006106
-0.004635
0.256209
-0.093815
-0.032011
-0.091670
-0.065801
0.040687
-0.173891
0.040098
-0.131606
-0.075355
0.133535
0.027800
0.044999
-0.032800
-0.000367
-0.148300
0.160651
-0.025394
0.070532
-0.038569
0.040723
-0.078203
-0.206530
-0.004668
0.213181
0.075787
-0.109365
0.070925
-0.143795
-0.001506
-0.021341
0.061158
-0.052274
-0.129508
0.063041
0.050932
-0.034234
-0.037652
-0.048596
-0.001507
-0.029666
-0.088839
0.012729
0.004082
-0.056338
0.103339
-0.018362
0.050863
0.193730
0.288110
-0.091639
0.142625
-0.077613
-0.193587
-0.010066
-0.065783
0.044555
0.152759
0.054309
0.013589
-0.028909
0.017487
-0.056567
-0.019930
-0.167560
0.062677
0.029677
-0.003694
0.126215
-0.104794
0.152035
0.089891
-0.111267
0.093179
-0.043112
0.013943
0.134622
-0.024144
-0.106549
-0.000059
-0.168790
0.035940
-0.155666
-0.025817
0.172484
0.001700
-0.047642
0.028469
-0.145863
0.095679
0.084382
0.080393
0.293619
0.131537
-0.116217
-0.028558
-0.074316
0.061201
-0.033491
0.113906
-0.107154
0.162354
0.038893
-0.232505
-0.123438
0.011192
0.014064
-0.016252
-0.044211
0.026034
0.024848
0.042266
-0.047652
0.049458
0.039745
0.160864
-0.263266
-0.104575
0.070107
-0.177041
-0.127256
0.050026
-0.108373
0.016529
-0.035199
-0.045937
-0.110667
0.023747
-0.010227
-0.006479
0.116418
-0.172390
0.043635
0.154742
-0.007838
-0.119285
-0.008178
-0.037502
-0.048727
0.037250
0.178954
-0.005386
0.051530
-0.139619
-0.038201
-0.000151
-0.054400
0.166756
0.166275
0.116750
0.030289
0.051649
-0.392653
0.120020
0.024939
-0.159826
0.083889
0.034355
-0.170407
-0.089069
-0.089424
0.080593
0.023478
-0.087477
0.056307
0.120396
0.044626
-0.097815
0.089885
0.186733
-0.173925
0.063910
0.071603
-0.011440
0.076898
0.156514
-0.193396
0.032123
0.105037
-0.201386
0.007546
-0.128937
-0.007250
0.054505
-0.059020
-0.079625
0.185965
0.058223
0.054277
-0.041955
-0.081040
-0.060966
-0.042148
0.417462
-0.038293
0.091405
-0.155568
-0.048443
-0.020092
0.030362
-0.104157
-0.116084
-0.098442
-0.127940
-0.019394
-0.140719
-0.265124
-0.264098
-0.116319
-0.019038
0.063449
-0.072570
0.031440
-0.140840
-0.025988
0.002662
-0.082694
-0.100264
-0.085826
-0.268578
0.176180
-0.056085
-0.074239
0.041059
0.008775
-0.009140
0.010544
-0.072796
0.184205
-0.155115
0.016147
-0.013620
0.009993
-0.114442
-0.176391
-0.023579
-0.090139
0.158838
0.076823
-0.055794
-0.048571
-0.036369
0.017465
0.134597
-0.030232
0.023346
0.021108
-0.144359
0.040430
0.061553
0.196613
-0.051595
-0.042845
0.004432
0.089919
-0.249304
-0.001201
-0.047382
0.080894
0.032418
-0.179875
-0.138530
-0.012629
-0.178750
0.080017
-0.024698
0.030741
0.131978
0.053307
-0.255207
-0.248659
0.182422
0.111514
-0.134648
0.078194
-0.027678
0.156536
-0.114549
0.071301
-0.019894
-0.048668
-0.139122
0.100095
-0.169379
-0.024153
0.009175
-0.016232
-0.020964
-0.083043
-0.231601
-0.026339
0.020765
-0.129308
-0.086256
0.112275
-0.100081
-0.214369
0.050507
-0.038270
-0.206831
0.021698
-0.017434
-0.018067
-0.101853
0.238102
0.007144
-0.160406
-0.093183
-0.148557
0.279688
0.069554
-0.031206
-0.408709
-0.085665
0.143435
0.025464
-0.007902
-0.094588
0.010550
-0.231002
-0.118317
0.175928
-0.071518
0.063161
0.037518
0.034520
0.124636
-0.094838
0.304210
-0.242729
-0.092327
-0.100481
0.021187
0.029000
0.046300
-0.138065
-0.239969
-0.031959
0.053654
-0.285598
0.203392
0.292685
0.203158
-0.082555
0.133455
0.110977
0.029489
-0.090418
0.108302
-0.031447
0.009048
-0.089568
-0.071588
-0.056112
-0.130943
0.050368
-0.147833
-0.199498
-0.010107
-0.212536
0.036846
-0.049784
0.081574
0.104558
-0.131224
0.118686
-0.114601
0.057299
-0.082297
-0.070756
0.131022
0.063785
-0.006217
0.016865
0.060351
-0.203719
-0.017998
-0.161216
-0.041497
0.099933
0.090497
0.215042
-0.007862
0.084445
0.149411
0.062980
-0.041049
-0.103172
-0.059214
-0.157469
0.173256
-0.007786
0.051849
0.212709
-0.258691
0.178225
0.052656
0.206426
0.141215
0.142819
0.072694
-0.039495
-0.240476
0.154570
-0.005604
0.046512
0.089869
0.057424
0.090253
-0.099246
-0.197565
0.101464
-0.031071
-0.114385
-0.095017
0.058899
0.088249
0.129560
0.021282
-0.004142
-0.061928
-0.028508
-0.133580
-0.032805
0.029391
0.048223
0.171044
-0.010171
-0.084947
-0.040365
0.339901
0.047246
0.092964
-0.078084
-0.074193
-0.043992
0.034662
0.105264
0.169709
0.205208
-0.048350
-0.091018
-0.284979
-0.027599
0.065172
0.070492
-0.004443
0.194258
0.003899
0.153113
0.046867
-0.131119
0.007054
0.050908
-0.013925
-0.136029
0.155506
0.183909
0.066492
0.007886
-0.036945
0.095147
0.098933
0.301497
-0.217695
0.015355
-0.200881
-0.108651
-0.017764
-0.033697
0.000759
0.005343
0.005681
-0.031514
0.043740
0.122357
0.138164
0.049813
0.060201
0.154418
0.002299
0.027141
-0.070796
-0.207458
0.102421
0.216307
0.083581
0.041457
0.105410
-0.048841
0.017885
0.100669
-0.026077
-0.012016
-0.075059
-0.055333
0.065463
-0.058499
-0.054817
-0.172616
0.108939
0.095852
0.115821
-0.048709
0.010282
0.151762
0.049890
-0.079614
-0.008052
0.093547
0.079593
-0.230286
-0.159615
-0.074620
0.004450
0.147161
0.133876
0.134093
-0.047436
0.125412
-0.032776
-0.019289
-0.034287
-0.232548
-0.059740
0.009980
0.155163
0.149896
0.010574
-0.128081
0.037535
-0.010630
-0.050006
-0.083885
-0.149761
-0.195495
0.024462
0.187334
-0.118494
-0.022850
-0.166030
0.115730
0.030411
-0.179368
0.068268
-0.158018
-0.159672
0.129213
-0.013635
0.066050
-0.098223
-0.003682
-0.133420
-0.046085
-0.037924
-0.034061
-0.064989
0.010555
0.097847
0.145452
0.127278
0.104413
0.032483
0.026821
-0.181683
0.184599
-0.017571
-0.270005
0.031344
-0.109401
-0.067996
-0.024484
0.054161
-0.095022
0.143372
0.046529
-0.093900
0.188085
-0.091766
-0.030232
-0.011867
-0.058580
-0.048830
0.057282
-0.045980
-0.039403
0.071825
-0.155854
0.027963
0.033051
0.067116
-0.121311
0.032361
0.029074
-0.071490
-0.123367
-0.004883
0.239064
0.061811
0.064901
0.022114
-0.057299
0.035952
0.094009
-0.117821
0.021149
-0.049248
-0.019665
-0.201559
-0.141046
0.089632
-0.067089
-0.002259
0.019748
-0.016149
0.242115
0.031194
-0.144455
-0.004879
-0.030638
0.039451
-0.091842
0.139545
0.085317
0.072679
0.028728
0.162359
-0.035825
-0.180215
0.231143
-0.023263
0.056437
0.058428
0.014355
-0.098075
0.149291
0.045145
0.162448
-0.026751
-0.017059
-0.094517
0.049383
-0.122372
-0.058462
0.175309
-0.165594
0.033877
0.102826
-0.092425
0.066440
0.077065
0.030388
-0.031662
0.137579
0.218637
0.173742
0.070601
-0.160484
0.059722
0.141585
0.064428
0.020829
-0.040754
0.023596
-0.088038
0.023049
0.069138
0.113589
0.048024
0.092502
-0.021535
0.133547
0.107580
-0.046672
0.050379
0.011527
-0.007673
-0.065952
0.031356
-0.077417
-0.040234
-0.025586
-0.052562
0.051235
0.005518
0.028619
0.178172
-0.179046
-0.087658
0.114936
0.060409
0.068720
0.046571
0.194751
-0.024204
0.148424
-0.034722
-0.041911
0.016929
0.160986
0.153898
0.012126
-0.058724
0.256614
0.075295
0.009300
0.046455
0.177873
0.007467
-0.094700
0.028328
-0.102159
0.038057
0.063568
0.079890
-0.040191
0.096788
0.168912
-0.036288
0.047702
-0.010903
-0.181474
-0.132458
-0.135955
0.272997
-0.040576
-0.081514
0.028589
0.211583
0.131230
-0.006203
0.033555
-0.096319
0.086970
-0.150933
0.133217
-0.009434
0.066604
-0.008873
0.005139
-0.006368
-0.108195
0.088258
-0.051623
0.025842
0.084398
-0.166893
0.082043
0.159633
-0.050443
0.102886
0.318972
0.095641
0.149754
0.239389
0.133863
-0.111187
0.019491
0.156149
0.048853
0.003748
0.024688
-0.082305
0.126625
0.037970
0.030036
0.025816
-0.007986
0.051133
-0.105152
-0.038106
0.131607
-0.080234
-0.020070
0.000204
0.130207
-0.016950
0.182521
0.008275
0.173401
0.045850
0.171039
-0.018749
-0.077605
-0.072034
-0.212685
-0.072534
-0.183636
0.079006
-0.059024
0.176551
0.001335
0.069180
-0.111526
-0.007902
-0.223869
-0.104121
0.052429
-0.021439
0.178145
-0.054453
-0.090861
0.188574
-0.096312
0.125626
0.025361
0.040114
-0.036802
0.100388
-0.168244
0.171305
0.143003
-0.056449
0.036287
-0.096293
-0.057881
0.006710
0.203231
-0.071787
-0.096503
0.143811
0.011838
-0.067214
-0.010032
-0.166827
0.106613
-0.163688
0.089076
0.043422
-0.013217
0.054330
0.055962
-0.015434
0.128047
0.052039
-0.061901
-0.127580
-0.070992
0.110142
-0.067962
0.024587
-0.143660
-0.003292
0.011572
-0.161583
-0.160016
-0.009810
0.010222
0.035534
-0.099455
0.008914
0.020831
-0.018986
0.038496
0.027043
0.097922
0.068552
0.291390
0.089459
0.025613
0.091213
0.041733
-0.091851
-0.024894
-0.206209
0.000310
-0.056731
0.055302
0.006489
-0.016806
-0.062281
0.049452
-0.062126
0.168584
-0.020968
0.090925
-0.142845
-0.184142
-0.065200
-0.029731
-0.060457
-0.191308
-0.114201
0.030419
0.242034
0.086273
0.000813
-0.062037
-0.010845
-0.114476
0.036542
-0.047464
-0.065518
0.043917
0.083898
-0.007164
0.106125
-0.027341
-0.050929
-0.018649
-0.061791
-0.142939
0.091259
-0.054926
0.060307
0.028694
-0.116908
-0.110564
0.069111
0.112846
-0.056544
-0.005521
-0.045266
-0.071425
-0.029727
-0.115890
-0.101420
0.063480
-0.079130
-0.051258
0.011986
-0.008616
-0.027477
0.001684
0.082916
0.012931
0.172067
0.123049
0.006890
-0.012221
0.057529
-0.145248
0.017935
-0.078605
-0.010412
-0.024769
-0.094749
0.012060
-0.141451
-0.058820
-0.017971
0.059841
0.074525
-0.196430
0.046139
-0.206087
-0.062254
0.082815
0.081561
0.024387
0.027932
-0.011280
-0.062464
0.157616
-0.005245
-0.042754
-0.054129
-0.020571
0.079910
0.007190
0.095522
0.060034
-0.014247
-0.076168
-0.045889
-0.124992
-0.088786
0.158998
0.071401
0.180397
0.141182
-0.066892
-0.114656
-0.189856
-0.152246
0.025732
0.025323
-0.047311
-0.183715
0.146621
-0.017761
0.429459
-0.002413
-0.074311
-0.143908
-0.226948
0.043595
0.238012
0.202931
-0.033872
0.108839
0.046455
-0.030474
-0.179229
0.093375
0.129350
-0.002666
-0.062346
0.034555
0.063168
0.007969
0.327764
-0.058196
-0.254565
0.009193
-0.083001
-0.105119
-0.132705
0.010259
0.182806
0.145228
-0.002563
-0.061450
-0.008616
-0.032606
-0.127820
0.054043
0.049933
-0.055506
0.010213
0.055773
-0.048211
-0.003899
0.166619
0.089396
-0.058942
-0.017233
-0.041693
0.119318
-0.077348
0.097364
-0.041232
-0.029412
-0.059257
-0.151934
0.074235
-0.157882
0.172320
0.060727
-0.007105
0.126978
0.116514
-0.094183
0.030546
-0.060604
0.090124
-0.037412
0.195643
-0.171467
-0.100026
-0.056324
0.011775
0.210596
0.010047
0.005741
-0.070744
-0.047416
-0.169588
-0.081762
0.003369
-0.026688
-0.121700
0.033781
0.009000
0.081892
-0.084469
0.082877
0.068274
0.008685
0.028084
-0.115060
-0.097399
0.037444
0.289128
-0.117638
-0.022936
0.023979
-0.013792
0.076240
-0.209832
-0.000955
-0.167641
0.072419
0.046623
-0.012342
-0.008967
0.025097
0.054630
0.083487
0.072029
-0.135940
-0.032391
-0.153805
0.109117
0.038721
0.053321
0.038014
0.059037
0.022014
-0.052233
0.016051
-0.219131
0.090138
0.164897
0.015403
-0.115019
-0.032171
0.018175
0.014097
-0.017080
0.010923
-0.014772
-0.056144
-0.062905
0.129293
0.124923
-0.217408
-0.163139
-0.044450
0.000813
-0.054926
0.021921
0.032662
0.002748
0.027448
0.167559
-0.101640
-0.050742
0.066661
-0.010153
-0.132028
0.032959
-0.005110
-0.079149
-0.096327
0.034698
0.130133
0.075479
0.100753
0.083852
-0.099099
-0.049389
-0.111942
0.065380
-0.018462
-0.012493
0.101165
0.045687
-0.235898
0.227098
-0.095296
0.103600
0.073276
0.031823
0.178507
0.147571
0.029071
-0.121441
-0.046156
-0.156016
0.046378
-0.147022
0.020069
0.131411
0.063835
0.052943
0.040218
0.023951
-0.013139
-0.080403
0.063243
-0.041473
-0.034895
0.172485
-0.038890
0.004021
0.042944
0.100848
0.226949
-0.168189
-0.064635
0.026501
0.015571
-0.067801
0.060826
0.024309
-0.032774
0.042375
0.129716
-0.093462
0.111302
-0.185340
0.079733
0.123918
-0.147831
0.082643
0.107660
0.213765
-0.026802
-0.023434
0.042683
0.133930
-0.104444
-0.086247
0.100480
0.019390
-0.071150
-0.108869
0.090939
0.042249
-0.004794
0.015989
-0.024577
-0.015242
0.031526
0.060572
0.010889
0.093125
0.059622
-0.143209
0.221421
-0.066832
-0.029525
0.076615
0.156500
-0.023469
0.105518
-0.049868
0.015446
0.024458
-0.132684
-0.108765
-0.126758
0.040618
-0.041629
-0.041875
0.081727
0.144301
-0.064733
0.236315
-0.005971
0.067473
-0.045806
-0.194810
-0.109689
0.044087
0.057051
-0.123808
-0.004182
0.152772
0.133081
0.060821
0.017499
-0.041655
0.084532
-0.152059
-0.042937
-0.172625
-0.068046
0.066075
-0.028303
-0.065001
0.118821
0.028336
0.321265
0.007022
-0.035133
-0.070099
-0.022572
0.043043
0.109757
0.039169
-0.093392
0.028870
-0.015969
-0.002988
0.100258
0.032445
0.222266
-0.177226
-0.194980
-0.000265
0.194397
0.015804
0.102819
0.063125
0.039175
0.046270
0.013712
0.051126
-0.125079
0.051291
0.001425
-0.009232
-0.084457
0.065742
0.087456
0.097597
-0.116441
-0.116082
-0.079538
0.101523
0.121558
0.019387
0.060749
-0.133764
-0.109430
-0.042744
0.002868
0.158968
0.157655
0.139845
0.047593
-0.088003
0.031367
-0.118961
-0.142969
0.043872
0.015360
0.046417
-0.082892
-0.105763
0.140258
0.079197
-0.018945
-0.065335
0.014855
-0.048689
0.088386
0.187921
0.040214
0.028124
-0.055117
-0.051970
-0.180765
0.028234
-0.080710
0.137505
0.027776
-0.126112
-0.060248
-0.052814
0.145957
-0.015944
-0.111959
0.334689
-0.094867
-0.072537
0.050536
-0.033232
0.184582
0.103509
0.051088
0.026123
0.067912
0.076519
0.184646
0.177663
-0.085606
0.155167
-0.124463
0.064482
0.083891
-0.001888
0.067802
-0.065275
-0.026823
0.422227
-0.240956
-0.011279
-0.059024
-0.089859
-0.103176
0.029555
0.025475
-0.104148
-0.021768
0.009811
-0.022486
0.055009
0.073999
-0.034033
-0.012785
-0.062372
0.063425
0.150653
-0.013088
-0.059520
-0.000309
0.023597
0.005654
0.068219
-0.002612
-0.086744
-0.090421
-0.067436
-0.091448
-0.068591
-0.180666
0.170887
-0.101909
0.031369
0.024667
-0.061597
-0.244448
0.136546
-0.126371
0.028718
0.241143
-0.089323
-0.139744
0.255172
0.113107
-0.090686
-0.280475
-0.033040
-0.115235
-0.207689
0.097236
-0.023175
0.043167
-0.101983
0.008657
0.063771
-0.068345
-0.046625
-0.094644
0.025717
-0.084441
0.117749
0.098240
0.157631
0.058708
0.259447
-0.163117
0.023508
-0.014408
-0.011574
-0.094935
-0.108187
-0.197301
0.000260
0.057601
0.110864
0.141445
0.103810
-0.138334
-0.158582
0.068987
-0.036497
0.206173
-0.046682
0.198200
0.143301
0.055573
0.021212
0.255941
0.007468
-0.118018
0.077864
-0.007910
0.010483
-0.155891
0.064374
0.031522
0.026428
0.048680
-0.018261
0.005471
-0.062063
-0.186475
-0.054075
0.059543
-0.113352
-0.171992
-0.056263
-0.199758
-0.116509
0.066604
0.118329
-0.049403
-0.078000
0.144916
-0.014930
-0.061111
-0.064369
0.221987
-0.086584
-0.069965
-0.000312
0.191779
0.181130
0.025719
-0.026622
0.010398
-0.032886
0.204848
0.019610
-0.060536
0.058190
0.079066
-0.130364
0.027882
-0.018954
-0.041991
-0.037764
-0.021499
0.060186
-0.029126
-0.255182
-0.160481
0.118439
0.100355
0.032843
0.120132
-0.029321
-0.139691
-0.121300
-0.185181
-0.043467
0.228450
-0.037038
0.064752
0.133726
0.033498
0.016009
0.095926
0.007809
-0.009424
0.018885
0.102634
-0.015514
0.047809
0.122661
-0.085441
-0.031519
-0.267112
-0.009761
-0.113687
-0.131259
0.046731
-0.181786
-0.027366
-0.075076
0.021377
-0.138266
-0.002186
-0.155069
-0.076296
0.083376
0.124332
-0.079691
-0.168444
-0.139132
-0.069572
0.013740
-0.023843
0.015732
-0.136817
0.077136
-0.250491
0.081752
0.005630
0.049816
0.026588
-0.037896
0.003822
0.048635
0.115216
-0.010852
-0.179431
0.123517
0.049835
0.012145
-0.015871
-0.164564
-0.029285
0.010275
0.190348
-0.009485
0.098584
-0.072861
-0.106125
0.032584
-0.042797
-0.001848
0.055882
0.018844
0.024824
-0.049882
-0.080870
-0.008768
0.163363
-0.052032
0.214000
-0.061499
-0.054585
-0.033018
-0.054077
0.123642
0.032464
0.096688
-0.009359
0.186032
0.331553
-0.107067
-0.019000
0.000884
-0.165441
-0.173639
-0.012412
-0.144059
0.086758
-0.028578
-0.225987
-0.032371
-0.081663
-0.068389
0.061692
-0.100727
-0.077015
-0.116402
0.000473
-0.025332
-0.069068
-0.116409
-0.051708
0.168632
0.348349
0.007121
-0.146906
-0.044237
-0.018524
-0.080095
-0.076222
0.024815
0.046536
0.051689
0.211390
0.206262
-0.083707
-0.044953
-0.082726
-0.075579
0.039976
-0.012098
-0.075780
-0.136759
0.079180
0.033507
0.197627
0.110560
-0.120631
0.101620
0.209429
-0.073373
-0.153070
-0.005084
-0.003549
-0.230033
0.015237
-0.131651
0.178810
0.010504
-0.024330
0.107910
0.040596
-0.132665
0.104476
-0.243802
0.048799
-0.090320
0.064624
0.141177
-0.094511
-0.003010
-0.238078
0.062624
0.039951
-0.249509
0.023181
-0.068213
-0.072256
0.110197
-0.064846
0.110369
-0.015233
-0.047773
0.090406
-0.056206
0.047446
-0.130167
-0.038811
-0.094366
0.139314
-0.040783
-0.013059
0.015279
0.085014
-0.010601
-0.082430
-0.089494
-0.349873
0.025630
0.120814
0.183816
0.074796
0.026247
-0.000949
0.019780
0.118696
0.039374
-0.196473
0.147864
0.207450
-0.077859
-0.137822
-0.256528
-0.088174
-0.029444
0.002340
-0.027203
-0.118586
0.035071
0.169174
0.035241
0.207478
-0.036687
-0.019061
0.095151
-0.021049
-0.145144
0.268102
0.109736
-0.077673
-0.029533
-0.122815
0.097272
-0.001915
0.099022
-0.015651
-0.142668
0.120840
0.072298
0.134586
0.176526
-0.164789
0.011627
-0.013142
0.015403
-0.012332
0.157277
0.137060
0.024157
0.020745
-0.031408
0.163784
0.004273
-0.041401
-0.036095
0.101309
-0.138010
0.057380
-0.061794
-0.129979
-0.040479
-0.100047
0.119306
-0.134200
-0.108698
-0.073203
0.030008
0.123433
-0.018736
0.032519
-0.036785
-0.113791
0.101051
-0.102056
0.162286
0.118099
0.052084
0.010895
-0.043359
-0.036386
-0.060370
-0.066416
0.044144
0.028951
0.075914
-0.004708
-0.054128
-0.156542
-0.001103
-0.287123
-0.110445
-0.080743
0.037683
0.117818
0.084170
0.016642
-0.169269
0.068422
-0.026997
-0.199416
0.031291
-0.025649
0.111167
-0.060826
-0.025389
-0.183652
0.156392
-0.111981
0.015443
-0.029554
-0.094899
-0.052631
-0.055772
0.180394
0.142638
-0.171483
-0.021673
0.095278
-0.015726
0.004801
-0.106165
0.100037
-0.088005
-0.078385
-0.154781
0.140844
-0.066142
0.093622
0.040178
-0.068433
-0.052771
0.003247
-0.073074
-0.001250
-0.074693
0.141650
0.172930
-0.003255
0.061497
0.041822
0.165384
0.004486
-0.129640
-0.096313
0.025838
-0.001401
-0.121255
0.088574
0.032308
0.138457
-0.023369
0.012885
-0.195547
0.208695
-0.001037
-0.108122
0.045336
0.126014
0.030532
-0.109637
-0.030982
-0.034287
0.057925
0.069974
-0.097112
-0.205569
-0.062712
0.121038
-0.072899
-0.055563
-0.105429
0.006013
0.301073
-0.025416
0.227883
0.055896
0.005395
-0.049047
0.381804
-0.025465
-0.126388
-0.017240
0.046093
0.094554
0.152316
0.178524
-0.127702
0.060784
0.029215
0.152839
0.153513
0.037294
-0.025431
-0.068886
0.032889
-0.033132
0.090702
-0.084257
-0.096082
-0.270209
0.018871
0.115531
0.080324
-0.053869
0.154447
0.046785
0.040215
0.040262
-0.018565
-0.145638
0.103243
0.148953
0.153951
0.072247
-0.098172
0.156567
0.284683
-0.119112
-0.187465
-0.124033
0.096539
-0.026399
-0.065655
0.043679
0.001970
0.019735
-0.115429
0.111930
-0.096487
0.085446
0.089913
-0.111473
0.014041
0.044112
-0.162917
-0.086303
0.072802
0.013618
-0.039995
0.171772
0.019113
-0.093667
0.013177
-0.134559
0.144699
-0.161429
-0.123670
0.042513
0.109660
0.048071
0.011586
-0.131536
-0.047885
0.088711
0.283385
0.097281
0.047564
0.064084
-0.112769
0.058618
-0.150146
0.015472
0.143677
0.118777
-0.124738
0.006798
0.183953
0.087161
0.139707
0.135574
-0.054276
-0.136528
0.204851
-0.095316
-0.067194
0.014921
-0.006285
-0.028793
0.130918
0.010227
0.036615
0.133776
-0.005615
0.002403
-0.017708
0.006406
-0.018448
-0.093177
-0.102519
0.037052
0.062497
-0.090316
0.160107
-0.104714
-0.008450
0.002712
0.087302
0.205465
-0.108221
-0.019014
0.255257
-0.011691
0.007116
0.006928
-0.059233
0.080281
-0.113741
0.021382
-0.002806
-0.023503
-0.087004
-0.033761
-0.054264
-0.111122
0.090530
0.285758
0.209533
-0.092576
0.094118
0.163800
0.061085
-0.146582
-0.076757
0.047566
-0.121468
0.182977
-0.098404
-0.170254
0.101068
-0.112173
0.001433
0.107585
0.025967
-0.125156
0.036056
0.045194
0.124179
-0.012858
-0.039103
0.136175
-0.011222
0.206768
0.178547
0.224731
-0.085355
-0.106585
-0.096462
0.028562
0.122165
-0.052729
-0.024525
-0.085304
-0.045990
-0.049294
-0.053531
0.083288
0.045843
-0.057410
-0.004490
-0.110243
-0.073110
0.116198
0.089319
0.162599
-0.026812
0.077264
0.114057
-0.033024
0.015803
-0.205110
-0.164371
-0.092028
0.021558
-0.026679
-0.086624
-0.051241
-0.064700
0.046712
0.208766
-0.121298
-0.035970
-0.104835
-0.105237
0.022369
-0.114159
-0.075391
-0.038144
-0.127324
-0.203642
-0.020420
-0.042909
-0.035153
-0.116429
0.153293
-0.013584
-0.242876
-0.032834
0.008544
-0.080627
-0.065712
0.202923
-0.036938
-0.014882
0.095578
0.076577
0.018688
-0.087279
0.006915
-0.012572
0.046966
0.113277
0.243983
-0.155751
0.024498
-0.016082
-0.047926
-0.042205
-0.000366
-0.063776
-0.221220
-0.018124
-0.114298
0.090557
-0.058071
0.035682
-0.062936
-0.047680
0.159586
-0.032268
-0.050868
0.057438
-0.153577
-0.121185
0.066926
-0.020020
0.057705
-0.054495
0.012631
-0.075955
0.082979
-0.074881
0.072912
-0.088149
0.028828
0.123919
-0.145376
-0.117833
0.052019
0.007128
0.032306
0.139583
0.125059
0.054617
0.000235
0.043807
0.011074
0.001257
-0.035293
0.013911
0.093232
0.003796
0.054337
0.011708
0.003243
-0.114700
0.022419
-0.068767
0.075051
0.119813
0.176462
0.046257
-0.086972
0.028165
0.054579
-0.040722
0.016856
-0.150859
-0.055953
-0.020647
-0.001734
0.052532
-0.120093
0.024454
-0.015016
0.035105
-0.053015
-0.010327
0.005223
-0.155914
0.040003
-0.058938
-0.065920
0.059363
-0.018270
0.074254
0.014294
0.217601
-0.108265
-0.047716
0.112939
0.046632
-0.016097
0.118014
0.084351
0.111433
-0.286927
0.039656
0.054380
-0.001677
0.055960
0.027476
-0.016390
-0.023420
0.061203
-0.095697
0.076822
0.077528
-0.002687
0.044075
0.034381
-0.122640
-0.218623
-0.031352
-0.036087
-0.026605
-0.026638
-0.022889
-0.089280
-0.138880
-0.060522
0.027678
-0.030820
-0.081265
0.030839
0.116095
-0.014847
-0.142387
0.002568
0.056328
-0.042846
0.097909
0.027802
0.070104
-0.095208
0.051597
0.113547
0.066607
-0.101005
0.089507
0.039654
-0.069638
-0.003880
0.074845
-0.057132
-0.070138
-0.012056
-0.174951
0.036106
0.090220
0.006683
-0.006967
0.055260
0.129694
-0.074536
0.182372
0.102304
0.053656
-0.052686
0.010941
-0.007543
0.034026
-0.021810
-0.030420
-0.047593
-0.013309
-0.079559
-0.060434
0.095496
-0.030187
-0.016419
-0.130194
-0.059132
-0.004285
-0.130689
0.027195
-0.020294
-0.047489
-0.097447
-0.035077
-0.026068
0.043628
0.020646
0.019231
-0.044333
0.150143
0.076820
0.028926
-0.083848
-0.095372
-0.067082
-0.020865
-0.082652
0.060568
0.007647
0.022010
0.012235
0.059873
0.031738
0.084635
0.038632
-0.068340
-0.012737
0.057348
-0.019109
-0.022194
-0.131514
-0.012705
-0.079709
0.126489
-0.039727
0.173308
-0.064122
0.102131
0.037962
0.058095
0.034770
0.152523
0.051704
-0.011815
-0.168583
0.004010
0.103699
-0.109743
-0.009842
0.155881
0.174593
-0.014586
-0.150705
-0.126413
-0.028635
0.040029
0.020257
0.080381
0.105953
0.049567
0.079395
0.087165
0.133846
0.062930
0.051074
0.153665
0.062890
-0.013083
-0.165214
0.009377
0.015127
-0.051635
0.061325
0.017947
-0.070989
-0.024285
-0.005453
-0.035021
-0.083039
-0.030803
0.031713
-0.130410
-0.097031
0.017679
-0.008340
0.005737
-0.069905
-0.072676
0.101865
-0.171169
-0.125927
-0.134536
-0.041260
-0.046372
0.091776
-0.040067
0.138260
-0.057935
0.038570
0.027479
-0.088825
-0.041527
-0.133862
0.051747
0.099067
0.029967
0.017066
0.022030
0.004596
-0.211957
0.030501
-0.103626
-0.164332
0.223115
-0.161766
-0.016893
-0.003677
-0.078073
0.023559
0.080813
0.024565
0.059092
0.117610
-0.017213
0.015099
0.016645
0.038710
-0.148924
0.102670
-0.153212
-0.019935
-0.102624
-0.290525
-0.064612
-0.099286
-0.000373
0.024045
-0.074754
-0.000953
0.038021
0.068090
0.201124
0.095799
-0.012101
0.010525
-0.002138
-0.233396
0.039661
0.078256
-0.016190
-0.056082
0.040944
-0.121922
0.033065
0.026286
-0.068880
0.208568
0.009780
-0.038258
0.101459
-0.054720
-0.001059
0.133383
0.027582
-0.020011
-0.021181
-0.004059
-0.179829
0.119221
0.062043
-0.045198
0.021948
-0.027489
-0.053473
0.014583
-0.115806
-0.118669
0.020022
-0.091603
-0.095943
-0.084376
-0.035477
-0.001440
-0.060918
-0.078392
-0.057120
-0.181447
-0.049658
-0.087986
-0.011346
0.048146
0.102265
0.143117
0.082979
0.014243
-0.024037
-0.049603
0.014748
0.084581
0.005177
-0.094820
-0.139877
0.085488
-0.037388
0.001301
0.005172
0.020406
-0.018896
-0.000914
0.126156
-0.161633
-0.167292
-0.067014
-0.026102
-0.117794
0.139399
0.207983
0.043327
-0.032349
-0.009960
-0.263186
0.009810
-0.037394
-0.035249
-0.105546
0.000512
-0.089253
-0.286244
0.099794
-0.060523
-0.101940
0.102628
0.106520
0.026035
-0.047953
0.018132
-0.104112
-0.172894
-0.098514
-0.259973
0.005247
0.008548
0.037848
-0.201199
-0.063665
0.051805
-0.309748
-0.102579
-0.006161
0.084688
0.030251
-0.075567
0.242144
-0.036229
-0.064868
0.121702
-0.033910
0.194662
0.094548
0.017233
-0.027367
0.029959
-0.101971
-0.202161
-0.181236
0.080465
-0.001363
-0.335297
-0.255985
0.006730
-0.086950
0.173352
-0.020255
0.128320
-0.120904
0.055358
0.023717
0.236505
-0.194168
-0.076387
-0.162087
0.025589
0.071741
0.226057
-0.024481
0.038844
-0.077238
0.013011
0.071524
-0.023363
-0.081943
0.002089
-0.016592
-0.110957
-0.150177
-0.005673
-0.051900
-0.065991
0.314508
-0.139195
-0.071418
-0.273196
0.084103
0.106806
-0.051662
0.045137
0.045570
-0.003335
-0.004847
0.067162
-0.103073
-0.096564
0.108008
-0.064407
0.072459
-0.061488
-0.046040
-0.101484
0.032151
0.148827
0.061093
-0.026453
0.022975
-0.003891
0.180498
-0.094815
0.030706
0.032524
0.087890
-0.017782
0.023315
0.051954
-0.013813
0.103351
0.075330
-0.065224
-0.023394
-0.078517
-0.051723
0.000080
-0.011989
-0.291123
-0.091902
-0.037212
0.235795
0.022092
0.101083
0.203242
0.004456
0.025944
-0.063529
-0.030801
0.099979
-0.016269
-0.046374
-0.119511
0.124186
-0.035245
-0.037254
0.028857
0.025301
-0.154865
-0.096862
0.029795
-0.155130
0.014004
-0.099515
-0.038465
0.132413
-0.043352
0.101062
0.148466
-0.050119
-0.289656
-0.118013
0.141934
-0.034627
-0.085258
-0.232503
-0.098444
-0.092072
-0.109389
0.003876
0.156001
0.169457
-0.096995
-0.065177
0.120793
-0.042977
-0.059141
0.054570
-0.024333
-0.121866
0.023229
0.098360
0.030965
0.051058
0.124616
-0.057194
-0.088759
0.002668
-0.222058
-0.056334
0.095358
-0.087993
0.026162
0.141340
0.176143
-0.079960
0.099418
-0.070608
0.078096
-0.125663
0.031933
-0.024807
0.141879
0.151778
-0.123612
-0.093086
-0.124663
0.273852
0.194668
0.134195
-0.029269
-0.105521
-0.166229
0.036248
0.132833
0.001162
-0.111140
0.079725
0.003679
-0.028310
0.118484
-0.049474
0.066513
0.095629
0.204684
0.007963
0.075782
0.051313
0.001021
-0.014687
0.191104
-0.038402
0.045875
-0.147051
0.142237
-0.080493
-0.065520
0.117453
0.071666
0.068034
-0.141703
0.032406
-0.118512
0.170812
0.042799
-0.079095
-0.014575
0.055676
-0.086821
0.116298
-0.189394
-0.059457
0.008970
0.216958
-0.001085
-0.070036
-0.009068
0.098514
-0.115050
0.082816
0.055034
-0.059062
0.037274
0.339710
0.053192
-0.078084
-0.165073
0.267560
0.027092
-0.098439
0.266604
-0.091548
0.066940
0.111621
-0.279123
-0.084232
0.038604
0.192569
-0.234015
-0.001271
0.000867
0.078872
-0.025452
-0.028772
-0.120095
0.063896
0.182076
-0.206184
-0.184935
-0.052497
-0.067490
-0.095154
0.105152
-0.105136
0.004875
0.156700
0.051364
-0.160273
-0.100644
0.062775
0.053584
-0.077349
0.135287
-0.145422
-0.033022
-0.059640
-0.061457
0.064878
-0.216446
-0.029402
-0.266101
-0.186307
-0.147834
-0.077390
-0.016694
-0.201841
0.136289
0.122764
0.071508
-0.007886
0.118291
0.050419
-0.069113
0.382977
-0.200274
0.065736
0.083603
-0.122241
-0.055137
-0.131852
0.155578
0.012531
-0.174565
0.005085
0.008553
-0.186360
-0.046660
0.078314
-0.048313
0.071872
0.141811
0.202945
-0.030188
-0.067925
-0.029253
0.138788
0.140432
0.017873
0.101062
-0.054129
0.157950
0.102467
-0.153097
0.099991
-0.028583
0.066604
-0.126929
-0.064437
-0.025254
-0.078807
-0.091171
0.036877
0.006939
-0.007051
0.101540
-0.072118
-0.043478
0.024503
-0.135875
-0.018166
0.036578
-0.017832
0.131172
0.041276
-0.153991
0.177298
0.135094
-0.010151
0.075757
-0.021558
0.017758
-0.022006
0.114430
-0.041049
0.000697
-0.039112
-0.144620
0.220577
-0.104086
0.128098
-0.065063
0.111803
0.181372
-0.042832
0.016095
0.086888
-0.023559
0.099664
0.078121
0.013227
-0.199435
-0.066286
-0.269589
0.123184
0.182336
0.178902
0.136429
0.144142
0.027503
0.082824
0.096006
0.127480
-0.162973
-0.043188
0.163888
0.095501
0.274123
-0.065933
-0.108977
0.181773
0.040532
0.052987
-0.119998
-0.197919
0.062884
-0.280054
-0.239335
0.065144
0.001132
0.077130
0.039544
-0.177044
0.017186
0.140856
-0.176873
-0.169170
-0.159920
-0.308684
-0.186928
0.012613
-0.186498
0.048183
0.107063
0.093013
-0.110639
0.172584
-0.078415
-0.036215
0.206253
-0.053739
-0.074681
0.095469
-0.249443
-0.052659
-0.099571
0.089274
0.331342
-0.087887
-0.081249
-0.149178
-0.037759
-0.179759
-0.262158
-0.121736
-0.189445
0.060869
-0.067839
-0.077276
0.083081
-0.005036
0.018964
-0.017705
-0.151048
0.047119
0.094419
0.140433
-0.011991
0.014901
-0.018872
0.031949
-0.135541
-0.025667
-0.163565
-0.063252
0.295563
-0.122519
-0.049425
0.061591
-0.021708
0.026797
-0.230332
0.219772
0.047858
-0.039898
0.193836
0.242567
-0.199996
-0.063009
-0.015808
0.115738
0.047151
0.020702
0.158106
-0.060905
0.053821
0.061305
-0.192942
-0.067585
0.081172
-0.200475
0.072869
0.117722
-0.179102
-0.022683
-0.077911
-0.056823
0.033194
0.067527
-0.128990
0.090747
-0.072763
-0.118423
-0.045898
0.118262
-0.006575
0.068906
0.048500
-0.007809
0.056960
0.063020
-0.068386
-0.109317
-0.086349
-0.003022
-0.184594
0.061331
-0.216913
0.003494
0.188013
-0.072228
-0.151691
-0.023705
-0.004180
-0.101035
0.011541
0.148497
0.034404
-0.024031
-0.140950
-0.048086
-0.065888
0.043581
0.005288
0.249167
0.042438
0.208823
-0.017317
0.117359
-0.030511
0.276505
0.036189
-0.073192
0.124206
-0.110582
-0.018648
-0.032505
0.001400
-0.071323
-0.045787
0.146126
-0.044236
-0.043737
0.048399
-0.105830
-0.034175
0.010550
-0.046461
-0.028167
-0.232142
0.177973
-0.088019
0.084958
0.051483
-0.081610
0.035535
0.111564
0.144755
0.028007
0.034483
-0.144655
0.238041
-0.103051
-0.019977
0.190654
-0.010622
0.197059
-0.059836
0.169449
-0.004902
-0.010464
-0.001196
0.130397
0.020703
-0.000472
-0.063582
-0.075254
-0.074065
-0.128381
0.029128
-0.076154
0.184526
0.147555
-0.101450
0.054713
0.103732
-0.179645
0.380094
-0.104362
0.047796
-0.085259
0.028229
0.047984
0.050936
0.031887
-0.014503
0.028757
-0.051890
-0.095439
-0.016186
0.118408
-0.092749
-0.155777
-0.064427
-0.199085
0.199212
-0.090079
-0.019241
-0.105490
0.024830
-0.102347
0.036647
-0.094411
0.186556
-0.058150
0.029173
0.141265
0.151770
0.024923
0.010509
-0.192204
-0.015455
-0.116024
-0.026716
-0.039969
-0.273965
-0.126503
0.162471
0.053324
0.156462
0.056208
-0.061375
-0.157146
-0.067535
0.011277
0.047538
-0.045315
-0.057256
0.070533
-0.056126
0.116692
-0.070794
-0.203240
0.098976
-0.037987
-0.017268
0.092598
-0.044407
-0.066018
0.010210
0.057664
0.018235
0.162053
0.022959
0.102440
-0.099392
0.045054
0.061642
0.008656
0.066196
0.009415
-0.251079
-0.015913
0.145103
0.022882
0.088980
0.071258
-0.087054
0.230753
-0.095342
0.140169
-0.030917
-0.021036
-0.078698
0.036915
-0.068943
0.032273
0.070899
-0.145855
-0.082051
-0.109559
0.084776
0.122347
-0.150532
-0.101667
-0.012866
-0.089925
-0.027470
-0.021546
0.101366
0.141162
-0.116107
-0.131451
0.120852
0.015823
-0.341286
-0.058124
0.126941
-0.093732
-0.000430
-0.021273
0.172058
-0.102545
-0.134549
-0.033356
0.004895
-0.098736
0.111759
-0.028493
-0.038121
0.023991
-0.181959
0.016696
-0.129124
-0.186124
0.034052
-0.032122
0.134185
0.007370
-0.068418
-0.106680
-0.088643
-0.069059
0.131199
-0.056547
0.075747
-0.075529
0.043184
0.074236
0.011820
-0.062416
0.051705
0.073005
-0.428168
-0.069602
0.008938
0.009883
-0.047223
-0.006083
0.123307
-0.152706
-0.080706
0.102559
-0.056657
-0.070815
-0.115520
0.019865
0.168595
0.010514
-0.074509
-0.001936
0.010074
0.024538
0.190324
-0.067734
0.176506
-0.124187
-0.141044
0.071549
-0.082804
-0.008714
-0.072812
-0.037538
-0.047430
-0.147489
-0.171677
-0.056478
-0.059223
-0.025185
0.294833
-0.014938
0.074166
-0.113528
0.026286
0.031569
0.149212
-0.018781
0.180565
-0.150728
-0.143351
0.202248
-0.055118
-0.054937
0.122649
0.009585
-0.007803
0.237660
-0.106426
-0.142845
0.001469
0.051790
0.024583
0.067580
0.206090
-0.136467
-0.020025
0.015649
-0.043126
-0.032559
0.050171
0.062983
-0.027835
-0.185791
-0.081019
-0.006989
-0.113853
0.102884
0.017272
-0.067601
-0.030792
-0.195873
-0.140195
0.026381
0.040435
0.149481
-0.233997
0.150443
-0.025950
0.157251
-0.111476
-0.136918
-0.178488
-0.052829
0.060123
-0.052081
-0.015350
0.149618
0.292402
0.067103
0.051920
-0.048570
0.053117
0.013401
-0.141483
-0.188747
0.182224
-0.136200
-0.027673
0.108415
-0.007811
-0.067163
-0.244115
0.066653
-0.001486
0.149765
-0.120561
-0.186268
0.115497
-0.056890
-0.171427
0.098244
0.004468
0.053447
0.008302
0.000406
-0.162616
-0.037427
0.087636
-0.044753
-0.121991
0.032726
-0.074460
-0.080243
-0.049366
0.076279
-0.027153
-0.184158
-0.017232
-0.115842
-0.046331
0.013647
-0.046436
-0.068150
0.023375
-0.019130
0.028897
-0.006653
-0.139369
-0.084696
-0.174439
-0.046851
0.309490
-0.199187
-0.075618
-0.033472
0.003642
-0.104161
0.220064
-0.020064
0.197688
0.078981
-0.009238
-0.058278
-0.149088
0.069720
-0.216047
-0.097599
0.139950
-0.123349
-0.185597
0.106104
0.068747
-0.170491
-0.063209
-0.176329
-0.005311
0.073589
-0.054228
-0.170275
0.155004
-0.094299
-0.003061
-0.051561
0.079414
-0.171809
0.005304
0.006675
-0.017074
-0.052187
-0.173248
-0.166068
0.016677
0.256958
-0.191745
0.091326
0.114125
0.132009
-0.203326
-0.267841
-0.100384
0.097898
0.036025
0.076833
0.088309
-0.145440
0.084390
-0.172596
-0.067719
0.026969
0.001154
0.002856
0.273606
-0.219822
-0.032694
-0.057722
-0.065560
0.092199
-0.061206
-0.084225
0.368881
0.019308
0.099899
-0.136420
-0.066572
-0.003511
0.229139
-0.039084
-0.002410
-0.119628
0.071457
-0.006376
0.216312
0.111321
0.051885
0.081772
-0.053337
-0.088488
0.033969
0.024261
-0.058787
-0.068736
-0.015161
0.146484
-0.042730
0.003197
-0.077783
-0.023574
0.059508
0.038801
0.352470
-0.101153
-0.011569
0.046727
-0.194714
0.036160
0.007708
0.179086
0.075892
0.029358
-0.165299
0.032937
0.031979
-0.077248
-0.123728
0.006387
-0.279306
-0.382734
-0.194821
-0.132414
-0.081193
-0.083649
0.034605
-0.197453
-0.073654
0.079366
0.141572
0.128206
0.034893
0.006513
0.219978
0.002481
-0.079110
-0.019339
0.074971
-0.030337
0.024888
0.046331
0.089722
0.188982
0.020151
-0.021413
0.125073
-0.070525
0.044211
0.293840
-0.004519
-0.069101
-0.142681
0.186140
0.018287
0.067065
-0.005143
-0.094223
-0.188892
0.056794
-0.058558
0.086664
0.030562
-0.038299
0.142920
-0.173634
-0.098135
0.023335
-0.199459
-0.048527
0.046824
-0.106521
-0.067752
0.039947
0.006370
0.057224
-0.093279
-0.127001
0.111351
0.066768
-0.082028
0.095072
0.095357
0.058733
-0.112449
0.032927
-0.161100
-0.015617
0.007505
0.138890
-0.079080
0.176543
0.080211
-0.032106
-0.014720
-0.076895
0.013001
-0.002559
0.095081
-0.039752
-0.017752
0.273918
0.070252
-0.147057
0.036192
0.004803
-0.220414
0.142601
-0.336789
-0.095653
-0.070532
0.087788
-0.049915
0.015444
-0.057644
0.068619
-0.134759
0.306690
0.038484
0.161268
0.129030
-0.008598
0.094020
-0.077918
0.113297
0.000104
-0.042120
0.037338
0.037219
-0.058761
0.170770
0.018242
-0.058777
-0.034551
0.023557
-0.009141
0.049698
0.013021
-0.146762
-0.006067
0.018072
-0.060184
0.132762
-0.006649
-0.097165
-0.088262
-0.011201
-0.000502
-0.040593
-0.072818
0.139404
0.033599
0.018984
-0.135660
-0.021040
0.082860
-0.015500
-0.059548
0.239362
0.066659
-0.161678
0.110946
-0.253604
0.030634
0.157390
-0.152377
0.055768
0.007325
0.031799
-0.004284
-0.159697
-0.077346
0.045067
0.168922
0.287797
-0.031827
0.034951
-0.198288
0.077441
-0.040115
-0.137307
0.277701
0.155169
-0.156964
-0.070861
0.130087
-0.061461
-0.063757
-0.225972
-0.012848
0.040011
0.112009
0.178273
0.004104
-0.085296
0.048794
-0.064233
0.091774
0.060998
-0.012414
-0.038070
-0.086102
0.024886
-0.156840
-0.031922
0.157025
0.189909
-0.011603
-0.122822
0.067352
0.072962
0.091614
-0.061726
-0.127287
0.171437
-0.020782
0.075923
-0.018377
0.034720
-0.142324
0.069947
-0.081706
-0.001774
0.096656
0.074588
0.001066
-0.152185
-0.008321
-0.003744
0.051218
0.113323
-0.111841
-0.019327
0.063752
-0.026218
0.004233
0.235063
-0.143681
-0.044260
0.044547
0.090979
-0.017429
-0.009015
-0.285555
0.013388
-0.038629
-0.116569
-0.018367
-0.086142
0.167500
0.102284
0.042108
0.084157
-0.144249
-0.200306
-0.019504
-0.034633
-0.077059
0.034143
0.024947
0.047712
-0.025707
0.050428
0.098383
0.019594
0.305692
-0.015724
-0.077808
0.008462
-0.132965
0.168518
-0.013981
0.150229
0.050927
0.023211
0.049774
0.070339
-0.050140
0.010168
0.042854
-0.079909
-0.178130
0.012480
-0.000124
-0.050771
0.076996
0.064979
0.173811
-0.015722
0.082785
-0.357240
-0.074324
0.177139
-0.145415
-0.269651
-0.094900
-0.125336
0.248413
-0.094380
0.219019
-0.121632
-0.057445
-0.027750
-0.199241
0.019779
0.035868
0.003168
-0.122281
0.246701
-0.130283
-0.030028
-0.147395
-0.079205
-0.085957
-0.067484
0.231913
0.099991
0.063191
-0.036584
-0.004974
-0.054659
-0.050155
-0.020130
0.239842
0.008114
-0.122627
0.105884
-0.049746
0.003526
-0.162356
-0.123863
0.069145
0.164402
-0.040947
0.185920
-0.049736
-0.095852
-0.044887
0.050438
-0.079342
0.117617
-0.013382
0.069920
-0.089742
-0.098304
0.104464
-0.032840
-0.120005
-0.108892
0.050244
0.037574
-0.244908
-0.000143
0.004472
0.130415
-0.087032
0.033500
0.043869
0.083876
-0.073467
0.072745
-0.196830
0.027403
-0.039389
-0.234479
0.082868
0.141411
0.000501
0.004587
-0.174271
0.143354
-0.078898
0.031576
-0.038601
-0.183353
-0.163680
0.103069
-0.015616
-0.021886
-0.017900
-0.005883
0.088966
0.204094
-0.009882
-0.004252
-0.142192
-0.013791
0.117346
0.058492
0.155724
0.143040
0.141980
-0.114680
0.122944
0.126649
-0.041298
0.059785
0.009261
-0.113463
-0.035569
0.152983
0.023148
-0.306717
-0.039028
0.064189
0.011407
-0.062679
0.105314
-0.176518
0.061294
0.007184
0.170381
0.118249
-0.064252
0.001066
-0.035736
-0.069953
0.203127
0.061102
0.008033
-0.053382
0.045618
0.297967
-0.106841
0.005660
0.281025
0.074034
0.157705
0.060015
-0.078831
0.101063
-0.056441
-0.047110
-0.052154
0.130083
0.192256
0.367217
0.037109
0.074745
0.157060
-0.120366
-0.032071
-0.038051
0.165154
-0.047352
0.182898
0.005759
-0.044498
-0.068181
-0.006833
0.090598
0.049704
0.029131
0.073153
0.032450
-0.181327
-0.017946
-0.090602
-0.249279
0.046669
0.247377
0.478847
0.135935
-0.117630
0.071741
0.153716
0.085949
0.207768
-0.107319
-0.006288
0.003764
0.292031
-0.009436
0.054281
-0.002966
-0.009233
0.051471
-0.063455
-0.016383
0.107372
-0.024291
-0.052104
0.017953
0.242294
-0.058569
-0.037889
-0.051588
0.102719
0.024089
0.105304
0.113392
0.038175
-0.347636
-0.063550
-0.136222
0.069828
-0.031057
0.017852
-0.040400
0.005749
-0.155197
-0.141320
0.025021
0.015346
-0.118854
-0.085557
-0.044214
0.099072
-0.000527
0.030302
-0.188284
0.216089
-0.124961
0.221858
0.079831
-0.139774
0.177921
0.137365
0.092580
-0.142857
-0.094431
-0.227351
0.066441
-0.089161
-0.087319
-0.046806
0.154463
-0.009188
-0.038961
0.126729
0.017163
-0.170569
0.063312
0.048787
-0.121652
-0.107492
-0.038629
-0.120490
0.018383
-0.112527
-0.075931
0.093052
0.012518
0.136127
-0.111100
-0.116637
-0.135859
0.077773
0.194631
-0.133503
0.144018
-0.001814
0.046113
-0.078489
-0.054893
-0.017373
0.087602
0.042921
-0.016336
-0.103762
0.040837
-0.211993
0.062250
-0.096811
0.082680
-0.098794
-0.088287
-0.133493
-0.087552
0.027731
-0.168361
0.024613
-0.129462
0.046910
-0.095764
0.115349
-0.049022
0.000027
0.147739
0.131168
-0.171541
0.068892
-0.070944
-0.057620
0.046700
-0.000705
0.138691
0.039920
0.117609
0.035033
-0.047118
-0.020881
0.017532
0.070276
0.043066
-0.064015
0.096110
0.015043
0.123842
0.125125
-0.053798
-0.073641
-0.096354
-0.052925
-0.059170
-0.011452
-0.164121
0.029351
0.027218
-0.205259
0.001304
0.070926
0.120649
-0.063913
-0.008711
-0.078288
0.053120
-0.019538
0.032815
-0.095059
-0.023917
-0.091774
-0.112163
0.005721
0.008294
0.043600
0.160215
-0.016384
0.127640
-0.084787
-0.177698
-0.059937
-0.046203
0.118107
-0.093517
-0.044532
0.030466
-0.185563
0.232613
0.002699
0.214709
0.064207
-0.031738
0.086519
-0.064197
0.124950
0.030094
-0.045820
0.069922
0.070608
0.017136
0.087770
-0.091426
-0.023223
-0.073401
-0.104222
-0.085781
-0.071799
-0.187717
0.038410
0.190204
-0.066432
-0.095650
0.037367
-0.209894
0.060053
0.015806
-0.261339
-0.003306
-0.011779
0.042982
-0.190909
-0.018575
0.289395
0.184624
0.008955
0.114904
-0.241690
-0.047268
-0.195122
-0.150994
0.003761
0.085138
-0.004253
0.283235
-0.153095
0.112331
0.089386
-0.119751
0.095853
-0.078911
-0.225890
0.010645
0.120120
0.277369
0.204060
-0.224996
0.020192
0.007463
-0.092100
-0.066998
0.090426
-0.044095
-0.021334
-0.073925
0.073235
0.010131
0.026310
0.149071
-0.083561
0.194840
-0.027930
-0.015647
0.142837
0.096783
0.011349
-0.070185
0.035558
-0.017475
-0.027144
0.056894
-0.016751
0.205385
-0.150042
0.124297
0.029357
0.106734
-0.058631
0.128053
-0.001477
0.076834
0.059460
0.014372
0.213226
0.065019
0.182952
0.023001
0.155354
-0.107648
0.029947
-0.133748
-0.140579
-0.071209
0.102171
0.106308
0.199610
-0.093029
-0.165343
-0.028535
-0.301109
-0.066279
-0.147149
0.150702
0.046499
-0.207944
0.040910
0.034304
-0.134988
0.164389
0.056568
-0.002934
0.065316
-0.105287
-0.035881
0.022668
-0.150976
0.076439
-0.294847
0.114782
-0.022028
0.113437
0.112183
-0.021973
0.095309
-0.090405
-0.019446
0.153732
-0.046872
0.002147
0.036890
-0.073951
0.101114
-0.276972
0.131368
-0.163644
0.067154
-0.042922
0.205855
-0.071105
-0.037165
0.061634
0.095085
-0.045513
-0.223214
-0.015589
-0.012943
0.022403
-0.042065
-0.113726
0.018618
0.202872
-0.008292
-0.187894
0.017196
-0.043076
-0.159988
-0.267321
-0.014892
0.151652
-0.139948
0.041015
0.010701
-0.060234
0.103071
0.302561
-0.094499
-0.033439
-0.059789
-0.169830
0.054982
0.153167
-0.107116
-0.078760
-0.018275
-0.063398
0.104212
0.159155
-0.196808
0.051891
0.025460
0.048498
-0.032065
0.008213
-0.143824
0.004277
0.036147
-0.306031
0.016379
0.058135
0.199717
0.037403
0.044531
0.083866
0.084219
0.102370
0.157736
0.166759
-0.271176
0.258225
-0.011948
-0.038472
-0.110915
0.065658
-0.024139
0.288338
0.109818
-0.031883
0.010404
-0.050505
0.064112
0.333945
0.151408
-0.014978
-0.030758
0.012428
0.032684
0.044758
-0.092408
-0.030349
-0.197280
-0.304495
0.011497
-0.128134
-0.005262
0.081460
0.097796
0.266867
-0.004698
0.020908
0.129865
0.038584
0.034885
0.142892
0.137725
-0.044538
0.192920
0.198264
-0.061292
-0.088802
-0.172167
0.055113
0.032418
0.224923
0.087938
0.032720
0.125497
0.082899
-0.187393
0.271656
-0.009247
0.128752
-0.179761
0.101243
0.003069
0.064483
-0.004012
0.144953
0.160292
-0.166614
-0.084287
-0.041868
0.171786
-0.047305
-0.069695
-0.204228
0.126761
-0.016229
0.310944
-0.049883
0.074935
-0.097938
0.234781
0.108560
0.032010
-0.029713
0.033330
-0.011223
-0.096610
-0.149392
-0.129441
0.214797
0.044652
-0.074733
-0.132510
0.088484
-0.116253
-0.070496
0.126558
-0.002699
0.092516
0.055816
0.028075
0.202830
0.017290
0.050223
0.014207
-0.033172
-0.276970
-0.039474
-0.126318
-0.055203
-0.114094
0.038828
-0.033481
0.096133
-0.185116
0.064527
0.142537
0.145696
0.160749
0.063597
0.202731
0.188211
-0.131555
-0.030279
0.082885
-0.010321
-0.059896
0.015215
0.047471
-0.003695
-0.075938
-0.086224
-0.103560
0.032945
-0.054635
-0.080120
-0.038662
0.177665
-0.114233
0.073102
-0.052768
0.306885
-0.012390
-0.071642
0.029779
0.080204
0.090896
-0.146708
0.070075
0.023293
-0.016195
0.037027
0.088182
-0.049177
0.104152
-0.141640
-0.212664
0.043555
-0.069927
0.027082
-0.038596
-0.088108
0.044861
-0.171131
-0.027089
-0.076873
0.001379
-0.124760
0.189711
0.012317
0.048349
-0.105205
-0.120829
0.039676
0.064152
-0.089731
0.000643
-0.040538
0.096326
0.142462
0.016976
0.148341
0.000379
-0.091159
0.097654
-0.119182
0.014618
-0.029406
-0.076761
-0.049479
0.039271
-0.089527
0.044259
-0.042250
0.013277
0.112807
-0.117026
0.035160
-0.058210
-0.085350
-0.196646
0.189399
-0.024835
-0.253653
0.003940
-0.154410
0.165278
-0.095741
-0.062695
-0.139379
-0.061179
-0.002925
0.020100
0.036947
-0.312107
-0.013287
0.053567
0.205481
0.158190
-0.008667
0.023373
-0.185718
-0.008362
0.049074
-0.011746
0.135488
0.040673
0.047746
-0.008433
-0.058493
0.015627
-0.085505
-0.023132
-0.070561
-0.055435
0.228614
-0.058780
0.019159
0.025449
0.154396
0.079774
0.052366
0.074428
-0.018523
0.001417
0.269220
0.042170
0.063010
0.060808
0.065977
0.059483
0.018355
-0.094320
0.094987
0.288451
-0.021808
-0.054308
0.028826
-0.079097
-0.218912
-0.303372
0.107279
0.190521
0.193311
-0.053650
0.189308
-0.001742
0.023558
0.205413
0.187400
0.211881
-0.050810
0.074809
-0.116585
-0.113666
-0.055221
0.094124
0.006940
-0.085354
0.051233
0.141150
0.044101
-0.296055
0.100250
0.153182
0.090581
-0.047171
-0.198161
-0.057279
0.026400
0.025770
0.130177
0.171743
-0.219393
0.143559
0.043166
0.101514
0.016146
-0.142522
-0.162597
0.098416
0.046867
-0.039910
-0.147668
-0.032207
-0.005562
-0.062558
-0.073371
0.034509
-0.000561
-0.026778
0.017981
-0.003645
-0.043960
0.167294
0.020751
-0.105653
0.141460
-0.096250
0.243681
-0.096880
-0.145121
0.131017
0.028549
0.031720
0.038607
0.025118
0.013011
-0.156682
-0.016258
-0.008705
-0.037086
-0.175001
0.010642
0.046752
0.085580
0.156694
-0.012520
-0.040281
0.004937
-0.213764
-0.011612
0.025815
-0.050471
0.097641
0.022214
-0.017457
0.057904
-0.089176
0.060859
-0.123340
0.059403
-0.091192
-0.159907
0.053683
0.041947
-0.043168
0.022894
-0.056292
-0.063951
-0.028424
-0.026475
0.018091
-0.135014
-0.179902
0.033988
-0.079648
-0.014387
-0.140674
-0.000663
0.083265
0.035586
-0.103901
0.118621
0.002250
0.102877
0.038462
-0.029331
-0.135076
0.119684
-0.102810
-0.040934
0.089850
-0.018665
0.016862
-0.048601
0.074639
0.150887
0.066621
0.085517
0.016676
0.013559
-0.043443
0.014976
0.219395
0.093643
0.112034
-0.074453
-0.038560
-0.086042
0.006380
0.043659
0.105029
0.095866
-0.036523
-0.040425
0.055918
0.092482
0.068861
0.057934
-0.010249
0.207754
0.111534
-0.023093
-0.053865
-0.133002
-0.038179
0.027036
-0.215367
0.021222
0.124518
0.105681
0.085713
0.124841
0.002051
-0.145472
-0.017848
-0.039749
-0.039825
0.045656
0.038489
-0.069523
0.013384
-0.021433
0.150953
0.093452
-0.018428
0.042129
0.051146
-0.030719
0.073567
0.173892
0.050264
-0.022856
0.181612
0.032503
0.018610
-0.062170
0.060819
0.008353
0.017680
0.065042
-0.014408
-0.038701
0.015551
0.112539
-0.058372
0.081698
-0.044370
-0.013542
0.088074
-0.026554
-0.028999
-0.009514
0.009336
-0.039048
-0.136486
0.011584
-0.126354
-0.020022
0.148882
0.046372
0.231274
-0.413320
0.009787
-0.013060
0.065312
0.160652
-0.018135
0.117270
0.028974
-0.011942
0.109311
0.014943
0.046996
-0.094843
0.153296
-0.196439
0.143246
0.110688
-0.129276
-0.174495
0.277025
-0.002015
0.010033
0.161955
-0.198001
-0.057417
0.170027
0.063519
-0.021768
0.163917
0.125272
0.114715
-0.010095
-0.075907
-0.067623
-0.016035
0.022768
0.004030
0.124842
-0.052631
0.092625
-0.263173
-0.045617
-0.090391
-0.127442
-0.034466
-0.217685
0.316670
0.013910
0.119787
0.063602
-0.146304
-0.055527
0.285861
-0.055390
0.138858
0.045815
-0.129510
0.213354
-0.013245
-0.001301
-0.059739
0.008795
-0.163032
-0.138488
-0.034586
-0.080225
0.028912
0.166710
-0.051997
-0.112281
0.046356
-0.050796
0.066499
0.013550
-0.032339
0.077590
-0.145492
0.060276
0.023912
0.039501
-0.053775
0.145599
0.033560
0.076053
0.212323
0.190230
0.166235
0.017110
-0.019923
-0.028632
0.000615
0.043610
-0.119015
-0.015427
0.068142
-0.105290
-0.004793
-0.052428
0.165830
0.103237
0.006959
0.073549
-0.047523
0.185339
-0.144258
0.116818
0.084354
0.060296
-0.105912
0.010227
-0.015021
-0.039423
-0.039864
-0.083087
0.016631
-0.268593
0.039881
-0.118672
-0.046520
0.194712
-0.083316
-0.151432
0.084611
0.136058
0.146027
0.045546
0.045832
-0.110334
0.108084
-0.035952
-0.116249
-0.189832
0.133917
0.002181
0.099368
-0.037988
-0.079194
-0.058983
-0.044101
-0.021182
0.013077
-0.089558
-0.180014
0.114283
-0.070241
0.084967
-0.140744
0.234918
-0.085637
0.053279
-0.018487
0.126059
-0.023749
-0.154512
0.068545
-0.020807
0.010623
0.095097
-0.179104
0.002640
-0.022376
0.084858
0.086976
0.061461
-0.060336
0.032611
0.074122
0.031642
0.064947
-0.016206
-0.017255
0.004465
0.231394
0.058430
0.055351
0.006162
0.120461
-0.008768
-0.023981
-0.011066
0.099816
0.051413
-0.206655
-0.095024
0.077464
0.011923
-0.069369
-0.042091
0.129351
-0.014513
-0.026906
0.143375
-0.021434
0.066955
0.028361
-0.040224
-0.104242
0.017379
-0.149956
-0.139139
-0.042318
-0.112697
-0.033355
0.017645
-0.046888
-0.121790
0.129587
-0.052851
0.026708
0.027752
0.096112
0.036775
-0.003451
0.010210
-0.112799
-0.009894
0.165540
0.080112
0.038231
0.078544
-0.356294
-0.045698
-0.050602
-0.136558
-0.081459
0.045088
-0.083472
0.178179
-0.206909
-0.053936
-0.156986
-0.112831
-0.017725
0.131026
-0.182592
-0.048396
-0.373079
0.035959
-0.052032
0.033767
0.009172
0.011867
0.064887
-0.127169
0.145715
0.147184
0.107530
-0.048524
0.055259
0.004659
-0.048421
-0.001393
-0.036756
0.049315
0.015791
-0.163421
0.176746
-0.028348
0.078692
0.085973
-0.113288
0.013212
0.016907
0.148933
-0.124036
0.007616
0.000061
0.066794
0.053334
-0.034063
-0.058142
-0.013473
0.105805
-0.042830
-0.071605
-0.055473
-0.124866
-0.150437
0.111254
0.023932
-0.180928
-0.092057
0.018400
0.035466
-0.095490
0.032557
0.172734
-0.083276
-0.023717
-0.097346
-0.027997
-0.018429
-0.042680
-0.169616
-0.012786
-0.138661
-0.048936
0.044246
0.043539
-0.098680
-0.027865
-0.137118
-0.077503
0.013134
-0.020080
-0.118709
-0.033557
-0.010912
0.046022
-0.037260
0.075408
-0.001436
0.016973
-0.011039
-0.160346
0.080906
-0.004973
0.116812
-0.026877
-0.043383
0.109587
-0.014085
0.114237
0.101673
0.064238
0.157420
-0.183428
-0.111781
-0.009662
-0.156602
0.156819
0.080049
-0.017880
-0.177004
0.020537
-0.014327
0.030540
0.074725
-0.119645
0.086774
0.231364
0.113658
0.032783
0.158699
0.062907
-0.005400
0.058148
0.024749
0.055400
-0.211348
-0.081400
-0.016982
-0.146233
-0.137534
-0.134835
0.042601
-0.017827
0.091407
-0.053901
-0.087164
-0.109288
0.028330
-0.116734
-0.070735
0.161309
0.016060
0.083278
-0.095621
-0.148271
0.294068
0.245237
0.119077
0.054179
0.068576
0.137874
-0.298147
0.067799
0.134885
0.042121
-0.050820
0.052511
0.039894
0.136980
-0.028363
0.027179
-0.104655
0.165321
0.339058
-0.149246
-0.042427
0.060924
-0.073240
0.111808
0.048493
0.177374
-0.067941
0.064766
-0.007612
-0.108423
0.246977
0.105433
0.075912
0.269046
0.057601
-0.017094
-0.316624
0.066544
0.003256
-0.134771
0.132957
0.114381
0.014701
-0.047995
-0.146426
-0.052474
-0.040144
0.075907
0.203003
0.156167
-0.048583
0.058801
0.116977
0.080876
0.060743
0.024859
0.102863
0.127131
0.013315
-0.169238
-0.096500
-0.001385
-0.250791
0.008987
0.047212
0.122751
0.028552
0.172719
0.136398
0.076404
0.103927
-0.146096
0.098094
0.131368
-0.086575
0.163443
0.033425
0.171282
-0.143720
0.002886
0.063970
-0.065054
-0.109317
-0.091217
-0.034932
0.057084
0.021375
-0.252456
0.036833
-0.136958
-0.044453
0.173400
0.054670
-0.079227
0.127865
0.095332
0.115567
-0.019312
0.312536
0.189245
-0.053804
0.020169
0.093942
0.062182
-0.093676
-0.076241
-0.182368
0.012009
-0.072478
0.022972
0.007539
0.097415
0.004226
0.017917
0.048691
-0.027504
-0.026221
-0.095203
0.236534
-0.039254
0.143254
0.092989
0.082406
0.220494
0.003619
-0.046653
0.164362
-0.151766
-0.021723
-0.206196
0.278053
0.099353
-0.269440
0.278544
-0.050048
-0.027021
-0.012892
0.054881
-0.045373
0.094808
-0.014130
0.041081
-0.043057
0.143790
0.044361
0.206011
-0.111246
0.009263
0.196951
-0.049927
0.047815
-0.080259
0.146111
-0.188319
-0.100280
0.235309
0.086091
-0.132727
-0.018576
0.107273
-0.202556
-0.007575
0.054674
-0.100501
-0.147937
0.031446
0.023794
0.104484
-0.172721
0.115825
-0.021418
-0.021866
-0.232471
0.027206
0.042476
-0.104042
0.182521
0.297165
0.147811
-0.004689
-0.092617
-0.140868
0.177359
0.124069
-0.052049
0.009693
-0.163267
-0.276068
-0.192805
0.045684
-0.076115
-0.097136
0.072567
0.023998
-0.047221
-0.101553
-0.128195
0.069837
0.154225
-0.298012
0.039860
-0.062308
-0.157149
-0.031144
-0.025262
0.139732
0.161830
-0.038788
-0.082577
-0.084334
0.005922
-0.073556
0.020400
-0.078093
-0.143284
0.200872
-0.221113
0.049007
-0.064339
-0.173132
0.113502
0.124320
-0.095639
-0.102424
-0.001926
0.047408
0.109783
-0.198225
-0.074082
-0.077164
-0.162428
-0.195275
-0.247387
-0.009188
0.061390
-0.101172
-0.089204
0.133505
-0.100254
-0.030892
-0.193594
0.002263
0.100980
0.158447
0.245621
-0.179348
0.007136
0.153671
0.054881
0.115422
-0.037121
0.213949
0.162653
0.010981
0.108271
-0.082294
0.022551
-0.171113
0.285818
0.009174
0.058026
-0.230219
-0.179012
0.047015
-0.011516
-0.040405
0.061208
-0.267362
0.159692
0.024106
0.186586
0.014736
-0.012066
-0.069778
-0.035102
0.282186
-0.197783
0.168443
0.069305
0.062639
0.006672
0.048572
-0.004516
0.027212
0.310762
0.096376
-0.126762
-0.048716
0.097589
-0.195963
-0.036325
-0.142209
0.194282
-0.026161
-0.093502
-0.170302
-0.058608
-0.136921
-0.065192
-0.054040
0.092152
0.032998
-0.131316
0.009857
0.167656
0.148981
0.093164
-0.148425
0.105278
0.034582
-0.178106
0.231309
-0.006793
-0.022212
0.016739
0.018535
0.019588
0.295728
0.017345
-0.120788
0.089427
-0.006959
0.029376
-0.363137
-0.326587
0.056705
0.050901
-0.047569
-0.073954
0.150807
-0.062080
-0.009941
0.053009
0.022397
-0.229446
-0.005112
0.062714
0.070537
0.202537
0.090055
-0.001847
0.055296
-0.111296
0.074481
-0.021308
0.087144
0.014567
-0.007937
0.101886
-0.080413
0.136329
-0.176759
-0.094245
0.260149
0.251786
-0.275153
-0.231680
0.009843
0.092798
0.028406
-0.173492
0.066906
0.095435
-0.147334
0.068541
0.026031
0.023625
0.086153
-0.008597
0.076880
0.098458
-0.019175
-0.052899
0.031226
0.094187
0.024788
-0.219343
-0.036851
0.119896
0.205964
0.029473
0.181423
-0.061163
-0.127413
-0.046118
0.003220
-0.002345
-0.100181
-0.012059
0.192235
-0.024440
0.035227
-0.033453
0.087683
0.059954
-0.055426
0.033383
0.094381
-0.003941
0.035611
0.018018
-0.007939
0.018615
-0.034406
-0.004572
-0.069863
-0.038283
0.122123
0.060488
-0.118375
-0.056684
-0.015430
-0.038096
-0.090731
-0.000610
-0.089548
0.020625
-0.140818
-0.009194
0.146893
-0.106058
0.031068
0.049064
0.107352
-0.046011
-0.007299
-0.118431
-0.066541
0.092891
0.102773
-0.075399
-0.006120
-0.051663
-0.013319
0.023928
0.001157
-0.124204
0.065624
0.099443
-0.014983
0.054889
0.048265
-0.086219
-0.078189
-0.005386
-0.158688
-0.089672
0.223936
0.043209
-0.006079
0.015151
0.029962
0.119157
-0.071570
0.056471
-0.017880
0.062492
0.025212
-0.028487
-0.122166
0.052134
0.154216
0.071576
-0.063165
0.106469
-0.090389
-0.089727
-0.017077
-0.070583
-0.094386
0.009742
-0.061328
-0.066718
-0.107314
0.015515
-0.170217
-0.051753
0.066500
-0.032272
0.116800
-0.127724
0.049849
-0.154259
0.038632
-0.113283
-0.064575
0.013870
-0.024168
-0.153543
-0.042112
-0.012614
-0.049452
0.028365
-0.072572
0.057241
0.023557
-0.063743
-0.043039
0.062201
0.102174
-0.016183
0.024578
0.040665
-0.040354
-0.007034
0.081590
0.014959
0.063834
-0.026638
0.095215
0.017161
-0.015644
0.181057
-0.011778
0.091738
0.035320
0.119966
-0.131733
0.093294
-0.184178
-0.036263
0.007477
0.036424
-0.134434
-0.078482
-0.054146
-0.040792
0.168923
-0.030288
0.035259
-0.031189
0.041626
-0.073767
-0.044310
-0.107583
0.109846
0.077845
0.006085
0.088343
0.153139
0.217365
-0.096017
0.095133
-0.112344
0.071681
0.024152
-0.111807
-0.077010
0.038834
-0.154742
-0.087150
-0.031955
-0.154358
-0.108746
0.052120
0.001555
0.068330
0.063513
0.020064
0.129213
0.023522
-0.086623
-0.059746
0.088249
-0.048293
0.115799
-0.049161
0.141399
-0.095847
-0.186856
0.095259
0.027490
-0.174773
0.028084
-0.094315
-0.146005
0.040705
-0.107846
0.143794
0.089785
-0.083534
-0.086587
-0.034917
0.041838
-0.045567
-0.129996
0.060848
-0.072413
0.057637
-0.062056
-0.040740
-0.000985
-0.130606
-0.053854
-0.123068
-0.056307
0.225050
0.046911
0.131325
-0.051840
0.109381
0.083044
-0.042059
0.053477
0.035275
-0.041535
0.068351
-0.054794
-0.085797
0.135299
-0.089477
-0.015918
-0.050400
-0.003608
-0.014063
-0.023610
-0.112503
-0.006803
-0.318740
-0.075343
0.029602
0.022151
0.004340
-0.115353
0.054650
0.161620
0.083572
0.068836
0.166048
-0.014105
0.177608
-0.051313
0.099656
0.051421
-0.074635
0.014073
-0.010781
-0.085508
-0.019584
0.103011
0.089155
0.032074
-0.059328
0.123520
-0.034280
0.029730
-0.349261
0.042915
0.061650
-0.077726
0.088352
0.065113
-0.056754
-0.195826
0.041563
-0.174867
-0.124177
-0.108074
0.205795
-0.116182
0.106796
0.131144
0.107520
-0.070515
-0.150813
0.075885
0.147503
-0.038936
0.073796
0.023636
-0.133417
0.211531
0.132530
0.005720
0.036598
-0.080797
-0.030514
-0.071993
-0.241680
-0.013426
-0.020851
-0.112039
-0.059182
-0.091176
-0.071419
0.034703
-0.017804
-0.157780
-0.068489
0.001723
-0.123884
-0.085102
0.014990
-0.243765
0.019924
-0.026395
-0.084139
0.095706
0.315564
0.171990
0.016905
-0.007161
-0.107722
0.091289
-0.131851
0.248268
-0.044444
-0.089239
-0.103325
-0.151623
0.112518
-0.035296
0.119913
-0.153815
-0.127657
-0.118804
0.015255
0.077484
-0.067548
0.027645
-0.068210
0.037241
0.026175
0.162899
0.163215
-0.049898
-0.048964
-0.137912
0.115879
-0.069828
0.001559
0.054847
0.028465
0.068798
-0.009849
0.043085
-0.190344
-0.020257
0.158081
-0.053754
0.245110
-0.048935
0.076082
-0.044240
-0.305076
-0.071121
-0.195309
0.187328
0.005626
0.037538
0.098091
-0.113620
0.173635
-0.011289
-0.068036
-0.064594
-0.098118
0.041403
0.005333
-0.044952
-0.080558
-0.282630
-0.055188
0.389562
-0.222992
-0.028830
-0.095552
0.019538
