0.225108
0.270027
0.151306
0.224495
-0.344786
0.126669
0.434707
-0.387839
0.634953
0.314267
0.450879
0.689915
0.273127
-0.581390
0.885825
1.116916
0.685987
-0.072548
0.317127
0.116052
-0.325538
0.418076
1.023403
0.154377
0.040618
-0.185830
0.264725
1.258305
-0.044489
0.282976
0.947896
0.140155
0.572157
0.496236
0.106548
0.438702
0.307712
0.480767
0.464282
0.035561
1.084743
0.647930
0.460343
0.403571
0.332984
0.893041
0.554714
-0.276463
1.428949
-0.582903
-0.340152
0.657828
0.923998
0.943106
0.652632
0.988685
0.719283
-0.248165
0.594469
0.729796
0.771437
1.123947
0.549584
0.935509
0.446528
0.036553
-0.394961
0.343263
-0.092753
-0.074498
-0.323519
0.193635
1.232289
2.004075
0.091724
0.511494
-0.022591
0.971093
-0.230503
0.266028
1.761985
0.345916
-0.131317
0.417199
0.224071
0.255057
0.575677
-0.942928
0.543403
1.052990
-0.332755
0.653018
-0.058098
-0.243283
0.021080
0.879654
0.459803
0.533809
0.161906
0.595507
1.160869
0.217287
0.729310
0.507912
0.481372
1.365265
0.281418
0.603647
0.498831
-0.142264
-0.384237
0.675350
0.526888
0.187784
0.243336
-0.650865
0.249500
0.617449
-0.189423
0.183687
-0.144318
0.315508
0.167526
0.655367
0.661178
-0.518571
0.954784
0.549589
