1.425703
0.506910
0.956317
-0.614208
-0.698913
1.613458
0.570560
-1.148390
0.520869
-0.357103
0.155390
0.212612
1.232884
1.541015
0.494183
1.065778
0.061245
-0.727246
0.777303
-0.009857
-0.027037
-0.002807
0.440397
1.191672
-0.211469
-0.827694
0.691554
0.541208
-0.191812
-0.393224
0.608947
-0.216230
-0.636694
-0.895645
-0.339370
-0.046964
-0.442402
0.600612
0.051881
-0.754926
0.512776
0.309606
-0.007148
-0.010703
-0.013234
0.588243
-0.266264
0.642900
0.061171
-1.128068
1.050802
0.004142
0.200993
-0.022611
-0.132489
0.417319
0.110502
-0.902615
0.738752
-0.191583
0.401110
0.554828
0.139524
0.603181
-0.200235
-0.270166
0.256045
-0.097983
0.394444
-0.360385
-0.738037
-0.335869
0.362771
0.075546
0.214625
-0.040028
-0.329757
0.605470
1.296758
-0.255291
-0.126328
0.307004
2.003156
-0.062787
0.107323
0.909674
-0.073237
1.236828
-0.243880
0.486428
0.620157
0.061339
0.813031
-0.991293
-0.512068
0.335871
0.204454
-0.021471
0.253508
-0.040632
0.066045
0.320625
0.163060
0.270395
0.110539
-0.233080
-0.428290
-0.031212
0.483939
-1.256456
1.095864
0.092627
0.046410
-0.003697
-0.036053
-0.261017
-0.730101
-0.048841
-1.262280
0.767726
-0.397889
0.453830
-1.329798
-0.081552
0.584763
0.606960
0.342480
0.281362
