-0.010287
0.001433
-0.047040
-0.011135
-0.043633
-0.006502
-0.073536
-0.000063
-0.004981
0.007905
-0.025462
0.003106
0.018677
0.020470
0.028206
0.017065
0.042528
-0.031374
0.011206
-0.020577
0.050577
-0.032593
-0.005158
-0.020475
-0.020641
-0.004697
-0.002565
-0.001523
0.000109
0.015637
0.022882
0.001709
-0.006971
0.025098
0.015813
-0.051815
-0.016763
0.046804
-0.023835
0.023507
-0.010565
-0.021929
0.017124
0.019436
-0.006236
-0.032765
-0.049218
-0.039555
0.023734
0.024245
-0.001870
-0.034437
-0.035220
0.031362
-0.004382
0.019926
-0.014773
0.051849
0.034081
-0.016129
0.044693
0.029960
-0.033167
0.025713
0.001643
0.043314
-0.025184
0.061992
-0.039587
0.072996
-0.012724
0.018441
0.051609
0.067422
0.032784
0.022371
0.033954
0.011354
0.039523
0.065711
0.019859
-0.010079
-0.009443
-0.014392
0.049112
-0.024919
0.014410
-0.007818
-0.037001
-0.021946
0.036585
-0.079100
-0.023968
0.002214
0.038023
0.010713
-0.067059
0.052866
-0.067140
-0.002697
-0.054294
0.051897
0.038142
-0.036200
-0.037472
-0.058165
0.009664
0.033513
0.018351
0.066415
0.053320
0.003585
-0.060360
-0.030118
-0.002281
0.039115
0.006801
0.052478
0.041406
0.065330
0.062287
0.030265
0.082480
0.039660
0.040063
0.019802
-0.015586
-0.032228
0.030531
-0.018312
0.023371
-0.008546
-0.021517
-0.015746
0.008601
0.022583
0.040105
0.055770
0.032738
-0.027351
-0.022358
0.005809
0.030803
0.072392
-0.006756
0.010671
-0.025127
0.023972
-0.004352
0.038213
-0.009723
-0.001756
-0.025437
-0.006985
-0.020702
0.006767
0.039060
0.003131
0.002936
-0.026734
0.007318
0.007826
0.048591
0.047906
-0.026663
-0.031593
-0.000963
-0.024427
0.006597
0.014780
0.003872
0.017775
0.016916
-0.001875
0.014356
0.044656
-0.005953
-0.017285
0.010024
0.002791
0.014103
0.004570
0.065474
0.026955
-0.030529
-0.008606
0.010844
0.013839
-0.011472
0.025065
-0.027908
-0.013511
-0.002627
0.006708
0.051370
-0.066109
0.037207
0.037612
0.030237
0.008151
0.022233
0.057798
0.027755
-0.025124
0.009688
-0.001550
-0.042731
0.018494
-0.004898
0.068649
-0.015897
0.030460
0.028661
-0.064899
0.013642
-0.009796
0.029578
-0.007702
-0.053957
-0.062024
0.009172
-0.002651
0.020662
0.010517
-0.010041
0.056900
0.090066
0.046243
0.034318
0.034916
0.049192
0.044051
-0.086196
0.020404
-0.014420
0.053381
0.013248
0.046890
0.045626
0.023672
-0.007092
0.055059
0.026235
-0.010361
0.019815
0.045591
0.037001
0.045718
-0.020511
0.009138
-0.005790
0.068290
0.043615
-0.073734
-0.055000
0.020235
0.018390
-0.017048
0.036633
0.057290
-0.008776
-0.049326
0.000632
0.016182
0.099105
-0.025352
0.074725
-0.006861
-0.007013
-0.074657
-0.023039
0.023207
-0.010431
0.117020
-0.017786
0.003102
-0.028144
-0.011033
0.089365
-0.038426
-0.013115
0.006064
-0.041072
0.023543
0.038083
-0.053082
0.010890
-0.020983
-0.029245
-0.056088
0.038035
-0.003253
-0.035255
-0.005363
0.033376
0.016028
0.012746
-0.006508
0.019859
-0.006195
0.012951
-0.013314
0.016313
0.054557
-0.018179
-0.053389
-0.033916
-0.042189
-0.061612
0.020424
0.096505
0.009144
0.100591
0.015196
0.018939
0.054787
-0.017482
-0.016858
0.037161
-0.008897
-0.001842
-0.046638
-0.009840
-0.037348
0.001718
-0.029766
0.006542
0.031738
-0.052366
-0.011441
-0.006910
-0.055875
-0.006420
0.004185
-0.022867
0.038914
0.019447
0.003768
-0.039985
0.011368
-0.016967
0.039046
-0.018953
-0.040082
0.035285
-0.018061
-0.011555
-0.030005
-0.004470
0.015822
-0.043435
-0.006741
-0.044984
0.030816
-0.010488
0.009932
0.043908
0.024515
0.005095
0.034394
-0.001233
0.042951
-0.010720
0.011212
-0.000477
-0.030162
0.003076
0.027417
-0.034563
-0.066280
0.023298
-0.012303
0.033825
-0.026797
0.077552
-0.014497
-0.036463
-0.028043
-0.028204
0.023528
-0.028508
-0.050291
-0.030329
0.011529
-0.025365
-0.035417
0.015533
-0.026648
0.016145
-0.015531
0.041952
-0.001862
-0.060740
-0.020055
0.015309
-0.043797
0.031192
-0.066706
-0.085260
0.057829
-0.007893
0.072556
0.052561
-0.026632
-0.020896
0.046605
-0.030230
-0.074214
0.106211
-0.007782
-0.023066
0.017538
-0.055797
-0.056663
-0.040784
-0.042078
0.016636
-0.062863
-0.048307
0.021210
-0.042190
0.016400
-0.028261
0.067420
0.023202
0.009493
-0.012057
-0.019174
-0.010584
-0.023004
-0.013355
-0.032530
-0.044679
0.038038
-0.004072
-0.034276
-0.042786
-0.013485
0.057480
-0.038848
0.108086
-0.059334
-0.038976
0.021197
-0.056390
-0.040997
0.019450
-0.033055
0.038397
-0.028066
0.009041
0.088733
0.045164
0.041655
0.017565
0.012739
-0.041386
0.052011
-0.009593
-0.135422
-0.134582
0.056239
0.028065
0.098312
-0.049921
-0.046009
-0.043718
0.053371
0.139288
-0.116981
0.104801
0.078595
-0.116521
-0.071683
0.014985
-0.025340
0.065563
-0.011564
0.062875
-0.041699
-0.001770
-0.014137
-0.014036
0.051780
-0.049290
-0.005699
0.102127
-0.105799
0.001052
-0.035621
0.032796
-0.002047
-0.003718
-0.022329
-0.039388
0.046213
-0.052001
-0.106229
0.079487
0.008836
0.046264
0.052783
-0.018387
0.035803
-0.104135
0.073988
-0.043677
0.022583
-0.037123
-0.023899
0.044351
0.013039
0.020423
-0.026185
-0.025031
-0.036674
0.001397
0.000925
-0.004240
0.019693
0.021534
0.052485
0.001603
-0.052750
-0.005181
0.015785
0.019200
0.042014
-0.033748
-0.005872
0.014381
0.018774
0.036820
-0.001436
0.000748
0.000263
-0.001484
-0.032273
-0.011522
-0.024825
0.029746
0.030966
-0.037998
-0.013178
-0.030252
0.013011
-0.016313
0.013050
-0.039917
0.020262
0.033456
0.017549
-0.016904
-0.018170
0.023955
0.025070
0.021790
-0.013043
0.064073
0.006085
-0.051088
-0.036785
0.031331
-0.003600
0.000519
-0.034040
0.017323
0.062812
-0.019406
0.025354
-0.011163
-0.005411
0.002484
0.013160
-0.018590
-0.041233
-0.027253
-0.086082
-0.056903
-0.006768
-0.014063
0.002118
-0.047200
0.008224
0.040093
-0.012870
-0.012054
0.045396
0.007395
0.021986
0.062370
0.001037
-0.028623
0.046262
0.014628
0.014415
-0.004705
-0.027091
-0.012935
-0.060487
0.050468
0.050637
0.050694
-0.032175
-0.014613
0.002776
0.028835
-0.016585
-0.008286
0.003544
0.006127
-0.060757
-0.041206
0.032988
0.015858
0.013195
-0.022353
0.045817
0.024857
-0.004894
0.020633
-0.038047
0.021831
-0.031035
0.049523
0.073897
-0.020766
0.014899
0.009967
0.041014
0.019477
0.013068
0.014897
-0.017220
0.026219
0.051912
-0.022162
-0.008418
-0.014594
0.046318
0.007262
-0.046927
0.058811
0.053016
-0.026454
-0.032891
-0.062029
0.000837
-0.020584
0.011685
0.032289
-0.051557
0.039416
-0.000620
-0.013343
-0.001942
0.003197
0.009033
0.004030
-0.035658
0.040543
-0.035791
0.072410
0.008877
0.016562
-0.022937
-0.001837
-0.055930
0.012385
-0.061863
-0.003878
-0.067369
-0.032983
0.050428
-0.012758
-0.004013
-0.011776
-0.015577
-0.015889
0.035612
-0.035453
0.040564
0.023721
0.031559
0.009410
0.002851
0.040546
0.005914
-0.080343
-0.036786
-0.017437
-0.041719
0.031624
0.005272
0.019122
0.054615
0.027818
0.079962
-0.006847
0.044492
0.022734
0.012680
-0.078934
-0.009522
0.021394
-0.047049
-0.028525
-0.005633
-0.013014
-0.026039
-0.043580
0.031836
-0.014833
0.005717
0.010451
0.016376
0.059076
0.024759
-0.033817
0.057247
0.001657
-0.037212
0.036492
0.001769
-0.093364
0.017484
0.030356
-0.063724
-0.006043
0.020161
0.012906
0.050947
-0.007832
0.005549
-0.017934
0.014073
0.027292
-0.024946
-0.003049
0.034355
-0.011987
-0.026399
-0.003380
-0.006302
0.033416
-0.031883
0.005205
-0.021611
0.022782
0.018865
-0.055151
0.003491
0.000627
-0.001537
-0.033353
-0.009583
0.014170
-0.020665
0.065007
0.053964
-0.001154
-0.062061
-0.050651
0.026275
-0.037454
0.049959
0.003457
-0.027987
-0.005379
-0.017126
0.025281
-0.029591
-0.024011
0.010390
-0.014332
0.041326
-0.019360
0.034230
0.002422
0.006115
-0.019506
-0.025364
0.015463
-0.012746
-0.001922
-0.000445
0.008359
0.024546
0.025871
-0.031348
0.010596
0.021743
0.036459
0.013808
0.008848
-0.011123
0.022611
0.019501
-0.013364
-0.004869
-0.042641
0.000826
0.053897
-0.026074
0.016919
-0.026078
0.002401
-0.002848
-0.009705
-0.033592
0.006229
-0.033568
-0.038562
0.003276
0.025519
0.026607
0.021200
0.041437
-0.000274
0.002938
-0.031082
-0.029008
-0.006947
0.064170
0.020123
-0.003862
0.022947
0.012745
-0.035664
0.013695
-0.004450
0.020396
0.005692
-0.006468
0.067464
0.019587
0.057613
-0.022336
0.047752
0.020061
-0.094584
-0.029759
0.011877
-0.062389
-0.078348
0.055871
-0.017924
0.054144
0.003649
0.045167
-0.023910
0.083845
-0.008244
-0.003995
0.046855
0.033415
-0.069421
-0.014655
-0.027667
0.041515
0.067234
0.002630
0.034736
0.018589
0.000996
0.013627
-0.020964
0.041833
0.024187
-0.053750
0.033168
-0.018065
0.012386
-0.044860
0.023614
-0.052513
-0.021045
0.027179
-0.020490
0.028123
-0.041770
-0.105543
0.018121
-0.010450
-0.060280
-0.027905
-0.038868
-0.060439
-0.020802
0.010181
0.004803
-0.055677
0.040269
-0.026069
-0.054789
-0.040341
0.025506
0.007255
-0.036403
0.016133
0.005082
0.024641
-0.043436
-0.013132
-0.012827
-0.025090
-0.034969
0.029954
-0.004400
-0.006441
-0.022115
-0.046911
-0.013819
0.015392
-0.000071
-0.002416
-0.003834
-0.058632
0.026641
0.056889
0.009049
-0.006779
0.020424
0.036645
0.004590
0.024849
0.012217
-0.005371
-0.022862
0.026448
-0.037361
0.042653
-0.065661
0.019242
-0.000886
0.019366
0.038774
-0.005602
0.013956
-0.051853
-0.021979
0.022431
0.015474
-0.000842
0.003399
-0.021534
-0.002165
0.042242
-0.002265
0.004126
-0.003946
0.009871
-0.006148
0.025109
-0.018259
0.001632
0.006592
0.005881
0.011159
0.046918
-0.013780
-0.000281
-0.010413
-0.006287
-0.072174
-0.044150
0.043330
-0.009093
-0.005516
-0.011191
0.015082
-0.018045
-0.048332
0.030631
0.094996
0.007821
-0.034084
0.002113
-0.046634
-0.040566
-0.026188
0.023047
-0.029700
-0.069033
-0.050651
0.030196
0.033611
-0.021607
0.023930
-0.025559
0.022637
0.069460
0.060329
-0.047757
0.076811
0.023444
0.018510
-0.011534
-0.012708
-0.025938
-0.074116
0.035650
0.055569
0.083311
-0.023836
-0.104650
-0.005316
-0.040384
-0.047018
0.038618
0.061604
0.019568
-0.012621
0.016250
-0.021503
0.018781
0.024857
0.036195
0.011400
-0.059775
-0.004841
-0.002461
-0.026002
-0.119523
0.000997
0.067697
-0.000347
0.010154
0.013951
-0.019806
0.031371
-0.025083
-0.045392
-0.003838
0.014787
-0.032717
-0.037443
0.011877
-0.011007
-0.013058
0.000757
0.058882
0.003014
0.017484
0.036574
-0.014673
0.022373
0.047409
-0.016649
-0.033316
-0.011378
-0.015742
-0.003981
0.000884
-0.012975
0.022342
-0.013286
-0.006218
-0.042980
0.019875
0.010385
-0.003474
0.001137
-0.023793
0.034980
0.031695
0.006717
-0.007037
-0.022539
0.018704
-0.014739
0.007140
-0.019330
-0.036897
-0.001799
0.009977
0.045132
-0.012496
-0.036666
-0.023853
0.031156
-0.017115
0.032117
-0.032917
0.032259
-0.002918
-0.006458
-0.050597
0.034814
0.035254
-0.020986
-0.068584
0.102715
0.157026
-0.008504
0.048752
-0.057085
0.065091
-0.087613
0.071619
0.039676
0.015022
-0.031663
0.043386
0.093903
0.026018
0.024928
-0.049449
0.067826
0.015964
0.050412
0.015639
0.018854
-0.032145
-0.103211
0.051582
0.070552
-0.137021
0.008812
-0.043885
-0.022294
0.011297
-0.159846
0.084281
-0.099371
-0.033984
-0.072299
0.026565
0.108287
-0.134854
-0.040264
-0.057335
-0.147614
0.075377
0.090178
0.078744
-0.111603
0.038948
-0.071748
0.062374
-0.059199
0.051936
0.107764
-0.012069
0.015354
-0.055143
0.006831
0.123032
0.067425
-0.010336
-0.001306
0.029322
-0.067085
0.011422
-0.019703
-0.004333
0.015565
0.023721
0.011539
-0.040951
0.004850
-0.032610
-0.037402
0.015861
0.009783
-0.020258
0.029654
-0.066533
0.042352
-0.021808
0.023405
0.001096
0.033238
0.009703
0.031093
0.034390
0.052518
0.043684
-0.032020
0.008450
0.019780
-0.017489
0.013443
0.004155
-0.021019
-0.051348
0.011670
-0.087068
0.043027
-0.054017
-0.018590
-0.011485
0.009483
0.001577
-0.009131
-0.083375
-0.071248
0.025680
-0.025457
0.005031
0.027029
0.065442
-0.021361
0.006889
-0.063617
-0.003911
-0.113696
-0.013643
0.070046
0.057726
0.003732
-0.070802
-0.013925
-0.019559
0.054336
0.019128
-0.003338
-0.021127
-0.097394
-0.004389
0.050429
0.017370
-0.044936
-0.014582
0.010475
0.043636
-0.011855
-0.070310
-0.006408
-0.006485
0.008449
0.098137
0.029740
-0.005815
0.053750
0.014720
-0.058967
0.017982
-0.016983
-0.033666
-0.050829
0.020861
0.027983
0.095501
-0.020130
0.020216
-0.042865
-0.027701
0.128794
0.033147
0.044478
-0.018351
-0.001362
-0.023286
0.068396
0.017514
0.017358
-0.005716
0.067199
-0.028165
0.001865
-0.069161
-0.071202
0.025642
-0.033725
-0.066971
0.043465
0.008667
0.039738
0.048744
0.087246
0.004992
0.034217
-0.045731
-0.004621
-0.065020
0.038314
0.043534
0.057892
-0.035023
-0.020302
-0.046115
-0.054437
0.079370
-0.009945
-0.024842
-0.044823
-0.005845
-0.004148
0.022297
-0.005592
-0.003862
-0.046316
-0.034453
0.067816
0.090829
0.089741
0.070707
0.008306
-0.068381
-0.000626
0.011394
-0.018430
0.039435
0.100426
0.018994
0.070389
0.035053
-0.040582
0.004006
0.063965
-0.045431
0.017900
0.019596
0.028982
-0.022913
0.023342
-0.065953
-0.057435
-0.010837
0.110881
-0.042824
0.052058
0.023407
-0.025530
0.053954
-0.043464
0.037569
-0.019058
-0.017044
-0.015574
0.017413
-0.019331
-0.033140
0.092761
0.034276
0.014088
-0.070682
-0.026468
0.047890
-0.016408
0.049211
0.039258
-0.010436
-0.001079
-0.014865
0.017516
0.045481
-0.002051
0.032348
0.077299
0.051046
-0.055846
0.023111
-0.025575
-0.034376
-0.041217
0.025485
0.033615
0.032598
-0.031558
0.064997
0.068517
0.038830
0.005358
0.002392
-0.040254
0.014585
-0.005185
-0.009744
-0.012901
0.017831
-0.021410
0.123301
-0.013064
-0.003915
0.008929
-0.023512
0.008449
0.095278
-0.029113
0.021845
-0.050642
-0.045589
0.041170
-0.009022
-0.041207
0.040443
0.070221
0.052345
-0.008882
0.029505
0.024451
0.017632
0.021133
0.014430
-0.022300
-0.016198
-0.091966
-0.000844
0.026598
-0.029968
-0.009747
-0.027919
0.024141
-0.023976
0.005448
0.008756
0.021165
-0.010857
-0.010124
-0.009257
0.043795
0.024975
-0.034087
-0.021038
-0.017418
-0.003339
-0.016229
-0.001154
0.011664
-0.016433
-0.059491
0.019227
-0.003908
0.013252
0.034288
-0.005284
0.010558
-0.003827
0.023834
0.034087
0.025330
0.002105
0.014127
0.032526
-0.010188
0.012268
0.010444
-0.023527
-0.029940
0.010676
-0.019580
0.013716
0.001916
-0.001551
-0.001154
-0.016597
-0.013429
0.013425
-0.042078
-0.027552
-0.034072
0.057965
0.023252
0.008499
0.007104
-0.026914
-0.037584
0.017375
-0.000219
-0.004116
0.029352
0.000950
-0.037727
0.027960
0.010466
-0.004268
0.008287
-0.003408
0.004555
0.053572
0.024571
-0.015598
-0.036680
0.014341
-0.048102
0.045431
-0.124349
0.010780
-0.030176
0.019139
0.040403
-0.019245
0.026771
0.042683
0.133245
0.053897
0.078265
0.019854
-0.058509
-0.054478
0.036899
0.018303
-0.042553
-0.016580
0.040887
0.002066
0.016121
-0.031580
0.018944
0.042259
0.062848
0.007410
0.031676
0.041625
-0.039414
-0.085634
0.015534
0.003907
0.013876
0.018312
0.065420
-0.024233
0.041866
0.012570
-0.024331
-0.051822
0.043439
-0.002209
-0.029705
0.017021
0.017801
0.011327
-0.004664
0.089143
0.016023
-0.049103
0.017500
0.050315
0.005395
-0.019241
0.035394
0.044613
-0.014392
0.073910
0.097037
0.034277
0.060661
-0.025315
-0.005582
-0.006848
0.020072
0.050526
0.019940
-0.004943
-0.034400
-0.036480
-0.061007
0.077686
-0.065730
0.038372
-0.012738
0.081704
-0.019596
0.063224
-0.052306
-0.014776
0.026862
-0.039838
-0.045242
0.005257
-0.044021
-0.000179
-0.044434
-0.008628
-0.077090
-0.001525
0.038604
0.043940
-0.093749
0.015508
-0.026245
-0.067655
-0.061816
-0.023639
0.055846
0.021128
-0.033378
-0.007529
0.061837
0.031510
0.007030
0.001883
-0.030444
0.027111
0.052801
0.007988
0.080686
-0.065049
-0.025743
0.011639
-0.124223
-0.062144
-0.065670
-0.095393
-0.034989
-0.076027
-0.147251
0.022906
0.054321
0.005864
-0.013130
0.079608
-0.051149
0.034115
0.055929
0.020520
-0.007389
0.026620
0.058093
-0.002698
-0.047109
0.009522
0.011752
0.080821
0.020463
0.078779
0.052147
-0.024772
0.022831
-0.020507
-0.030728
0.019499
-0.004022
0.033705
0.001021
-0.018800
-0.079840
0.018045
0.031393
0.025496
-0.112520
-0.006317
-0.060351
-0.019149
-0.017324
-0.069720
-0.074668
-0.026019
0.035467
0.024256
-0.000690
-0.053965
0.027109
-0.024525
0.066880
0.021682
-0.077010
-0.077786
0.086260
-0.026150
-0.008590
-0.017275
0.107913
-0.028015
0.059020
-0.040109
0.005222
-0.018159
0.025689
-0.019267
-0.034444
-0.059776
-0.019353
-0.021919
-0.058993
-0.017029
-0.021439
0.054337
-0.036380
-0.002080
0.018062
0.073946
-0.051476
0.052161
0.008954
0.024168
0.060477
0.052290
0.006183
0.030825
0.010811
-0.040816
0.062186
0.023645
-0.055776
0.045192
0.005230
0.009644
0.010799
0.039028
0.024253
0.041356
0.063940
-0.003627
0.033745
0.006741
0.029815
0.036941
-0.075693
-0.006699
-0.067041
-0.043413
0.056191
-0.051624
0.037071
0.046748
0.019341
-0.026906
-0.020269
0.063495
0.006102
0.056865
0.034073
-0.025452
0.044303
0.057572
0.039526
-0.058490
0.027064
-0.006653
-0.060157
-0.067918
-0.020529
0.043817
-0.038344
0.074197
0.021232
-0.036161
0.046295
0.026225
0.024839
-0.052543
0.022667
-0.036715
-0.005642
0.055628
0.053643
-0.066510
-0.040181
-0.042448
-0.009282
0.106250
0.022686
0.003004
0.085254
-0.010083
0.018189
0.088602
-0.052273
0.000105
-0.016985
0.051376
0.009820
0.112664
-0.009521
-0.050520
0.015812
-0.063834
0.052084
-0.050181
0.092487
-0.036972
0.025793
-0.071094
-0.098771
-0.021245
-0.125208
0.030118
-0.087756
0.052441
-0.091566
0.035127
0.036425
-0.026773
0.055575
-0.022754
-0.072377
-0.009778
0.015520
0.001348
-0.016637
0.000837
-0.142849
0.101533
0.165349
-0.013688
0.026755
0.063607
-0.043117
0.051556
0.050099
-0.006873
0.010098
-0.092885
-0.066866
-0.009958
0.098103
-0.019042
-0.053242
-0.033559
-0.094062
0.057941
0.125934
0.003637
-0.004742
0.006848
0.034727
0.081978
0.029987
0.074739
-0.033320
-0.001627
0.084496
0.015202
-0.009591
0.058629
-0.011033
-0.020465
-0.034432
0.078572
-0.085707
-0.040284
0.080456
-0.032246
0.104309
-0.007788
0.103100
-0.010412
-0.036793
-0.046015
-0.004801
-0.011624
-0.050579
0.043158
0.004081
0.078753
0.020481
-0.013467
0.043224
0.076426
-0.016643
-0.057361
0.094675
0.001702
0.064715
-0.019623
0.040174
-0.095315
0.115027
-0.003414
0.003107
-0.096425
-0.064801
-0.071467
0.021584
0.011347
-0.017548
-0.016322
0.020036
-0.041402
0.012385
-0.004881
0.013910
-0.021078
0.056951
0.040764
-0.046167
-0.029672
0.031635
0.015148
-0.009626
0.065473
0.028742
-0.039347
-0.009722
0.042475
-0.053101
-0.026076
0.026009
-0.013158
0.016092
-0.048983
-0.014623
-0.007811
-0.001273
0.009306
-0.058178
-0.031726
-0.033963
-0.021745
-0.038002
-0.014846
-0.006047
0.033836
0.054378
0.043349
0.024686
-0.039807
0.013413
-0.037544
0.101047
-0.043158
-0.012261
0.009782
0.011127
-0.017089
-0.014467
0.000887
0.011361
0.030152
0.053614
0.006495
0.015371
0.001520
-0.050251
0.038469
0.022630
0.040476
0.014516
0.020949
0.063572
0.018059
0.013471
0.002066
0.074574
0.028550
0.008789
0.003482
-0.017596
0.003040
-0.008749
0.000940
0.006373
0.030374
0.051851
-0.004294
-0.001319
-0.002014
0.032357
0.009080
0.002327
0.003742
-0.003291
-0.010859
-0.018175
-0.011195
-0.013777
-0.052484
-0.009943
0.012644
0.080889
-0.009641
-0.006404
-0.049485
0.024545
0.004097
-0.021872
-0.011682
0.056664
-0.041663
-0.017517
0.020729
0.030646
-0.016646
-0.013117
-0.015557
0.024886
0.025835
-0.026900
-0.013000
-0.021950
0.003092
-0.016827
-0.038745
-0.011784
-0.057094
-0.013280
0.061683
0.060101
0.010484
0.011524
0.017307
-0.013481
-0.021283
0.042595
0.003059
0.050000
0.039459
0.003383
0.042921
-0.070537
0.036542
-0.035222
-0.116976
-0.082694
-0.005697
-0.047292
-0.031548
-0.028000
-0.017830
-0.002301
0.038658
0.052585
-0.003526
0.042288
0.049464
-0.067960
-0.079820
-0.027254
0.005694
0.022240
-0.006898
-0.061456
-0.045446
0.080719
0.005149
-0.000384
0.054126
-0.038993
0.032674
0.022846
0.002514
-0.013883
-0.001521
0.025317
0.017118
0.031134
-0.028308
-0.069496
0.095614
-0.049493
0.025513
0.040554
-0.002279
0.017446
-0.010373
0.002985
0.077910
-0.077019
0.104943
-0.050544
-0.014379
0.073216
-0.012400
0.026673
-0.026062
-0.008813
-0.042008
-0.025146
-0.008936
-0.050199
0.012686
-0.023251
0.005689
0.047950
-0.008481
0.004796
-0.039333
0.001542
0.000671
0.007449
0.030800
0.013520
-0.015710
0.024563
0.043078
-0.036861
-0.095428
0.025396
0.006341
0.009175
-0.030961
-0.029720
-0.025046
0.060914
0.013469
-0.007252
0.008974
-0.016254
-0.019762
-0.045849
0.029065
-0.058698
-0.056189
0.044824
0.011137
0.008066
-0.009905
0.001477
-0.004767
0.045331
-0.001975
0.042748
-0.013887
-0.050325
-0.001504
-0.020793
0.010152
0.022103
0.017239
-0.062592
0.094149
-0.045025
0.008635
-0.015883
-0.017146
0.012274
0.055923
0.011480
-0.040207
0.016078
-0.024949
-0.051780
-0.012806
-0.020338
0.037135
0.009632
0.011575
0.027148
0.041378
-0.022311
0.003636
-0.001635
-0.017121
0.024756
-0.018413
-0.023483
0.046387
0.014957
0.038674
0.013080
-0.029577
-0.019540
0.012074
-0.001055
0.006238
-0.024324
0.011737
0.038684
-0.020198
-0.022899
0.003596
-0.084532
0.024942
0.044100
-0.011335
-0.023743
-0.010956
-0.016025
-0.008236
-0.033535
0.003357
-0.012875
0.014632
0.015323
0.034212
0.045591
0.030026
-0.017066
0.012154
0.028843
-0.002386
-0.018046
-0.020273
0.003530
0.065665
0.003162
-0.049629
0.032930
-0.029941
-0.064624
0.034583
-0.024126
0.017027
-0.014484
-0.042058
0.013191
0.007547
0.054003
-0.070080
0.039501
-0.007443
0.011090
0.033377
-0.063468
-0.071676
-0.053842
0.063097
0.052669
-0.076523
-0.029443
-0.023333
-0.060559
0.027429
0.002204
0.095670
-0.002674
0.039491
-0.079013
0.005620
0.037901
-0.042630
0.014269
0.013473
-0.027393
0.053716
-0.004653
0.066328
-0.102478
0.058635
-0.016067
0.089286
-0.012837
0.003163
-0.035234
-0.050349
-0.026189
0.026766
-0.067362
-0.002800
0.042622
-0.051379
-0.065470
-0.003317
0.001076
-0.048056
-0.006300
-0.020516
-0.043779
0.051042
0.025326
-0.010808
0.004649
-0.052181
0.029183
-0.020656
0.048922
0.060782
0.027742
-0.054096
-0.020475
0.040724
-0.059934
-0.008192
-0.004778
-0.035493
0.072550
0.041378
-0.014567
0.086006
-0.010468
-0.041076
0.036371
-0.059380
-0.026567
-0.024396
0.025767
0.025725
0.014808
0.005380
-0.088175
0.015580
-0.029026
0.015648
0.025003
-0.037705
0.045859
0.019491
0.019719
-0.014766
-0.044281
-0.033921
-0.054927
-0.015508
-0.024407
-0.038975
-0.035558
-0.039785
-0.013090
-0.018527
-0.065899
0.011030
0.006956
0.027675
0.000675
-0.003823
-0.002230
0.060910
0.011971
-0.007314
0.000064
-0.003002
0.024338
0.097717
-0.001947
-0.011227
-0.037007
0.073808
-0.019006
-0.009910
0.035653
0.016904
-0.021418
-0.010291
-0.057366
0.044547
0.037114
0.027321
0.058718
-0.059010
0.028260
-0.023272
-0.081795
-0.005989
0.025927
0.051711
0.038115
-0.015715
0.008803
0.008410
0.030017
-0.004842
-0.008510
-0.001425
-0.038670
-0.065975
-0.004177
-0.017740
-0.074435
-0.012878
-0.007534
-0.025656
-0.047508
0.016359
-0.087843
0.028308
0.002147
-0.031685
-0.106979
-0.058412
0.010968
0.048537
-0.060296
0.050480
0.037962
0.023123
0.011511
-0.019562
0.045212
-0.041305
0.024596
0.064357
0.081714
-0.018719
0.020259
0.007691
0.010400
-0.014456
0.026796
-0.021638
0.049368
-0.051549
0.000148
0.009960
0.003223
0.114570
0.057628
0.041155
0.029442
0.000550
-0.000429
0.034137
-0.009697
-0.056245
0.041827
0.018093
0.053385
0.008404
-0.001910
-0.054071
0.020063
-0.041422
-0.008426
-0.045446
-0.003494
0.025950
0.017110
0.040814
0.021151
0.023358
-0.033540
0.020122
-0.012822
-0.003587
-0.005738
0.027233
-0.026004
-0.018368
0.012671
-0.019164
0.003887
-0.014066
0.009650
-0.039367
0.018188
0.029822
-0.033452
-0.028913
-0.017914
-0.022848
-0.012417
0.017491
-0.010360
0.014480
0.024580
0.021143
-0.006189
-0.053483
0.011249
-0.022364
-0.062879
0.056849
0.011255
-0.026056
0.031035
-0.019026
-0.027892
0.008934
0.004178
-0.000713
0.003366
-0.093423
-0.030978
-0.028958
-0.020679
0.017444
0.038765
0.011957
0.038769
0.029289
-0.060839
-0.001678
-0.043256
0.004709
0.072213
0.019246
0.010590
-0.001589
-0.027530
0.025337
-0.014778
0.014668
-0.081210
0.012374
-0.003958
0.027776
0.040262
0.031742
0.004336
0.056266
-0.012043
0.004763
-0.028417
0.014149
0.040898
0.032673
-0.007266
-0.005783
0.028542
0.032749
0.020294
-0.066614
-0.032206
-0.032236
0.012185
-0.025984
-0.008684
-0.032002
0.027643
0.043038
0.020574
-0.024754
-0.026529
0.021215
0.009167
-0.037886
0.026286
-0.034243
-0.021677
-0.041721
0.022223
0.005698
-0.010257
0.029800
-0.072590
-0.037124
0.003484
0.000385
-0.007420
-0.008080
-0.012512
0.004625
-0.008261
0.004158
-0.017624
0.028525
-0.069218
-0.021900
-0.018349
-0.019909
-0.031266
0.077969
0.000632
-0.014281
-0.016987
-0.009007
-0.007045
0.049011
0.027405
-0.020998
-0.017706
0.003395
0.024749
-0.024121
0.020046
-0.006553
-0.023525
0.030233
0.044785
0.061096
0.025356
0.001796
-0.033610
-0.010141
0.048516
0.107293
-0.049882
0.023643
-0.052582
-0.014973
0.003955
0.037681
-0.007057
0.105561
0.009411
-0.044870
-0.088831
0.039200
-0.053448
0.011748
0.025368
0.084516
-0.036108
-0.058497
-0.039639
0.008305
0.009858
0.033827
-0.003068
0.041994
0.001517
-0.003306
-0.002708
-0.008389
0.034349
0.005785
0.007698
-0.026790
-0.018073
0.016169
-0.016420
0.062609
0.030902
-0.039962
-0.023994
0.015782
-0.022858
-0.017803
0.000419
-0.020945
-0.009258
0.019642
0.015460
0.003889
-0.005090
-0.031119
0.015148
-0.036320
-0.005508
0.057767
0.034538
-0.001090
-0.007181
0.023149
-0.024679
-0.004582
0.022400
-0.048951
0.055559
-0.023536
0.076164
-0.001864
0.046354
-0.049776
-0.016321
0.000316
-0.037318
0.020734
0.052196
0.041483
0.005716
0.001459
-0.014365
-0.008090
0.085881
-0.058211
-0.064484
0.024862
-0.009630
-0.019228
0.004138
-0.040678
-0.038460
-0.016315
-0.004406
0.023467
-0.033567
0.005558
-0.035307
0.029274
0.023460
0.015900
0.018452
-0.035030
0.002820
0.048297
0.002385
0.057314
0.038632
0.005590
-0.027436
-0.023138
0.012873
0.020629
0.014469
-0.016928
0.001377
-0.001272
0.014362
-0.005114
-0.011144
0.006447
0.001474
-0.017819
-0.020999
0.045563
0.015480
0.026260
0.008568
-0.011203
-0.010106
-0.022023
0.031000
-0.009059
0.035125
-0.015838
-0.015557
-0.002099
0.019781
0.017024
-0.019475
-0.009062
0.034347
-0.026384
-0.042953
0.016051
0.028179
-0.001673
0.043982
0.038563
0.024164
-0.007217
-0.001522
0.005374
-0.014466
0.047357
0.003842
-0.041959
-0.002467
0.029257
0.007705
-0.030211
0.034130
0.032501
-0.000377
0.059872
0.004060
-0.032097
-0.006926
-0.012666
0.001839
-0.013279
0.027805
0.066745
0.012147
0.009023
0.010101
-0.008996
-0.038673
0.025791
0.018887
-0.007753
-0.010953
-0.021777
0.049821
-0.008483
0.001163
0.019000
-0.046462
0.018222
0.059668
0.030063
-0.022569
-0.039112
-0.023256
0.036982
-0.021750
-0.036335
0.037331
0.016496
-0.004393
0.016299
0.012112
0.030905
-0.030901
-0.054277
0.015084
0.013813
-0.024172
-0.039814
0.046720
0.062113
0.019577
0.008073
0.004998
-0.050683
-0.002616
0.040414
-0.037695
0.009299
0.010223
0.042229
-0.034893
0.046430
-0.021751
0.015536
0.058196
0.042956
0.016610
-0.005903
-0.005834
-0.006508
-0.109176
0.004545
-0.126560
-0.017586
0.054990
0.071114
0.023908
0.039713
-0.040376
0.009207
0.004299
0.009637
-0.045590
0.031694
-0.045887
0.009877
-0.036466
-0.081080
-0.053924
0.000733
-0.003092
0.043178
0.016217
0.016570
-0.005403
-0.047077
-0.073005
0.041355
0.023079
0.047243
-0.016134
0.023701
0.057579
0.001193
-0.081590
0.002411
0.008068
0.038428
0.050704
-0.036948
-0.077466
0.004791
0.036580
0.007965
0.001225
-0.044914
0.021728
-0.005774
-0.000138
-0.003985
-0.013032
0.022569
-0.001364
0.005685
0.062997
-0.006288
0.004932
-0.016477
0.002052
0.016801
0.040144
0.026822
0.010306
-0.041962
0.080473
0.071677
-0.053622
0.080610
-0.003275
0.060006
-0.028952
0.020523
0.063715
-0.035673
0.022651
-0.088385
0.079411
-0.004661
-0.001414
-0.070255
0.033842
0.032925
-0.044744
0.053407
0.034457
0.067758
-0.007256
0.098918
0.036748
-0.018803
0.017282
-0.030772
-0.008828
-0.027517
-0.024383
0.048636
0.006478
0.031931
0.021494
0.066509
0.021747
0.029662
0.012313
-0.021209
0.020773
0.023152
0.013934
0.048788
-0.020300
0.012649
-0.010574
-0.028305
0.052662
-0.026621
-0.083459
0.008625
0.033007
-0.016951
-0.022622
0.033768
-0.056654
-0.005922
0.012160
-0.047470
-0.018471
0.028996
0.009687
0.001616
-0.029846
-0.030321
0.029153
0.033168
-0.025970
-0.024028
-0.008089
0.016350
-0.019744
0.011332
-0.018619
-0.000464
-0.032348
-0.013918
-0.001479
-0.005140
0.009832
-0.001717
-0.011566
-0.017338
0.004314
-0.004942
0.043871
-0.031476
-0.000565
0.003067
-0.012903
-0.006243
-0.084976
0.045436
-0.019222
0.029924
0.022014
-0.041737
-0.002809
0.010173
-0.018918
-0.010650
0.033685
-0.002499
0.010006
-0.004965
-0.037767
-0.006457
-0.023966
0.007784
-0.004317
-0.007165
-0.021961
-0.004452
-0.053284
-0.043228
0.001800
-0.056441
0.047180
-0.054629
0.008010
0.000769
0.023256
-0.004539
-0.021109
-0.007846
-0.035914
0.005181
0.022459
0.027108
-0.027554
-0.036213
0.009343
0.026134
-0.012203
0.024947
0.020392
0.030943
-0.018822
-0.003599
-0.007108
0.033072
-0.001101
0.036222
0.047394
0.026569
0.020156
0.019094
-0.020100
0.012417
0.007086
0.022130
0.047651
-0.036477
0.002903
-0.018413
-0.031608
0.018024
-0.003647
-0.026936
0.031919
0.051204
-0.040332
0.023544
0.002080
-0.040665
0.018272
0.041176
0.016075
0.039864
0.073116
-0.022117
-0.024425
-0.031790
-0.024679
0.003309
-0.020524
-0.023150
-0.021530
0.017892
-0.095617
0.037997
-0.000033
-0.195455
-0.055674
0.063540
0.081973
0.014115
0.064103
0.014057
-0.056767
-0.013379
-0.067361
0.044972
-0.113254
0.003342
0.043986
-0.053207
0.009964
-0.018704
0.007023
0.054647
-0.033014
-0.021226
0.048277
-0.073153
-0.002922
0.050192
-0.021805
0.031121
0.049862
-0.013962
0.081437
-0.039619
0.015723
0.005488
-0.056563
0.040265
0.015742
0.048573
0.019915
-0.017274
0.040240
-0.096331
0.003900
0.007005
0.004462
-0.122253
0.009307
-0.017628
0.022390
0.183113
0.052820
0.013565
-0.123735
-0.033751
-0.075400
0.013582
-0.007016
0.019297
0.023756
0.011098
0.073624
-0.037068
-0.030798
0.068002
0.014899
0.012038
-0.054401
-0.010521
-0.025653
-0.000344
-0.045005
-0.068089
-0.037059
0.030206
0.042653
0.029707
0.047132
-0.068286
-0.043352
-0.035259
-0.066524
-0.028515
-0.016830
-0.039034
-0.009090
0.027528
0.024639
0.001049
-0.012982
-0.041774
0.035282
0.035306
-0.005730
0.054546
-0.029087
0.017129
0.032968
0.016598
-0.019637
0.030485
0.082614
-0.036893
0.002446
-0.018746
0.104109
-0.017902
0.063812
-0.052616
-0.045612
0.024233
-0.028332
0.031673
0.092679
0.001656
-0.033883
-0.021266
0.003840
-0.029664
0.099632
-0.056853
-0.075569
0.016440
-0.020688
-0.058918
0.007347
-0.074395
0.030225
-0.121380
-0.114682
0.005892
-0.037010
-0.013306
0.018128
0.094418
-0.031762
0.083090
-0.027427
-0.022008
-0.006665
0.062093
-0.050483
0.146840
-0.014976
0.076676
0.066967
0.048359
-0.040365
-0.012966
-0.076686
-0.040441
-0.057654
0.007998
0.031142
0.008608
-0.009427
-0.014998
-0.038867
-0.095409
-0.165304
0.035858
0.038057
0.008323
-0.016518
-0.043254
0.011663
-0.047322
-0.004348
0.048978
-0.026037
0.012056
0.054455
-0.001685
-0.027989
-0.011532
-0.054172
-0.037578
0.131699
0.034569
0.004976
0.060201
0.165339
-0.009322
0.021278
-0.108235
-0.131189
0.089307
-0.000366
-0.068738
-0.053308
0.044123
-0.111298
0.004361
0.028483
0.031991
-0.040382
0.110187
-0.077588
0.061949
-0.050587
0.019792
0.071193
0.030672
0.042459
0.076165
0.077271
-0.016984
0.041303
-0.041965
-0.018679
-0.025998
0.000295
0.055095
-0.019042
-0.065285
-0.006957
0.037165
0.029717
-0.046757
0.055316
0.023006
0.017657
-0.067011
0.017642
0.058871
0.050577
0.074372
-0.028826
0.054276
-0.065897
-0.046470
-0.003456
-0.090131
0.059442
-0.020583
-0.005436
0.021698
-0.025046
-0.006872
0.058660
0.032745
-0.026225
-0.010091
0.021468
0.062396
-0.035955
-0.048822
0.090473
0.045998
-0.006638
-0.016775
-0.015349
0.007398
-0.019102
0.046023
0.028712
0.001234
-0.052136
0.005884
0.009035
0.007358
-0.030262
-0.029873
0.064920
-0.031000
0.030628
0.008451
-0.008481
-0.031780
-0.019274
-0.020383
-0.001127
0.015102
0.036471
0.030650
-0.027212
-0.061317
0.062232
0.027295
0.022714
0.003217
-0.030871
-0.020210
0.056584
-0.011315
0.017945
-0.013284
-0.027636
0.025306
-0.016754
-0.004060
-0.027859
-0.039257
0.014013
0.014105
-0.020023
0.017179
0.028819
-0.041653
-0.010919
0.025077
-0.003810
0.028813
0.022030
0.055805
-0.009607
0.035300
-0.036605
0.047575
0.003268
0.034082
0.025652
0.024864
0.023176
0.011153
0.025920
0.021033
0.001386
0.003969
0.031796
-0.023227
-0.000470
-0.010681
0.010205
0.018887
-0.031647
-0.022761
-0.021967
0.012938
-0.019871
0.001440
0.022174
-0.029272
-0.036748
0.011033
-0.012068
-0.004090
0.035416
0.012236
0.021459
0.002330
0.015904
0.034626
0.000921
0.006837
0.021911
0.029548
-0.006190
0.024277
0.035092
-0.027036
-0.024268
-0.009273
-0.008876
-0.008517
-0.003404
0.001423
-0.021564
0.013112
-0.020351
0.027736
-0.039504
-0.009379
-0.012632
0.045734
0.016041
-0.005768
0.013201
-0.000458
-0.022321
0.008811
0.000997
0.007902
0.021764
0.001565
-0.051469
0.038392
0.038493
0.015975
0.006156
0.003393
0.001882
0.043825
-0.027994
0.012782
0.009113
-0.023111
0.001474
-0.039640
-0.001904
-0.039012
0.011235
-0.011822
-0.014952
-0.017065
0.026570
0.038751
-0.026053
-0.004673
-0.012309
-0.012800
-0.030624
0.002424
0.017425
0.040965
-0.016687
-0.079312
-0.009609
0.010314
-0.028680
-0.018517
-0.004819
0.023918
-0.021547
0.003031
-0.004641
-0.020562
0.024329
0.017381
-0.004670
0.025887
0.043916
0.016519
-0.030616
0.021789
0.017171
-0.003783
0.013385
-0.018085
-0.005069
-0.027742
0.008223
0.013911
0.058741
0.012904
0.023368
-0.012715
-0.020641
0.000838
-0.005545
0.011235
-0.000887
-0.018090
0.010873
0.006292
0.035368
-0.036857
0.019619
-0.006768
0.030496
-0.059237
-0.040159
0.009438
0.047942
-0.030931
-0.014309
-0.017820
-0.041441
-0.004979
-0.034653
-0.000669
-0.053521
-0.035603
-0.031055
0.075383
-0.000803
0.008688
0.002731
0.000678
0.039797
0.000665
0.044719
-0.038958
-0.006785
-0.006114
0.007065
0.065611
0.025289
-0.017452
-0.025905
0.009365
0.005082
0.074383
-0.020290
-0.010514
-0.022797
0.003146
-0.044200
0.049030
-0.003849
-0.003328
0.015726
0.024804
0.022535
-0.002739
0.010796
-0.005968
-0.001778
-0.013902
-0.009238
0.008647
0.006390
-0.041835
0.046128
0.025063
-0.006340
-0.025123
0.028436
-0.055769
-0.000344
-0.029682
0.009412
-0.054710
-0.012064
-0.024276
0.036324
0.026891
-0.023166
0.003421
-0.004699
-0.006889
0.005374
0.002616
-0.018061
-0.008232
-0.026907
0.005769
0.019867
0.002432
0.057709
0.000076
0.014484
0.011608
-0.010868
0.025030
0.044812
-0.000071
0.007664
0.059440
0.001340
0.019602
0.007113
-0.012873
-0.032043
0.017538
-0.023125
0.018437
-0.014724
-0.058996
-0.022800
0.018648
-0.012639
0.034946
-0.039726
-0.024500
-0.045279
0.044158
0.023923
-0.013876
0.032214
-0.022732
-0.042824
0.009434
0.022763
0.010083
0.028920
-0.001277
-0.054557
0.045118
0.007904
-0.013247
0.009621
-0.002412
0.006391
0.045143
0.026525
0.008049
0.015274
0.001815
-0.037233
0.010091
0.042822
-0.030093
0.013081
-0.005538
0.011646
-0.020782
0.039785
0.000909
-0.022477
-0.041477
-0.027280
-0.012126
0.031466
0.019963
0.025233
-0.009914
0.021177
0.019387
-0.034042
0.042864
-0.007388
-0.024008
-0.001539
-0.013539
-0.037182
0.001005
-0.006370
-0.028911
0.048085
0.076494
0.013317
-0.008353
-0.009715
0.005813
-0.066073
-0.014938
0.024701
0.048690
0.036313
0.016849
-0.013887
-0.001752
0.001895
-0.010355
0.054277
-0.012762
0.026618
0.021034
0.012230
0.023624
0.021314
-0.017983
-0.004157
0.011962
0.014410
-0.030771
0.020017
-0.034198
0.073184
-0.046027
0.011935
0.004095
-0.042431
0.013808
0.003975
-0.056289
0.024405
-0.035180
-0.002029
0.052573
0.019620
-0.058888
-0.002392
-0.010380
-0.017368
0.026924
0.087490
0.028518
0.009978
0.041511
-0.088740
0.025835
0.055713
-0.021064
0.044905
-0.008812
0.043094
0.008964
-0.022069
0.049332
-0.114869
-0.159171
-0.049446
-0.061088
-0.057794
-0.063226
-0.087054
-0.042721
-0.017896
-0.023541
-0.051935
-0.013636
0.037581
-0.005533
0.002989
-0.020970
0.033150
0.062144
-0.008845
-0.065753
0.002945
0.010627
-0.013025
0.118434
0.058437
-0.003960
-0.064601
0.061766
-0.015993
-0.051293
0.026267
-0.061578
-0.022593
-0.029525
-0.024064
-0.045240
0.028534
0.002483
0.000050
-0.016084
-0.037553
-0.016922
-0.023245
0.024578
0.013975
-0.000984
0.002079
0.035235
-0.096136
-0.000890
0.064987
0.043848
-0.002530
-0.004992
0.005259
0.048745
0.002418
-0.011627
0.013349
0.011223
0.049990
-0.011536
-0.014886
0.013384
-0.082658
-0.095003
0.034018
-0.015527
0.023555
-0.044919
-0.014227
-0.081057
-0.036671
0.037904
-0.024151
-0.016937
0.019836
-0.007399
0.004415
0.050642
0.013272
0.021477
-0.026626
-0.043107
0.015216
-0.020526
-0.117048
0.049425
0.029467
0.008804
0.033648
-0.012681
-0.029232
-0.010128
-0.016642
-0.003159
0.003630
-0.020279
0.049698
-0.032348
-0.021754
0.011070
0.002326
-0.018963
0.022043
-0.015838
-0.013253
0.014140
0.011425
-0.020348
0.000252
-0.011619
-0.028783
0.036110
-0.011241
0.009564
-0.026804
-0.006798
-0.001735
-0.025137
0.055027
-0.033088
-0.027457
-0.034112
-0.003298
0.017757
-0.013142
0.001720
-0.009054
0.017086
0.026277
0.034759
-0.023340
0.019493
-0.012713
0.007156
-0.029736
0.003590
-0.026014
0.055123
0.010891
-0.011134
-0.004117
-0.010011
0.015800
0.077470
-0.038289
-0.015726
0.034897
-0.029806
-0.018346
-0.013755
0.004083
0.026123
-0.009563
0.015380
0.041697
-0.050569
-0.061566
0.008544
0.015286
-0.013217
-0.027717
0.005218
-0.001627
0.020546
-0.035078
0.026529
0.015258
-0.034060
-0.060995
0.026152
0.007974
0.032557
-0.016288
0.004575
-0.019848
0.021828
-0.011502
-0.001791
-0.017242
0.009851
0.001556
-0.004683
-0.018523
0.004695
0.010394
-0.004228
-0.004550
-0.032969
0.012009
0.012135
-0.022757
-0.045410
-0.005322
0.008352
0.003495
0.007273
-0.028774
-0.049839
-0.003304
0.012938
-0.002250
-0.021497
-0.027078
0.004791
0.024952
0.012092
0.030750
-0.000905
-0.000232
-0.012225
-0.001238
0.028887
0.007104
-0.019739
-0.009798
0.017371
-0.005121
0.069796
0.013964
-0.071666
0.016241
0.015006
-0.039433
-0.073754
-0.005811
-0.022502
0.054020
0.039485
-0.013426
0.092242
0.037314
0.029037
0.021579
0.001125
0.015631
-0.023938
-0.019711
-0.007102
0.070072
0.008077
0.041817
0.039226
0.014527
-0.011763
0.022940
0.014777
0.048250
-0.022799
-0.008377
0.025356
-0.010492
0.088889
-0.009780
-0.057931
-0.046918
0.049061
-0.087497
0.000449
-0.032754
-0.015170
-0.030570
0.070293
0.058297
0.012027
-0.082407
-0.062841
-0.012188
0.041627
0.003715
0.015724
0.056088
-0.067218
-0.045978
-0.048261
0.028303
0.022133
-0.028670
-0.008217
-0.029333
-0.010795
-0.016985
0.023115
-0.001594
0.024568
-0.006045
0.104427
0.009456
-0.018967
-0.022281
0.006299
0.066623
-0.074709
0.023347
-0.021325
-0.045304
0.031991
0.010399
0.021192
-0.009655
0.007961
0.026488
-0.059701
-0.026045
-0.008910
-0.018392
-0.028768
0.062919
-0.014029
0.006234
-0.035465
-0.065871
-0.061938
-0.043561
-0.020984
0.055903
0.002854
-0.035234
-0.010209
-0.031040
0.048683
-0.025929
0.006438
0.008166
0.002522
0.066248
-0.047430
-0.017110
0.007795
-0.011685
0.055084
-0.039876
-0.002659
0.010239
0.033722
-0.014129
0.034916
-0.013007
-0.018006
-0.012672
-0.018795
-0.003109
0.034661
-0.013050
0.012062
0.036672
-0.054845
-0.047668
0.010657
0.063534
0.030372
0.016504
0.032054
0.060083
-0.000511
0.024136
-0.017491
0.047836
-0.004620
0.000881
0.031995
0.001409
0.012837
-0.035295
0.003586
0.039220
0.021724
0.027079
-0.024310
-0.011570
0.009847
0.034509
0.001542
-0.002041
0.007423
-0.022851
-0.008988
-0.018622
-0.017620
-0.036081
-0.039285
-0.010077
0.009132
0.096169
-0.010993
0.001711
-0.036520
0.009421
0.011849
0.005319
0.016428
0.026227
-0.019181
-0.020813
0.048156
0.008134
-0.035748
-0.014071
-0.004517
0.019356
0.007527
-0.036284
-0.007411
0.020514
0.021444
-0.012564
0.002335
0.001325
-0.051958
0.022423
0.066951
0.039116
0.007220
-0.000007
0.014244
0.027116
-0.007247
0.004142
-0.068443
-0.060267
0.031016
0.057334
-0.039129
0.011400
0.024329
-0.027221
-0.056511
-0.034644
0.015664
-0.025962
0.077068
-0.026789
0.037852
-0.046927
0.052153
-0.010276
-0.012012
-0.038512
-0.072393
0.032622
-0.038380
0.006166
0.055608
0.019409
0.018029
-0.051233
0.000780
-0.015161
-0.001949
0.005529
0.074289
-0.000445
0.008440
0.012081
0.004767
0.020760
0.048205
-0.030186
-0.004716
0.024642
-0.058825
0.003784
-0.020363
-0.008799
-0.045468
0.023014
-0.012552
-0.019518
0.008428
-0.017266
0.002417
0.034578
-0.006145
-0.023489
0.017201
0.027728
-0.014967
0.011403
0.020143
-0.084884
-0.036813
0.047079
0.047271
0.013983
-0.044629
-0.068154
-0.003462
0.042980
0.017417
0.017540
-0.004079
0.020183
-0.008151
-0.035267
-0.028350
0.035222
0.028842
0.028831
-0.043733
0.047989
0.067751
-0.015844
-0.007327
-0.024229
0.009026
-0.004979
0.019858
0.029027
0.026090
0.004233
-0.032756
0.008513
-0.009809
0.048118
-0.002599
-0.042416
-0.023580
0.031810
-0.061963
-0.005075
-0.003193
0.046104
-0.048105
-0.006507
-0.000999
0.005253
0.008464
0.000651
-0.094217
0.053801
-0.044848
-0.039438
-0.031310
0.066495
-0.001814
-0.028193
0.029116
-0.014033
-0.000977
-0.069630
0.021713
0.091157
-0.041916
-0.022568
-0.001549
-0.042286
0.031864
0.066087
0.103247
-0.029840
-0.006758
0.000029
-0.028048
0.026986
-0.066390
0.071694
-0.096541
-0.021389
-0.005032
0.002991
-0.061051
0.029484
0.024289
0.116845
-0.010162
0.080225
0.058681
-0.039506
-0.102345
0.029840
-0.006892
0.036394
-0.106950
0.012239
-0.018238
-0.053337
0.025481
0.081517
-0.131623
0.038558
0.052136
0.043051
-0.073640
-0.089639
0.032977
0.046819
-0.035072
-0.011675
0.013668
0.002082
0.033001
-0.021219
-0.134546
-0.046517
0.017891
0.058753
0.008575
-0.052915
0.010039
-0.001433
0.000745
-0.026932
-0.016615
0.015176
-0.035076
-0.000335
-0.072409
0.004166
0.029651
0.024804
-0.013565
-0.042769
-0.077570
-0.025574
0.075318
0.020561
0.016987
0.035243
0.045236
-0.013916
0.013611
-0.009636
0.061229
0.009176
0.024634
-0.036303
-0.002190
-0.135885
0.027425
-0.015367
-0.066271
0.024670
0.027095
-0.016184
0.027081
-0.047884
0.024510
-0.000334
0.024633
-0.006433
-0.021422
0.009482
0.055841
-0.023417
-0.009493
-0.013736
0.011649
0.011713
0.027927
-0.060322
-0.004041
-0.007233
-0.005138
-0.045390
-0.006260
0.009836
0.039770
0.002467
-0.001212
-0.022289
0.032200
0.091683
0.044508
0.019974
0.001222
-0.015873
0.043122
-0.019647
0.002509
0.011254
-0.029733
-0.015808
0.039062
0.052256
-0.023588
-0.007077
0.062519
0.040533
-0.041761
-0.030522
0.035239
-0.110065
-0.034937
-0.032301
-0.013258
0.011335
0.045946
-0.040832
0.061228
0.043436
0.013234
0.039389
-0.053483
0.012713
0.025867
0.026536
0.006749
-0.029687
-0.043127
-0.060921
0.002844
-0.080206
-0.035291
-0.006786
-0.009033
0.077121
-0.075812
0.069231
-0.002148
-0.066757
-0.056248
0.039035
0.057546
-0.034032
0.037266
0.056741
-0.002393
0.003975
0.026779
0.024485
0.095641
0.064194
-0.045917
-0.035466
-0.019006
-0.084720
0.044975
0.045804
0.039551
0.001304
-0.091103
0.045259
-0.027442
-0.002104
-0.000262
-0.004154
-0.003377
0.004898
-0.069525
0.018751
-0.037001
-0.000312
-0.016104
-0.047066
-0.017356
0.022079
0.102405
0.065994
-0.011787
0.004964
0.041982
0.008765
-0.033040
0.018259
-0.031825
-0.019065
0.007150
0.046433
0.000933
-0.000600
0.014293
-0.024643
0.073309
0.004840
-0.045799
0.109776
0.020381
-0.016702
-0.075674
-0.008775
-0.051099
-0.007991
0.062862
0.062648
0.015951
-0.003326
-0.026503
-0.018529
0.008250
0.007593
0.036068
0.031101
-0.007045
-0.001181
-0.045111
-0.076614
0.083044
-0.001382
0.034066
0.054859
-0.065458
0.007904
0.017390
0.003015
0.037378
-0.036822
-0.030022
0.014638
-0.029111
0.032758
0.099461
0.046543
-0.047851
-0.033929
-0.055208
0.069669
-0.046385
-0.042675
-0.034722
-0.095451
0.062795
-0.011944
0.037194
-0.023323
0.006510
-0.042186
0.017664
-0.003115
-0.047157
-0.038270
-0.066626
0.024291
0.009259
0.046132
0.040357
0.020544
0.043686
-0.038595
-0.053355
0.041765
0.084559
0.015395
-0.040759
0.008089
0.025162
0.038441
-0.012832
-0.033838
-0.087675
0.054587
-0.066693
0.037618
0.001373
0.098791
-0.027680
-0.010704
-0.021852
-0.043150
0.039653
-0.016882
0.037045
-0.073527
-0.019750
0.004818
-0.010536
0.065995
-0.040927
-0.031043
-0.106085
0.033509
-0.017307
-0.047753
0.008772
-0.013254
0.005983
0.084845
0.020085
0.052503
0.014236
0.071701
-0.049118
-0.023379
-0.012355
-0.032994
-0.085526
-0.112163
-0.008213
-0.005520
0.000292
-0.015881
0.079066
-0.021127
0.030039
0.011860
-0.029025
0.038699
-0.030437
-0.014912
-0.061690
-0.014949
0.036933
0.017457
0.016048
0.022097
0.041314
-0.012804
0.030669
-0.018887
0.007396
-0.066600
0.027150
0.024404
0.007768
0.016456
0.002553
0.006609
0.026111
0.003441
-0.004119
-0.024067
-0.020114
0.018860
-0.014760
-0.046560
0.009331
0.006274
0.024563
-0.058824
-0.025701
-0.062251
0.001956
0.038733
-0.013950
0.038094
-0.026729
-0.019184
-0.023194
-0.010025
0.009442
0.015815
0.016457
0.031667
-0.008268
-0.015637
0.002569
-0.009424
0.013222
0.063381
-0.063302
-0.001587
0.031358
-0.034046
-0.005172
0.010073
0.029021
0.010653
-0.010552
0.010919
-0.003072
0.065157
0.012364
0.019979
-0.016971
-0.013230
-0.021213
-0.000907
-0.020174
-0.013656
0.009992
0.005782
0.030535
0.009178
-0.016820
0.012922
0.014758
0.023182
0.040893
-0.011148
0.021963
0.056331
0.030853
-0.033464
-0.031439
0.005325
0.002952
-0.030310
-0.010322
0.000908
-0.007257
0.038951
0.017733
0.031669
-0.017277
-0.024852
0.049049
-0.002993
-0.037388
0.017077
-0.016471
-0.046901
-0.006901
-0.114723
0.051943
-0.013794
0.064659
0.032555
-0.027027
0.031975
0.042557
0.083751
-0.015535
0.023088
0.046942
-0.020904
-0.110228
-0.059648
-0.081821
0.028203
-0.033467
0.089447
-0.082381
-0.048535
0.026571
-0.018032
-0.007324
-0.020455
-0.066713
-0.065694
-0.056369
-0.030263
-0.016059
-0.029182
-0.025221
-0.053806
-0.006429
0.130815
-0.035558
-0.055063
0.006011
0.033857
-0.053748
-0.049424
-0.098758
-0.015727
-0.004803
-0.033898
0.039426
-0.065699
-0.074552
-0.020701
0.017627
-0.050039
0.064806
-0.068634
-0.005829
0.043033
-0.036158
-0.079100
0.004371
0.035379
-0.004744
0.049478
-0.095604
0.023117
-0.021561
0.003675
-0.044007
0.078581
0.061620
0.001890
-0.027524
0.051256
-0.012901
-0.067320
0.007979
-0.085927
-0.046896
0.024741
0.038153
0.026027
0.028265
-0.054517
0.007411
-0.028448
0.049811
-0.050106
0.019836
-0.022107
-0.019557
-0.042216
-0.004427
0.038179
0.043612
-0.020817
0.027724
0.002391
-0.022140
-0.008542
-0.056894
-0.028967
0.113126
-0.089171
0.059720
-0.049225
-0.029556
0.027344
-0.060515
-0.057689
0.015638
0.078874
0.024959
-0.030274
-0.058307
-0.054906
-0.012532
0.039503
0.019138
0.027631
-0.012757
0.056025
0.005523
0.010635
0.002873
-0.044918
-0.014789
0.063623
-0.005950
-0.017802
0.048342
-0.022880
-0.086244
0.041940
-0.000743
0.021604
-0.063540
0.007746
-0.023105
-0.020105
0.019487
0.040851
0.008321
0.034544
0.014671
0.011585
-0.082389
-0.008753
-0.003259
0.007557
-0.009367
0.098934
-0.038669
-0.052363
-0.035165
-0.040870
-0.030653
0.012298
0.004756
0.017263
-0.014949
0.048293
0.066437
-0.101861
0.047665
-0.043045
0.057849
-0.011786
-0.008245
0.006453
0.012625
0.007387
-0.010535
-0.008554
0.038447
0.001881
0.023168
0.012051
-0.040651
-0.013401
0.013960
0.017126
-0.013623
0.000409
-0.003075
0.023694
0.026502
-0.028299
0.065586
0.011415
-0.011537
-0.023553
0.076727
0.020797
0.010957
-0.025492
0.030638
0.034867
0.006333
-0.051014
-0.075113
-0.019926
0.002559
0.002446
0.024328
0.042494
-0.040338
0.071838
0.021314
-0.011665
-0.014514
-0.087477
-0.059031
-0.005640
0.042107
0.059063
-0.011096
0.029585
0.040512
-0.007634
-0.019168
0.023243
-0.046130
0.029834
-0.088069
-0.075139
-0.036382
0.085445
-0.018259
-0.028872
0.199641
-0.041393
-0.011929
-0.017569
0.060930
-0.037068
0.010599
0.044972
0.123981
0.017435
0.003372
-0.053220
-0.028350
0.015121
0.000214
-0.013713
-0.007741
0.028476
0.101621
-0.018456
0.075513
-0.013219
0.049868
-0.005808
0.047163
0.038438
0.015767
0.021215
0.007369
-0.013808
-0.013115
0.007008
0.003822
0.015816
-0.028018
-0.048532
-0.019944
-0.014923
-0.002084
0.029207
-0.013887
0.041991
-0.030975
-0.030461
-0.000834
0.036425
0.021087
-0.004711
-0.000728
0.034184
0.070533
0.000349
-0.043881
-0.012294
-0.007942
0.014958
-0.021303
0.021226
-0.019982
0.049124
0.017318
-0.016486
0.043101
-0.035063
0.000457
0.010723
0.050288
-0.003345
0.005318
-0.046848
0.030757
-0.010057
-0.019383
-0.030133
0.049655
-0.032360
0.007513
-0.044761
-0.019523
0.004348
0.005496
0.044938
0.001902
0.072677
0.006067
-0.007671
-0.003224
0.010478
0.017364
-0.032474
0.021290
0.038055
0.009348
0.002493
0.021757
-0.028682
0.030747
-0.026833
-0.075210
0.016750
0.003737
-0.098642
-0.007139
-0.010242
-0.017539
-0.018241
-0.010754
-0.007983
0.058425
0.044112
0.042385
-0.051999
0.008451
-0.008729
0.021345
0.011697
0.055758
-0.024605
-0.040176
-0.054325
-0.020366
-0.034318
0.017145
0.013244
0.018842
-0.000742
-0.046339
-0.101444
-0.023410
0.054703
-0.040568
-0.005320
0.076374
-0.009669
0.033610
-0.044918
0.019273
0.005094
0.010992
0.065141
0.030537
-0.118014
-0.163370
0.087734
-0.009715
-0.008017
-0.029965
0.096724
-0.000768
-0.024693
0.001701
0.004604
0.064233
0.021270
-0.043244
0.027841
-0.122865
0.025866
0.009446
-0.001917
-0.017205
0.024501
-0.057443
0.061549
-0.014894
0.012814
0.001532
-0.015739
0.047532
-0.007046
0.004201
0.018685
-0.007252
0.047048
0.028184
-0.005032
0.011748
0.000720
-0.003629
0.039713
0.037312
0.016972
-0.028708
-0.038266
-0.003916
0.040686
-0.016733
0.009273
0.018348
0.043414
0.027017
-0.027596
-0.034151
-0.013391
0.010027
0.012501
0.015856
0.054669
-0.061323
0.029755
0.020709
0.003689
-0.007233
-0.023531
0.007497
0.012831
-0.028722
-0.037133
0.022527
0.014635
0.027910
-0.049863
0.019127
0.026715
-0.052835
-0.015874
0.061749
-0.001330
0.007569
0.030041
0.003056
0.016724
-0.006269
-0.011997
0.023769
-0.041465
-0.032876
0.006162
-0.044747
0.005027
-0.026118
0.074733
0.106123
-0.000449
-0.008310
-0.030230
-0.025978
0.032222
-0.020127
-0.033148
-0.026924
-0.024596
0.055587
-0.025282
-0.027171
0.022741
0.026802
-0.017388
0.020804
-0.042254
0.017947
0.004330
-0.011453
-0.019614
-0.008717
-0.026288
0.004951
0.029159
-0.056875
-0.041466
0.039351
-0.009122
0.008212
0.001037
-0.031975
0.012181
-0.005651
0.007539
0.002021
0.014158
0.011473
-0.010018
-0.008503
-0.056161
-0.031157
0.040167
-0.055908
0.009039
-0.021206
0.003810
0.063834
-0.022934
0.014007
-0.050027
-0.009265
0.009005
0.005687
0.029127
0.017225
0.000905
-0.008792
0.067982
0.026606
-0.005923
0.026252
0.024685
0.048589
0.041590
0.015930
-0.050472
0.008734
0.022787
0.060074
0.025826
0.027764
0.034641
0.030891
0.000778
0.011199
0.037274
-0.009719
-0.051764
-0.016502
-0.024629
-0.025155
-0.063973
0.013652
-0.040588
-0.028214
0.009868
0.069186
-0.013600
-0.109611
-0.047749
-0.022860
-0.032838
0.017233
-0.012919
0.060894
0.042379
0.021107
0.024396
0.002220
-0.003374
0.030338
0.033562
-0.021778
0.004669
-0.003258
0.015477
-0.018286
-0.001512
-0.043677
-0.011729
0.113311
-0.015586
-0.013219
-0.011169
-0.080431
-0.046078
0.013641
0.017194
0.019960
0.042295
0.076782
0.036160
-0.061436
-0.041132
-0.010478
-0.000198
-0.047309
-0.055223
0.005873
0.047600
0.004266
-0.082605
0.071388
0.058409
0.004261
0.069335
-0.071586
-0.062789
0.008959
0.013296
0.003191
0.051580
-0.071223
-0.010684
-0.052433
-0.007152
-0.012347
-0.119344
-0.062279
0.027007
-0.055920
-0.009990
0.040674
-0.003893
-0.037925
0.036242
0.032428
-0.021911
0.039782
0.042907
0.019682
0.050089
-0.032223
0.026781
0.060634
0.033201
-0.034059
0.015786
-0.010846
-0.115045
-0.011042
0.006774
0.032894
0.018114
0.021453
0.043609
-0.009089
0.031932
0.023121
0.027922
-0.054127
0.030435
0.000596
-0.048117
-0.050006
-0.005808
-0.014291
0.010362
0.059314
-0.012519
0.066546
-0.002895
-0.026660
0.021353
0.010338
-0.047827
0.034287
0.028189
0.020173
-0.013335
-0.043065
-0.055636
-0.045948
0.007443
0.038346
0.055065
-0.021472
0.008953
0.017870
0.006383
-0.013865
-0.008082
-0.028022
-0.031701
-0.078165
0.022534
-0.012409
0.023309
-0.036687
0.001458
-0.014043
-0.033977
0.015316
-0.036666
-0.009865
0.033361
-0.031878
0.022475
0.064934
-0.061173
-0.043158
0.005116
0.003210
0.078074
0.045542
0.051628
-0.021916
0.008589
0.015442
-0.047271
0.001491
0.005448
-0.001704
0.039932
-0.000406
-0.033226
-0.005200
-0.006146
-0.054069
-0.059118
0.045606
-0.051283
0.081253
0.016562
0.014366
0.014663
0.034056
0.075272
0.002061
-0.022423
0.033725
0.056726
0.001982
0.054637
-0.083802
-0.060023
0.001744
-0.020055
0.026974
0.006553
-0.074045
-0.006585
0.017834
0.008206
-0.052488
0.011987
-0.037125
-0.074773
-0.070263
0.031633
-0.008167
0.043736
-0.009999
0.025819
0.060344
0.016376
0.033409
0.038635
-0.036514
0.012221
0.040822
-0.026430
-0.021727
-0.003968
-0.045427
0.039364
-0.000671
0.056904
0.066856
-0.020195
0.033333
0.034236
0.102474
0.033496
0.001808
0.014271
-0.006191
0.007057
-0.027243
0.023075
-0.040890
-0.017079
0.018793
-0.019042
0.015748
0.036001
0.033902
0.031362
0.001560
0.000167
-0.018390
0.051389
-0.010567
0.032122
0.008939
0.001966
-0.005333
0.016979
0.036150
-0.020405
0.007486
-0.005628
-0.019478
-0.036616
-0.006034
0.062087
0.020610
-0.010230
-0.018146
-0.014301
0.020847
0.035592
-0.058265
-0.015773
-0.012132
-0.019434
0.023901
0.006767
-0.019521
0.006822
-0.002472
0.010657
-0.004000
0.019107
0.025141
0.000527
0.034031
-0.008400
-0.010152
0.005785
-0.009782
-0.008198
0.019719
0.006181
-0.015140
0.006540
-0.009138
-0.019205
0.017310
-0.008447
0.001876
0.049994
-0.017687
-0.025118
-0.006690
0.034807
-0.022851
0.035900
0.015490
0.024898
0.033598
-0.021860
0.046483
0.043980
-0.006011
0.018496
0.007353
-0.015046
0.068550
0.042406
0.020584
0.019591
-0.064148
0.012722
0.002107
-0.014625
-0.017607
-0.022063
-0.006037
-0.007647
-0.006166
-0.001934
0.025172
-0.066862
0.017853
0.012432
-0.020216
0.026761
-0.023092
0.013304
0.015800
-0.007308
-0.033080
-0.001014
0.013221
0.045194
0.025781
0.042341
0.004403
-0.005013
-0.003745
-0.008336
-0.026747
0.008304
0.011824
-0.016820
-0.021523
0.004285
-0.058480
-0.026002
0.004813
-0.028340
0.009755
-0.058233
-0.002677
-0.022454
0.010744
0.005116
-0.024687
-0.071928
-0.015668
-0.088215
0.003672
0.037211
-0.029203
0.025839
0.008283
0.069535
0.052258
0.016849
-0.010512
0.011742
-0.119686
-0.002101
-0.063848
0.017419
0.049530
0.007757
-0.026807
0.042411
-0.038483
0.028412
0.000370
-0.026098
0.026279
0.065006
-0.057670
0.091493
-0.038465
-0.051925
0.015682
-0.024186
0.071269
0.000228
-0.032509
-0.011456
-0.048930
0.058774
-0.020578
0.014558
0.037281
-0.051360
0.042684
0.031151
-0.040255
-0.051414
0.115374
0.019648
0.033455
0.094949
-0.094789
0.046491
0.054102
-0.051418
0.003060
-0.029569
-0.001706
0.037126
0.069683
0.013646
-0.073514
0.028491
-0.048804
0.024009
-0.008116
-0.004083
0.013907
-0.045197
0.056624
-0.058937
-0.042745
0.002849
0.013480
-0.005517
-0.008026
0.011409
-0.005809
-0.002447
-0.043530
-0.003495
-0.006183
-0.045386
-0.027605
-0.001893
0.014932
-0.004010
-0.034517
-0.003416
0.043074
-0.000635
0.023761
-0.043183
0.065983
0.028441
0.050641
-0.014377
-0.010260
-0.043237
0.000318
-0.033744
-0.052988
-0.005251
-0.017187
0.003960
0.032649
0.046594
0.015426
-0.039114
-0.084993
0.006276
0.008117
0.061552
0.007528
0.072878
0.056142
0.001093
0.010762
0.014203
-0.005048
0.015157
0.026044
0.006969
0.017827
-0.007925
0.003574
-0.033488
-0.000574
-0.047741
-0.007974
-0.028915
-0.024767
-0.050675
-0.027398
-0.012947
-0.006245
0.011863
0.028140
0.023566
-0.063206
-0.047594
0.000546
-0.017328
-0.018578
-0.028824
-0.010644
-0.013419
-0.031810
-0.000248
-0.004684
-0.002276
-0.011283
0.019642
0.038410
0.017066
0.030614
-0.047196
-0.013574
0.011296
0.044478
0.010025
0.000507
0.010914
-0.038257
-0.052522
0.011788
0.052373
0.007530
0.010060
-0.012248
0.003736
-0.015845
-0.009513
-0.016171
0.047571
0.026104
-0.031361
-0.012496
0.022044
0.021770
0.053401
0.048476
-0.012553
-0.070224
-0.011659
-0.042747
0.011233
-0.071625
-0.098846
0.091410
-0.087072
0.048394
0.036751
0.107504
-0.073342
0.064971
-0.066200
0.010533
-0.045609
0.010119
0.005224
-0.111646
0.031364
0.015278
-0.067084
0.107638
0.005531
-0.005838
0.025983
-0.035860
-0.086511
0.087294
-0.112246
-0.082153
0.074969
-0.058371
-0.071562
-0.177171
-0.109511
-0.035367
-0.172707
-0.014001
0.091970
-0.058444
-0.028432
0.067055
-0.099336
-0.016902
0.013789
0.100329
-0.093175
-0.020305
-0.031035
-0.064278
-0.026811
0.051681
-0.019271
0.109331
0.048621
-0.132981
0.001831
-0.043350
-0.115996
0.106717
0.037352
0.018038
0.046070
0.057859
0.054679
-0.011845
-0.031355
-0.084760
0.004011
0.005937
-0.004898
-0.040739
0.015355
0.006664
0.049564
-0.008492
0.027733
0.008237
-0.008080
0.012872
-0.040100
0.000306
-0.030755
-0.052097
-0.018300
0.019901
0.011760
0.036736
0.019849
-0.027507
-0.024623
-0.002750
0.005372
-0.005680
0.001817
-0.019553
0.036965
0.053754
0.007808
0.005238
-0.085468
0.056825
0.035798
0.063911
0.035488
-0.015374
0.012601
-0.022935
-0.042965
0.001306
0.000283
0.008253
0.013532
0.063123
0.011559
0.020158
0.037725
0.000424
-0.004554
0.028399
-0.028024
-0.035421
0.007837
0.029132
-0.016483
0.008246
0.018203
-0.002190
0.024436
0.021607
-0.016262
-0.003298
0.015099
-0.042487
0.012574
0.038554
-0.060388
-0.086088
-0.007862
-0.000174
0.004475
-0.007129
0.095685
-0.063625
-0.051297
0.011702
0.004606
0.036334
-0.051992
-0.032909
-0.001715
-0.014166
-0.022105
0.001009
-0.070852
-0.000798
-0.060888
0.015750
0.058552
-0.001217
-0.016705
0.053372
0.005150
0.032730
0.088589
-0.079164
0.083228
0.017159
0.031014
-0.033631
0.046323
-0.032499
-0.090802
0.067622
0.000059
0.017726
0.009151
-0.066692
-0.009606
-0.020736
-0.055158
0.008321
0.074290
0.015092
-0.007957
-0.012647
-0.039048
0.025770
0.024624
0.068276
0.039789
-0.027261
-0.016274
0.010411
0.043164
-0.149211
-0.015867
-0.015322
-0.055305
0.045194
0.071085
0.072856
-0.060151
0.021301
0.040589
-0.098054
-0.008041
-0.043975
0.051415
-0.022420
0.036678
-0.104735
0.044755
0.031384
0.042322
-0.046565
-0.066903
0.005426
0.062367
0.061484
0.049564
0.065787
0.011329
0.016526
-0.062937
-0.057644
-0.021934
0.107731
-0.039356
-0.010061
-0.043509
-0.052284
-0.039162
-0.031438
-0.021433
0.025636
-0.104382
-0.010034
0.029990
0.008794
-0.020953
0.043464
0.091275
-0.073930
-0.007488
-0.044749
-0.045106
0.016287
-0.021649
-0.060416
-0.061611
-0.016603
-0.031409
-0.071629
0.049183
-0.097083
-0.009960
-0.016767
0.027221
-0.062545
0.023261
0.061789
0.000622
-0.027587
-0.005061
-0.082109
0.014678
0.022303
0.086246
0.037970
0.033050
0.035134
-0.002421
0.053593
-0.042340
-0.034496
0.043553
0.035836
-0.036875
0.014927
0.038199
-0.015277
-0.006437
-0.127551
-0.027002
-0.012942
-0.069300
-0.024585
0.055754
-0.014851
-0.014281
-0.021785
0.023887
0.081000
0.003538
0.002503
0.052945
0.010883
0.003284
-0.005543
-0.002001
-0.071312
0.027476
-0.034813
0.013366
0.023672
-0.014666
-0.002146
0.012691
-0.007241
-0.039102
-0.014409
-0.035628
0.009543
0.038354
0.044608
0.036729
-0.033354
0.011380
0.057330
0.007422
0.065617
0.042666
0.040583
-0.012243
-0.000904
0.011736
0.001802
0.003820
0.028779
0.017051
0.009151
-0.005808
0.002030
0.001135
-0.014819
-0.023158
0.006128
0.008220
0.020979
-0.013472
-0.016341
-0.027767
0.036402
0.013802
-0.013643
0.039192
0.021667
-0.014550
-0.020519
-0.004672
0.022606
0.036823
-0.006957
0.000630
0.006968
0.001118
0.005275
0.016578
-0.010577
0.025697
-0.009117
0.017885
-0.032266
0.030686
0.010912
0.009208
0.003070
-0.002391
-0.006656
0.015828
0.026168
-0.005325
0.012663
-0.019732
0.005377
0.008947
0.010144
-0.044429
-0.001777
-0.017049
0.015881
0.012813
-0.029757
0.001015
-0.005488
-0.015844
-0.012745
-0.010058
-0.028787
-0.085493
0.037616
0.006082
-0.038068
-0.070611
0.065390
-0.059679
0.026817
0.020313
0.069310
-0.049520
0.021656
0.022499
-0.024826
0.015259
0.046279
0.028638
-0.001016
0.028647
-0.019013
-0.050400
0.007311
-0.031053
0.023220
0.019913
-0.079799
-0.053259
0.003616
-0.008622
-0.014909
-0.049700
-0.002703
-0.007257
-0.077501
-0.035085
0.020315
-0.011282
0.012300
-0.009256
0.016834
-0.006645
0.016379
-0.032282
0.010650
0.022492
0.083619
-0.059661
0.069095
0.032677
-0.005229
0.027050
-0.020189
0.071628
0.102064
-0.098570
-0.000558
0.002807
0.007725
-0.011021
-0.006178
-0.033524
0.013942
0.060640
0.020317
-0.024696
-0.010256
0.013662
-0.071629
0.058891
-0.057775
0.027277
0.018963
-0.016558
0.042447
-0.076068
-0.017561
0.018743
0.022598
0.013544
0.050879
0.024703
-0.050780
0.002533
0.013440
-0.123444
0.018284
-0.029249
0.030158
0.033869
-0.035057
0.019606
0.005205
-0.004563
-0.023039
0.030174
0.022628
0.026982
-0.052448
0.017128
0.037162
-0.006459
-0.021599
0.014459
-0.013482
-0.011486
-0.011117
0.002307
-0.061034
-0.001061
0.017088
0.015399
0.025768
0.017385
0.031037
-0.037369
0.015501
0.061061
-0.006505
0.022620
-0.001138
-0.000535
0.058550
0.073905
-0.002672
0.034157
0.026041
-0.027598
-0.015293
-0.062925
-0.025838
-0.005154
0.030519
0.096557
0.014206
-0.043244
-0.017521
-0.054607
0.017299
0.063173
0.041988
0.038394
0.018056
-0.008086
0.045602
0.068514
0.054142
0.033197
0.039801
0.019001
0.060174
0.009974
0.015548
-0.044864
0.043245
0.004704
-0.005929
-0.048315
-0.002256
-0.057145
-0.083450
-0.005602
0.035455
-0.013270
-0.005782
-0.051694
-0.047348
0.007200
-0.072375
-0.014503
0.068305
0.043298
0.086439
0.056761
0.047229
-0.028779
-0.061457
0.045316
-0.056864
-0.023050
-0.014712
-0.110345
0.027805
-0.002423
-0.003716
-0.007130
0.022374
-0.070066
-0.023967
0.007718
-0.037110
0.006989
-0.002580
-0.047198
-0.034710
-0.002652
0.002107
-0.015227
-0.059023
-0.046724
-0.026935
-0.035961
-0.009365
-0.006181
-0.009718
-0.032212
0.008575
-0.017234
0.044249
0.014398
-0.002138
-0.002790
-0.015412
0.027038
-0.011051
-0.011337
-0.032499
0.026439
0.030818
-0.004954
0.029570
0.032387
-0.036535
-0.014571
-0.027094
-0.023317
0.010394
-0.020128
0.006393
0.006811
0.023115
0.002961
0.060278
0.016754
-0.030687
0.010118
0.008992
-0.003216
-0.035142
-0.017721
0.003864
-0.015697
-0.020298
0.050136
0.004393
-0.016253
-0.061036
-0.026622
0.021184
0.006591
-0.028255
0.004966
0.004884
0.006919
-0.038196
0.005803
0.022942
-0.015710
-0.004822
-0.018730
0.024934
0.014869
-0.031584
0.006868
-0.020250
0.001075
0.065736
0.003314
-0.019215
0.016005
-0.021653
-0.021916
-0.019344
0.023271
-0.006798
-0.007248
-0.019856
-0.011506
0.041254
0.012204
0.014515
0.020251
-0.030493
-0.012228
-0.002843
-0.019936
-0.017142
-0.022162
-0.022647
-0.003039
-0.014007
0.008117
-0.015492
-0.039528
0.010804
0.007258
0.002119
0.004040
0.001309
0.015618
0.017126
0.014340
-0.035296
-0.003623
0.040766
-0.022904
-0.022780
0.020242
0.014389
-0.008690
0.001973
0.016777
0.006035
0.024529
-0.024016
0.006181
0.007698
0.007340
0.006628
-0.027040
0.031606
0.076959
-0.046317
0.008228
0.036246
0.013030
0.002264
0.025683
0.023518
-0.001171
-0.050888
0.001833
0.004920
-0.061844
-0.017550
-0.028632
0.051553
-0.021268
0.101762
0.035097
-0.060619
-0.021072
0.063371
-0.022379
-0.003487
-0.041232
-0.028226
0.062809
-0.019564
0.007772
0.018849
-0.002686
-0.015418
-0.020716
0.083871
0.032288
-0.033099
0.009912
-0.013836
0.056528
-0.012749
-0.007910
-0.010885
0.011563
0.044962
-0.009432
0.052266
0.014052
0.012767
0.012050
-0.095609
-0.030653
-0.023606
-0.082657
-0.025186
0.040086
-0.013226
-0.015628
-0.018409
0.009518
0.005851
0.030616
-0.023273
-0.020889
-0.036117
-0.030047
-0.051994
-0.008748
0.047898
-0.033346
0.007017
-0.021378
-0.031183
0.006186
-0.010988
0.015112
-0.002353
-0.008600
-0.001276
0.001718
0.045721
0.013151
0.012492
0.013537
-0.001131
-0.025774
-0.029338
0.025398
0.004249
0.002117
0.036074
0.062752
-0.009556
0.002547
0.008711
-0.010188
-0.025175
0.009884
-0.011856
0.015513
0.005067
-0.018741
-0.001403
0.001291
0.035576
-0.000383
0.009176
0.011124
0.006074
-0.016606
-0.010268
-0.029915
0.083883
0.001515
0.007571
0.001009
0.020350
0.042046
0.005120
-0.023738
0.009508
-0.053407
-0.009950
0.000603
-0.017312
-0.013479
0.002965
-0.052192
-0.040597
-0.012849
0.022177
0.029187
-0.019057
-0.050993
0.077151
0.011011
0.032646
0.047016
-0.001139
0.004719
0.013153
0.047179
-0.038791
0.011129
-0.021274
0.009474
-0.010801
0.007954
-0.021998
-0.013538
0.032839
-0.043014
-0.025332
-0.008541
0.007579
0.031727
-0.053316
0.014242
-0.018086
0.043625
0.038744
0.007361
-0.016870
-0.007102
-0.002660
0.043480
-0.010922
-0.000655
-0.012242
0.014839
0.020618
-0.016746
-0.000336
0.002029
0.024092
-0.031096
-0.014493
-0.008607
0.038170
0.000840
0.021351
-0.000368
0.040245
-0.066652
0.010008
-0.008121
0.026676
-0.019108
0.033649
0.007480
-0.020370
-0.001171
-0.057707
0.020308
0.007220
0.003259
0.002882
-0.007067
-0.021762
0.001590
-0.036521
-0.015636
-0.049698
-0.024792
0.003778
-0.028828
-0.031566
-0.032961
0.011578
-0.060644
0.024705
0.046701
-0.044174
0.100785
0.037270
-0.032538
-0.076351
-0.046649
0.012497
0.029483
-0.038912
-0.002179
-0.021396
-0.047743
0.078464
0.034185
0.005213
-0.037791
-0.027243
0.016270
0.003520
0.035111
0.053387
0.037237
-0.048613
-0.006668
-0.022115
0.028069
0.001487
-0.002111
0.036447
0.004381
-0.036352
0.003979
0.013923
0.024489
-0.000181
0.007392
-0.018215
0.053810
-0.037414
-0.052892
-0.020159
-0.019426
0.045023
0.002568
0.041769
-0.022937
-0.007883
-0.011516
-0.036520
-0.006184
-0.021933
-0.004419
-0.010662
-0.014843
-0.015619
-0.044486
-0.004726
-0.031812
0.045146
0.006111
-0.013319
0.042877
-0.019057
0.021155
-0.010023
0.016515
-0.043566
0.006001
0.019793
0.008140
0.009890
-0.005812
-0.040369
0.021666
-0.016117
-0.014129
-0.019015
-0.021661
-0.043556
0.013167
0.007190
-0.040799
-0.005068
-0.008717
-0.009090
0.002844
0.015263
0.009025
0.003587
-0.040027
-0.043337
-0.007803
0.025173
-0.021702
-0.007844
-0.023713
-0.011339
0.030116
0.015552
-0.087473
-0.011948
0.032151
-0.013354
0.014654
0.012077
-0.065540
-0.008320
-0.008154
0.001976
-0.099197
0.020007
-0.051505
0.043121
0.041844
-0.002423
-0.005076
0.092396
-0.015963
0.035303
-0.047498
-0.022776
0.043809
-0.008079
-0.041944
0.026789
0.106410
-0.006662
-0.010304
-0.052890
0.042938
0.032696
0.034133
-0.044011
-0.006317
-0.070585
0.022835
0.035616
-0.043543
0.011825
-0.035341
-0.033073
0.045384
-0.059346
-0.049935
0.017038
-0.009287
-0.080763
0.007252
-0.013634
-0.016797
0.072309
-0.031428
0.046406
0.037275
-0.029297
0.022908
0.089028
-0.071930
0.074080
0.046043
0.066925
-0.032982
0.058570
0.000525
-0.015469
0.098149
-0.016107
-0.013677
-0.014731
-0.027742
-0.034990
-0.014478
0.033688
0.024217
0.000496
-0.014154
0.015225
-0.015622
0.036730
0.004049
-0.003854
0.029435
0.026679
-0.010262
-0.028431
0.022643
-0.000360
0.011841
-0.005831
-0.016110
-0.001661
0.011938
0.000245
0.050446
0.008345
-0.019063
0.010681
-0.015743
0.006052
0.001764
-0.004159
0.016461
-0.000677
0.028293
-0.023919
0.041252
-0.044739
0.018108
-0.016939
0.019390
0.006604
-0.014645
-0.006640
0.001342
-0.028369
0.004501
0.001238
-0.013263
0.043339
-0.005835
0.033436
0.000482
-0.016500
-0.028662
-0.010735
-0.010944
0.001199
-0.006837
-0.014970
0.017925
0.000259
-0.048697
-0.015804
0.000942
-0.025191
0.017081
-0.000937
-0.043548
0.028649
0.054258
-0.037320
0.022585
-0.036169
-0.043598
-0.028820
-0.032066
0.044058
0.050127
0.032010
0.028725
-0.041976
-0.038906
0.000264
0.015407
-0.011110
0.023430
-0.053162
-0.026956
0.029071
-0.014532
-0.040138
0.019788
0.005801
0.005357
-0.005662
-0.035110
-0.000521
-0.009885
-0.007883
-0.069043
0.022552
-0.001507
-0.030109
-0.023058
-0.010857
-0.025559
-0.002964
-0.019939
0.051684
0.030672
0.004009
-0.001298
-0.053739
-0.017727
0.030894
-0.023914
-0.010315
0.038970
-0.007389
-0.081112
0.022613
0.028558
0.008959
0.021639
-0.018057
0.041464
-0.015636
-0.042465
0.024927
0.037873
-0.063258
0.016059
-0.058661
-0.006472
0.000527
0.020395
0.015634
0.001482
0.012080
-0.011132
-0.027721
0.012171
0.043677
-0.019528
-0.034492
-0.038884
0.069445
-0.028828
0.051859
-0.003523
0.006937
-0.030461
-0.073728
-0.043881
0.017017
0.043458
0.051986
0.019833
0.065012
0.008534
0.001086
-0.089168
0.025483
-0.004292
0.072527
-0.039580
0.000354
-0.028829
-0.014041
-0.037967
-0.019069
-0.073854
0.020901
0.025973
0.063529
-0.052138
-0.002876
0.024468
0.065159
0.017327
-0.037937
-0.015016
0.014999
0.048502
0.081743
-0.000216
-0.027579
-0.044790
-0.023170
-0.022385
-0.030588
-0.068071
0.058467
-0.075084
-0.010257
-0.111480
0.034926
-0.045288
0.028139
-0.124289
0.020876
0.059402
-0.005037
0.012637
-0.018911
0.065268
0.005680
0.030159
-0.015085
0.076172
-0.060952
0.010494
0.006983
0.022739
0.007875
-0.058992
0.041047
0.000503
0.019907
0.046620
-0.013722
-0.005614
-0.053181
-0.016337
-0.003736
-0.013117
-0.015091
0.022553
-0.105415
-0.051404
0.007991
-0.004768
-0.009885
0.001805
-0.017287
0.035748
-0.033841
0.002426
-0.043916
-0.008738
-0.007115
0.025896
-0.017222
0.002229
0.040085
-0.026753
0.031369
-0.075883
0.030900
-0.077635
0.046203
0.018646
-0.024680
0.008607
0.078140
0.075075
0.003561
0.012752
-0.047898
-0.040736
0.019874
0.001104
-0.012755
-0.005279
-0.006739
0.063489
-0.017134
-0.076895
-0.031778
0.000121
0.016711
0.017942
-0.028140
-0.009296
-0.010044
-0.010455
-0.019542
-0.006969
-0.011855
-0.048965
-0.051380
-0.019097
-0.016024
-0.010026
-0.006491
0.014562
-0.005709
0.003202
-0.036201
0.010350
0.070528
0.023339
-0.027893
-0.010343
-0.007716
-0.033121
0.023032
-0.013221
0.044600
0.013227
-0.009028
0.003568
-0.027119
0.055259
-0.022984
-0.058179
0.002720
0.077911
-0.012527
-0.016218
-0.046932
0.063925
-0.010312
-0.044692
0.024041
0.015622
-0.028507
-0.038805
0.007085
-0.023459
0.050012
-0.017081
-0.009447
0.014656
0.009560
0.000444
-0.025275
0.003463
0.047590
-0.041637
0.035811
-0.009156
0.010949
0.023856
0.005479
0.058161
0.052588
0.046693
-0.004336
-0.050999
-0.002129
0.004898
0.004309
0.015049
0.050478
-0.043132
-0.019080
-0.005332
-0.003916
-0.009402
-0.019664
-0.043330
-0.075313
0.016785
0.064073
0.035523
-0.045274
0.042570
-0.010332
-0.033077
0.002718
0.017748
0.027148
-0.009710
0.027324
-0.002036
-0.045255
0.019983
-0.009576
-0.023106
0.086501
0.049658
-0.004714
0.021772
-0.011372
-0.005049
-0.000207
0.012181
-0.012323
-0.004006
-0.011376
0.041311
-0.010583
-0.086045
0.052752
-0.001391
0.060633
0.073931
0.029209
0.000227
0.059094
0.048427
-0.070469
-0.022784
-0.024895
-0.109132
-0.080142
-0.020857
0.056280
0.032634
0.025128
-0.018677
0.121738
-0.027861
0.025371
0.058858
-0.008677
-0.026694
-0.038792
0.058408
0.021234
-0.051214
-0.012449
-0.003404
0.024461
-0.001329
0.066280
-0.107971
0.097549
-0.002039
0.015369
-0.012283
-0.122241
-0.055249
-0.054101
-0.017276
0.048167
0.013666
-0.039035
-0.014068
-0.025046
0.076053
0.002396
-0.020515
0.036274
0.070805
-0.073742
0.018254
-0.055783
-0.067414
-0.059139
-0.029355
-0.038078
0.046506
0.030043
-0.036884
0.010847
-0.029146
0.048514
0.013422
-0.046826
0.018219
0.016792
-0.002489
-0.034085
0.020467
-0.016503
-0.001426
0.015685
0.009968
-0.012191
-0.051544
0.007224
-0.024752
-0.004781
-0.026797
0.108677
0.010100
-0.004219
0.081192
0.001112
-0.069397
-0.039885
0.034120
0.025220
-0.011773
-0.047807
-0.033419
0.020165
-0.013854
0.008635
-0.111016
-0.063505
-0.046525
-0.019157
-0.000501
0.018569
0.020396
-0.002064
0.001852
0.008301
-0.010407
0.033219
0.001369
-0.008525
0.016569
-0.050133
0.015263
0.003438
0.023693
-0.027527
-0.032680
0.026645
0.082424
0.041455
0.022286
0.046702
-0.030162
0.107069
-0.044033
-0.013814
0.078921
0.028390
0.031912
0.030581
0.014524
-0.073714
0.148753
0.098241
0.042133
0.036729
-0.088995
0.030317
-0.022941
0.058170
0.018101
-0.110318
-0.088531
-0.211375
0.098881
0.015843
-0.034557
0.064613
0.028792
-0.046616
0.065861
0.020444
0.125502
-0.078467
-0.070497
0.010202
0.007226
0.063332
-0.133337
0.002916
-0.111809
0.170387
-0.157558
-0.005196
0.033883
-0.099101
0.166940
0.152977
0.190883
-0.102497
0.094417
-0.219586
-0.062805
0.015207
0.018119
0.018469
-0.007218
-0.029584
-0.049888
0.132667
0.018200
-0.057292
0.026350
0.029643
0.206664
-0.098014
-0.275747
0.123825
0.083370
-0.033538
0.003685
0.148114
0.036845
0.037379
-0.037074
0.019119
-0.027526
0.026404
-0.015081
-0.039249
0.029318
0.026105
0.054754
0.001341
0.093078
-0.016675
0.025528
-0.009526
0.054889
0.000478
-0.001139
-0.041742
0.090921
0.037667
-0.002829
0.055514
-0.000791
-0.001749
0.008124
-0.005090
-0.046032
-0.056005
0.003905
-0.029062
0.022827
0.003499
0.005817
-0.072745
0.000672
-0.002522
-0.064648
0.007401
-0.035205
-0.026008
0.047819
0.027765
-0.001438
0.051337
-0.003109
-0.029714
-0.000596
0.015085
0.029698
0.002554
-0.001890
0.027316
-0.008441
-0.000177
0.029799
-0.006063
0.048401
-0.018002
-0.021395
0.006898
0.026070
-0.002652
-0.005944
-0.018990
-0.049898
0.008036
-0.001037
0.003231
0.006167
0.033007
-0.015572
0.025138
-0.024753
0.060474
0.011530
0.024351
0.041571
0.012746
0.005567
0.026434
0.021584
-0.025529
0.022799
-0.007451
-0.034029
-0.023232
-0.016731
-0.013827
0.026813
-0.024579
0.009028
0.028408
0.029418
-0.029547
-0.024026
-0.023711
0.007433
-0.040306
-0.014953
0.003352
-0.017315
-0.021466
0.029983
-0.043487
0.027460
-0.010407
0.016737
0.011243
0.045458
-0.017213
0.030065
-0.020273
0.007338
-0.020219
0.002523
0.015216
0.011421
-0.016087
0.004425
-0.033963
0.013764
-0.007949
-0.023348
0.022075
-0.007679
0.029191
0.049682
-0.041984
-0.138476
-0.006630
-0.025659
0.071254
-0.073725
-0.029402
-0.008130
0.018040
0.002708
0.005309
0.036040
0.029984
0.012471
-0.077138
0.057842
0.016862
-0.003144
0.022446
0.044673
0.006618
-0.010268
-0.012292
-0.095903
-0.034438
0.021934
-0.019581
0.006926
-0.011165
-0.017437
-0.025615
-0.073247
0.079195
-0.015579
-0.094615
-0.043704
0.009737
-0.013699
-0.010958
-0.011454
-0.019878
0.058149
-0.016023
-0.002119
0.015783
0.016569
-0.034947
-0.016845
0.018716
0.010030
-0.001870
0.062578
0.082611
-0.027220
0.026808
-0.003934
0.067691
0.022288
-0.076941
0.052409
0.045536
-0.011989
-0.038917
-0.019299
-0.038152
0.030624
-0.023186
-0.044105
-0.048699
0.028651
0.023324
0.032106
0.030424
0.027494
0.010441
0.001875
-0.049864
-0.037258
-0.022865
0.037892
-0.031377
0.006442
0.011318
-0.018369
-0.000545
0.028914
0.000092
-0.026094
-0.034850
-0.045010
0.021836
0.030590
0.012457
-0.063325
-0.064641
0.025500
0.035002
0.041399
0.058702
0.028829
-0.046394
0.004012
0.056864
0.024294
-0.076665
0.007494
-0.012843
0.006915
0.005609
-0.011990
0.008796
-0.001886
0.009224
0.019840
-0.035476
-0.051412
-0.023895
0.035169
-0.002911
0.060761
-0.026946
-0.014487
-0.001509
0.041446
0.012641
0.003309
-0.048378
0.017501
-0.043060
0.056507
0.014261
0.012738
-0.010671
0.033489
-0.085932
-0.020108
-0.030991
-0.010483
0.000666
-0.037890
-0.037503
-0.015064
0.062758
-0.020423
0.161164
0.016295
-0.019066
-0.019359
-0.036848
0.036318
-0.084714
0.007121
-0.032883
0.014518
0.028751
0.031038
0.027993
0.046080
0.011947
-0.061014
-0.015454
-0.035656
-0.014040
-0.019335
-0.001038
-0.001551
-0.008624
0.045454
0.043631
0.017361
-0.062808
0.005237
-0.035460
0.005337
-0.065149
0.029989
0.075027
-0.029351
-0.066552
-0.032752
0.002823
-0.005456
-0.011626
0.099971
-0.084496
0.049809
0.002329
-0.017872
-0.018876
0.015634
0.001980
-0.060983
-0.000642
-0.016386
0.020475
-0.001924
0.048797
-0.026439
0.017911
-0.029369
-0.015782
-0.024261
0.009455
0.035970
0.021875
0.009200
-0.017064
-0.008447
-0.047196
0.078164
-0.005477
0.019187
-0.066585
0.037165
0.013012
-0.020952
-0.026710
-0.010165
-0.013644
0.037797
-0.058897
0.023851
0.003176
0.012436
-0.003750
0.007947
-0.053896
-0.026637
-0.004865
0.039972
-0.018855
-0.032596
-0.015822
0.030046
0.024402
-0.018961
0.015611
-0.014633
-0.027293
0.027879
0.013208
-0.035079
0.023327
0.064109
0.043366
-0.084590
-0.043072
-0.036713
-0.024121
0.005655
-0.058849
0.010738
0.014108
-0.031009
-0.012971
-0.028564
-0.028194
0.016007
0.020400
-0.003863
0.040251
0.000981
0.012933
-0.001671
0.014614
0.027258
0.020266
0.057370
0.050568
0.016355
-0.058036
0.001262
0.013728
-0.021289
-0.014579
0.006851
-0.007999
-0.046960
-0.040961
0.004477
-0.030956
0.001668
0.004626
0.021255
0.011318
-0.005446
-0.013220
0.038715
0.019954
-0.005472
0.008253
-0.019721
-0.038217
0.004809
-0.042156
0.003594
0.001032
0.050932
-0.079836
-0.005675
0.019107
0.039995
-0.012329
0.001630
0.028849
0.039513
0.065331
0.038786
0.020537
-0.040288
-0.027563
0.058791
0.018570
-0.047336
0.001318
-0.003876
0.049838
0.055180
0.027311
-0.001232
-0.035711
0.010060
-0.039476
0.017599
0.007370
-0.009677
0.030548
0.018721
0.039641
0.034236
0.007257
-0.063600
0.001436
-0.052778
0.077840
0.036600
-0.055205
0.089433
0.030740
0.069140
0.044626
0.040530
0.020186
0.005441
0.034809
0.030988
0.072124
0.003097
0.005309
0.031419
-0.007455
-0.053830
-0.000411
-0.032441
-0.018325
-0.021910
-0.003665
-0.061397
0.057338
-0.001634
-0.008465
-0.099999
0.002739
-0.006931
0.027169
-0.049693
-0.067135
0.018319
-0.037380
-0.070170
-0.083494
-0.021127
0.024159
0.036943
0.047100
-0.046364
0.087613
0.050953
-0.055019
0.005055
0.043399
0.016435
0.090872
0.021365
0.006916
0.012479
0.037837
-0.026558
0.020205
0.006435
-0.000531
0.018645
0.030199
-0.019867
0.003500
0.042207
-0.003781
0.017113
0.014726
0.031940
-0.025910
-0.038156
0.001906
0.005683
-0.006231
0.029284
0.035920
-0.029689
-0.001846
-0.021690
0.002027
0.003962
0.021698
-0.023498
-0.012621
0.012748
0.053332
0.016093
0.016584
0.037702
-0.032193
-0.031486
0.001507
-0.004030
-0.008868
-0.012513
-0.000705
0.003725
0.018277
0.026806
-0.013284
-0.016316
0.014277
0.037019
-0.041075
-0.022931
-0.030465
0.006083
0.015860
0.028213
0.011092
0.024231
-0.010848
0.013022
0.028579
-0.000726
0.022290
-0.014737
-0.006354
0.018552
-0.034262
-0.022919
-0.003028
0.067259
0.020865
-0.030356
0.037072
-0.029045
-0.001443
-0.054263
-0.060188
0.023007
0.040660
0.001628
0.021156
-0.018505
0.056301
-0.056576
-0.028267
0.009666
-0.101847
-0.019792
0.009288
0.047070
0.005665
0.046667
0.029475
0.077167
-0.015587
-0.004756
-0.009647
0.061569
-0.016507
0.033694
0.023775
0.067138
0.011826
-0.017995
-0.027442
-0.051848
-0.016927
-0.024010
-0.037574
-0.001527
0.044536
-0.035534
-0.072402
-0.041562
-0.010411
0.003467
0.034027
0.061677
0.026249
0.043174
-0.084749
0.020681
0.107207
-0.055768
-0.041840
-0.053977
0.031173
0.029873
-0.002787
0.028205
0.011808
0.033846
0.000955
0.041637
0.013461
0.014034
0.007681
-0.009685
0.000588
-0.014275
-0.011455
0.014776
0.026833
0.101078
-0.002914
-0.014305
0.005014
0.004219
0.028599
0.012109
0.005821
-0.005040
-0.012810
-0.000218
0.012306
-0.017463
-0.019245
-0.020019
-0.003765
0.027752
-0.000843
-0.002836
-0.058338
0.025199
-0.026886
-0.032168
-0.015645
0.028171
-0.016526
-0.035861
-0.016589
-0.017742
-0.025901
-0.017757
-0.024503
0.027087
-0.001842
-0.015685
-0.002198
0.003672
0.040415
-0.034616
-0.012695
-0.007503
-0.040358
-0.017532
0.047624
0.039338
0.015466
0.012612
0.001275
0.038074
-0.018103
0.021714
-0.052539
-0.023739
-0.023285
-0.024026
-0.036061
-0.024720
-0.008263
-0.055001
0.004491
0.030878
0.028853
0.006686
0.035282
-0.050870
0.008494
-0.035155
0.033849
-0.036119
-0.000430
-0.002058
0.044253
-0.054817
-0.015972
0.010434
0.065492
0.016315
-0.018816
-0.013121
0.002897
0.004584
-0.029568
-0.035644
0.042099
-0.016649
-0.007516
0.008562
0.030355
0.031947
0.066074
-0.046847
0.015989
0.046987
-0.033294
-0.007430
0.008093
0.003777
-0.024916
-0.013206
-0.028674
0.071057
0.025488
-0.039953
-0.020194
-0.029723
-0.013182
-0.047220
-0.005967
0.017901
-0.003432
-0.064013
-0.028334
