-420
-214
471
-104
-39
-115
-412
2016
1113
-322
343
3479
-482
814
154
228
306
2088
-474
5
634
-93
1133
983
-464
-315
-127
-57
-10
-354
-586
-298
-230
-266
-282
-187
-531
-362
-60
-175
167
59
134
198
122
379
80
236
127
142
70
3
57
178
116
442
98
265
393
436
147
133
106
132
474
772
87
384
1018
559
232
453
40
206
220
1301
278
32
408
358
292
408
252
989
-341
-288
-365
-45
-208
-315
-207
69
136
1552
1049
167
-277
1113
265
-234
728
2320
-314
1134
-18
-77
196
1975
-329
337
381
-239
910
354
-335
310
78
-174
-28
526
-260
132
-280
-295
-77
54
-74
0
-102
-70
-48
131
-109
180
235
-23
-72
160
-67
724
1014
1477
1232
691
-90
-44
-188
-141
-125
-194
-95
76
1001
1252
-14
39
-106
-102
-123
-47
-3
105
-84
-44
86
128
-31
-82
16
41
86
159
118
67
47
48
82
146
84
45
76
103
57
16
60
128
71
160
194
44
155
198
71
89
79
154
67
114
70
69
50
674
660
63
69
80
14
80
1319
134
-294
-284
-286
-217
-328
-267
-377
-129
117
1214
179
-105
-347
-146
650
1155
276
-20
-329
-148
704
-109
151
46
-355
-131
296
-279
821
1254
-370
-151
-38
321
604
568
-340
-178
-123
37
785
-27
0
5
3
4
139
8
18
26
9
34
1058
2170
21
19
1
7
545
576
9
17
27
26
10
40
43
25
90
24
170
14
16
20
30
545
149
8
28
20
139
33
358
10
-105
-158
-126
-108
-112
-109
198
-46
-53
-80
-132
-15
-100
-149
-162
-153
-157
-154
-150
-156
-110
-158
-108
-156
-144
-154
890
-24
629
-113
-131
-153
-156
-62
-108
-39
-152
-125
-137
-149
-137
279
916
646
474
476
574
992
364
181
126
7
24
166
14
122
162
1552
785
39
73
383
55
103
156
449
431
10
940
927
1182
530
7
76
4
848
611
555
12
41
1006
1184
1946
366
-169
-82
-133
-152
-132
-180
-57
-103
-83
-333
-297
-193
-161
-77
263
260
-210
-45
-182
-220
-306
191
-329
-212
-178
646
771
647
-91
1611
-51
720
1338
-109
901
742
-96
-146
279
-320
218
831
-70
-79
-73
2261
642
-70
-75
55
2267
1695
2770
1251
-72
8
-96
-171
-38
-6
-74
586
530
956
-76
635
-71
-89
-93
-188
-49
-126
-71
164
175
700
76
93
-65
-125
-91
1626
-114
-132
-81
-10
-68
66
30
-36
4
39
329
1004
588
83
15
519
139
79
185
494
20
454
276
585
104
464
2
419
284
877
205
51
-19
402
281
1607
805
164
-70
75
218
721
255
102
-6
-9
-6
-2
-6
-6
-14
-12
343
242
-10
-24
-16
-25
-32
-36
-30
-30
-16
-11
-30
-5
-31
-10
-14
-19
-35
-41
-48
-23
-16
-19
1523
342
1250
-16
-16
-25
-22
-39
-22
-14
236
18
19
73
26
42
199
106
71
960
2
74
11
78
136
2021
216
235
4
153
213
1122
213
16
40
297
1425
923
1706
15
58
282
2
963
15
89
13
140
23
2220
116
320
396
304
307
369
238
228
273
60
15
306
22
301
238
162
20
240
467
527
187
31
323
408
197
197
189
223
744
113
540
5
205
13
349
1577
1170
1013
192
27
803
1372
1115
331
-355
-254
-246
-245
-176
-229
-254
-11
-141
-183
-127
-91
-202
166
318
347
566
465
-172
574
202
-68
-71
290
-199
235
202
205
-13
450
-230
520
308
228
202
496
-247
183
91
1765
1708
342
172
-122
576
673
904
643
10
137
1182
452
492
733
225
-16
-97
1034
-179
801
91
-631
363
667
-14
-833
29
-456
-1040
-811
-1173
98
-171
-837
-194
855
878
-809
437
-622
-140
574
885
-581
380
170
743
139
179
95
333
1336
1053
888
1162
826
102
294
390
238
418
869
298
186
581
54
164
889
464
300
126
598
103
632
318
104
87
246
100
58
95
504
448
191
552
366
-421
-418
-425
-439
-436
-380
-345
-212
-156
-216
-176
-229
-233
-65
814
283
1205
306
-185
680
-222
751
-367
149
-232
-156
284
-263
255
-315
-243
-70
-156
-427
-102
-18
-284
-162
-147
868
-67
-306
1
1
1
1
0
0
1
196
1788
2796
2554
1804
2
0
2
7
6
705
3
6
7
3
0
0
2
93
481
1033
1738
1546
2
4
10
4
8
9
2
3
0
7
37
6
22
25
28
38
42
39
37
59
0
249
117
9
41
4
146
1001
166
680
74
474
393
1407
311
1152
41
88
258
5
180
49
20
96
59
385
40
42
11
118
712
138
184
117
864
668
372
-468
-144
903
938
995
224
-160
-74
484
940
550
-608
48
-455
517
927
921
501
-25
328
650
936
1243
826
660
1152
1174
916
1033
-441
-347
-108
927
877
951
632
-473
264
995
939
1075
813
992
784
389
1004
1222
292
702
528
-55
1293
1444
291
70
234
188
1495
1498
1360
833
1103
998
1441
1312
917
1060
799
811
1260
1090
625
934
14
-58
1172
1120
127
-83
-88
112
-174
-174
-186
-181
-160
-171
-117
-40
123
0
74
-24
-75
345
582
517
1037
-10
-65
396
3342
2213
4197
416
-83
125
-37
219
2044
127
-100
-56
-48
-13
96
-15
-116
-63
-96
-99
1118
-85
166
287
392
477
433
257
22
139
509
125
67
549
135
252
1058
2061
1071
1212
315
1428
880
937
242
161
150
156
692
215
652
631
148
889
683
94
453
64
78
406
158
728
294
503
-146
-121
70
283
167
-1
-124
-17
581
523
150
245
-99
-24
-246
601
-341
-353
99
1153
458
1676
860
904
109
148
-595
-1089
-798
66
-94
-117
581
1417
356
-249
-47
155
982
160
98
121
-138
-190
-96
-145
-162
-134
-106
-156
-187
-115
-212
-244
-135
-160
-106
3214
-67
-146
-86
-219
-271
-264
-317
-127
-97
-120
-186
-262
-112
-34
-102
-146
-224
-109
-109
-160
-68
-90
189
1326
-27
-148
61
11
424
568
586
274
3
1
4
26
35
431
2
1223
46
1366
78
1787
5
413
599
3629
628
547
38
41
106
1548
107
103
153
480
1509
463
382
297
31
124
26
48
104
203
-410
-366
-284
-297
-107
-182
-433
-226
66
-213
413
215
-484
-89
-158
529
-151
115
-474
149
-121
-187
282
514
-454
-16
209
688
555
1049
-533
-157
257
2264
910
42
-418
-326
-281
22
-181
-282
-23
-24
-20
-24
28
63
-19
-14
92
30
-31
-26
-18
101
981
1486
1672
1423
-18
759
265
1363
507
1150
-18
-5
297
504
-48
-71
-19
-42
1165
1670
727
-28
-17
-23
-75
-133
-48
-20
609
600
14
13
60
285
647
291
114
61
78
524
674
208
12
65
56
357
687
505
30
85
69
988
646
746
95
74
63
923
662
551
184
637
409
314
567
561
722
711
879
890
-407
-380
-363
-356
-355
-387
-299
-236
-130
-116
-107
-207
-331
-14
-278
-238
-282
-322
-294
-226
279
-105
122
-247
-318
-276
657
-85
527
-65
-329
-325
-225
-471
-215
-115
-350
-303
-185
2977
63
28
-292
-303
-205
-153
-304
-284
-229
-243
402
346
-261
-277
-227
253
71
397
-371
284
-222
473
-194
1168
-209
-45
-199
-170
-204
-7
-215
-28
-120
-103
-301
-20
-25
-347
-245
-192
730
1049
-183
-231
-12
-24
-39
-40
-39
-38
-3
-17
667
2253
2449
303
-14
-41
-54
-65
-72
-38
-4
686
800
1728
481
1028
-21
-39
481
1551
944
-54
-26
-42
426
-62
939
271
-42
-19
-31
-40
-14
38
797
666
397
417
399
413
563
567
760
616
820
781
791
675
278
-414
-178
338
703
482
-101
296
-84
174
792
667
347
174
592
528
782
467
108
780
-141
310
646
381
340
-143
-152
289
359
190
627
262
118
87
719
319
822
533
67
563
539
93
84
197
72
127
427
247
300
266
628
645
231
824
510
110
499
587
354
994
974
284
1285
576
282
753
934
38
709
522
756
165
469
524
629
634
751
200
254
376
208
452
822
168
138
325
100
-146
745
338
-579
-308
-543
-374
798
169
159
431
150
5
642
-823
-592
309
154
-410
473
213
282
126
-156
361
-326
-317
-322
-288
513
293
-326
-311
137
300
-19
99
-323
-277
-279
-286
-249
-287
-322
-196
1469
-261
965
-184
-321
-241
176
1807
-44
426
-319
-241
-315
-285
-295
-248
-323
-281
-289
-298
-126
-281
-212
-198
-196
-195
-193
-199
-206
-196
-65
574
195
-183
-204
-196
-105
-32
-16
-92
-209
1248
1528
1242
932
2080
-201
733
1451
1012
1582
357
-196
-180
-184
114
-102
-116
-188
-135
-51
113
87
-222
85
246
95
65
128
137
96
55
107
26
164
214
84
403
420
198
129
420
169
231
894
488
1694
104
12
279
277
110
232
275
42
227
552
137
836
37
105
187
206
238
191
290
415
694
743
105
208
806
659
58
-301
-63
-35
-229
615
-24
1036
884
467
-82
661
-155
-491
329
-281
-509
668
1109
786
797
982
1493
628
-72
-536
802
-5
602
531
1113
716
-557
491
721
-314
-218
-25
75
-23
-96
-361
-14
175
502
262
-65
-263
64
-179
55
-232
135
-355
-32
64
-48
77
-32
-365
176
1694
2065
2897
1324
-363
-109
294
1044
257
-91
-308
-281
-124
-230
-152
-86
-189
30
-88
177
364
-78
-9
-241
-202
675
410
-417
-7
-251
60
-388
36
856
398
226
175
803
585
-53
255
-257
-849
594
-249
-36
58
-199
-394
-140
-38
-21
318
-182
259
684
-528
-537
-401
-336
-372
-346
-337
-284
-328
-244
-165
-119
-113
-58
-366
-173
9
212
30
248
-345
1034
670
1614
987
2128
-330
-173
188
3032
477
-125
-341
143
424
633
908
1134
-335
149
409
-27
1144
1057
-454
-354
-483
-489
-454
-426
-284
-197
-189
-109
-175
-265
-368
357
-114
422
94
64
-382
1195
1143
2543
462
1539
-422
1473
767
-300
509
2908
-364
262
1221
355
639
628
-372
-102
421
370
-51
99
100
-34
835
829
481
309
-125
-23
465
-536
-11
1181
-144
21
1302
1634
1323
442
-101
-482
-404
-134
-468
-723
-64
-102
1355
959
830
-63
-69
-5
503
577
1083
968
-38
-175
599
663
1216
699
-338
-368
-350
-288
-300
-372
-386
-332
-339
-193
-14
-360
-356
-303
-325
-391
-379
-310
-362
-350
-347
-365
-323
-374
-367
-346
-66
482
-205
-361
-364
-308
-88
449
614
-294
-390
-348
-135
1843
-325
-192
-294
-294
-306
-288
-281
-293
-252
-299
-628
-394
-288
-298
-222
-165
1118
424
-275
-57
-243
343
-494
-327
-440
-287
-238
-76
2322
1100
2093
503
-231
-308
-84
-45
-278
-293
-227
-91
497
-643
-161
-66
-437
-419
-544
-256
-365
-438
-409
-27
629
0
763
383
-591
243
260
-186
949
1086
-534
-157
-421
200
155
-84
-448
57
1009
1008
774
400
-348
373
103
-380
88
233
-418
-55
939
2519
1108
-172
-346
-356
-241
591
-94
-369
-343
-189
581
2741
1222
-23
-342
249
102
519
-66
66
-343
107
-3
88
-302
-301
-349
-145
675
331
405
-192
-345
-306
291
713
28
-236
-349
-321
-202
367
-155
-166
86
37
16
11
18
149
233
201
164
25
609
135
250
273
48
211
858
32
256
21
66
135
358
113
353
923
367
31
1792
282
290
1094
104
573
32
108
233
273
82
30
187
114
46
161
196
528
279
87
100
126
337
504
438
501
10
232
776
1295
1420
359
32
18
165
1123
307
89
9
293
673
1929
754
517
97
720
1997
775
2029
1534
39
359
997
1799
2191
30
-91
-108
-138
-90
-121
-147
-111
-138
-58
607
13
-55
-61
89
423
507
-241
72
-42
722
2592
2366
3005
1027
-61
-15
-8
13
243
220
-46
-66
-159
337
-124
-7
-34
-15
650
1009
1145
174
-4
-12
336
-18
-7
548
-6
-2
-7
-10
-8
-11
-7
-26
-38
-29
-30
-23
-10
-13
-10
-13
-9
-7
-4
-12
-14
-17
-13
-4
-4
-3
-5
-18
-3
133
-6
-10
422
470
359
-13
-140
-33
-110
-22
22
-2
42
126
1155
259
1530
1056
-37
692
286
335
370
727
-39
677
1060
548
782
626
-35
849
2190
495
1924
585
-46
258
210
131
51
-14
-71
-51
522
880
301
-93
-410
-393
-380
-286
-342
-464
-353
-275
-6
103
-42
-201
-264
641
823
89
831
863
-277
1772
181
-80
52
665
-187
2745
1084
1026
139
1826
-316
1411
962
471
103
2235
-334
1514
1625
-53
341
2111
182
109
7
446
487
-43
12
-86
-42
-136
-242
-23
38
492
1652
755
960
314
64
319
-129
774
-69
190
102
224
-142
-211
105
-296
45
-108
377
1353
355
14
562
366
153
-292
-98
594
-261
-220
-209
-190
-217
-212
-204
5
-29
62
198
60
-116
246
-21
248
-16
40
-151
697
1481
2109
1199
752
-142
-35
-24
10
24
-36
-112
-7
553
79
259
873
-100
45
475
1295
1539
988
189
261
258
94
127
247
91
141
237
1294
828
87
25
997
923
2448
1377
1415
5
960
204
125
209
2052
72
402
43
68
1
1232
13
656
16
36
447
627
218
1231
111
8
71
31
50
109
120
135
279
134
181
123
21
127
489
155
397
80
492
46
122
391
456
50
60
94
2
605
334
243
472
330
61
170
371
104
334
252
718
511
337
35
995
635
745
217
-79
-95
-42
-53
-42
-100
-34
34
-43
651
563
40
45
389
506
853
752
224
28
1182
1539
2033
587
1427
50
132
118
1822
186
214
-22
785
1582
-4
1245
834
-27
76
99
889
569
140
-371
-281
-251
-223
-277
-291
-345
-40
857
-89
-30
579
-332
-82
-193
-199
-90
345
-316
-354
1527
-9
1492
-326
-333
-312
-258
-95
-270
-311
-316
-142
-198
-278
-148
-305
-378
-267
-201
81
-97
-206
321
218
245
155
9
198
29
99
103
81
58
66
8
323
1487
1591
849
952
11
251
1005
55
1666
148
35
194
958
282
1168
78
58
224
22
198
9
65
3
251
263
3297
366
35
-100
-91
-108
115
-36
-102
-74
-41
-69
-86
-82
-47
-67
-35
-21
-13
-50
-50
-68
285
607
660
86
1132
-66
726
729
-73
799
1738
-66
288
250
193
246
142
-80
-48
580
-8
1538
879
47
93
122
38
104
125
40
46
317
85
79
21
10
44
12
432
531
83
169
37
393
399
385
54
28
41
72
19
91
63
62
595
236
40
113
1186
172
43
134
134
125
211
-284
-251
-318
-223
-254
-359
-227
-145
364
334
-123
-143
-232
500
378
-14
20
983
-253
532
1164
-132
1421
561
-222
-57
-35
-44
679
-81
-205
-32
77
1025
874
10
-282
-122
347
-22
702
-87
-510
-427
-230
-260
-154
-189
-391
-163
-67
-60
-27
20
-311
84
232
-94
-211
-275
-351
-171
165
2081
408
-279
-325
-227
231
318
2
-337
-249
-237
-166
-299
-172
-231
-168
-35
-6
-3
-60
240
86
940
184
37
0
104
-257
-190
229
1166
585
136
-151
292
232
1735
-207
138
-79
176
463
356
334
75
-117
-66
147
80
650
201
-122
359
781
178
1616
447
-150
250
1335
1225
2227
173
37
40
33
1
35
15
74
40
429
454
151
36
331
32
100
325
450
535
313
1804
1468
711
2230
1541
520
299
83
0
21
378
287
1023
1375
23
1742
1379
361
438
794
351
1009
246
-414
-601
-632
-428
-449
-655
-568
-391
-307
-370
-218
-374
-620
-486
106
-31
398
-37
-629
-203
-131
79
610
122
-463
-345
438
1490
1272
461
-557
-355
-446
864
983
342
-516
-153
-378
-105
-162
-112
6
41
180
324
384
56
75
132
80
11
70
155
49
157
183
215
147
335
83
434
340
20
310
100
26
17
1082
1144
789
83
115
507
296
1382
407
312
97
18
1147
1307
1240
16
6
62
61
41
23
52
11
647
1031
168
27
29
0
299
13
34
76
46
1
1
1753
70
125
62
13
458
956
247
10
140
14
985
170
331
442
97
14
363
53
1013
93
77
-195
-86
-19
-20
-25
-98
90
-61
-122
-353
-166
85
48
414
177
620
19
124
82
-82
-300
-88
-462
-196
118
336
698
172
717
422
33
-278
-108
297
447
-357
-140
419
477
-19
566
622
-94
-90
-84
-132
-151
-95
-107
-224
-125
829
379
-174
-157
-208
-103
169
313
-80
-168
-143
-158
-108
-80
94
-154
-146
-184
242
247
331
-148
-64
820
1461
1013
461
-126
258
1222
746
777
150
-220
-285
-197
-76
-157
-235
-190
-122
-68
525
133
0
-156
-96
-163
-81
-63
-118
-195
-17
243
297
470
731
-281
-135
-42
412
75
-145
-207
-123
32
-64
217
-35
-211
-205
-52
86
-23
-72
10
20
13
20
38
33
320
893
220
207
17
69
657
521
97
64
34
24
604
1094
26
3
48
33
598
1588
1237
711
164
842
457
633
337
27
31
768
469
907
1016
1247
719
959
8
28
12
190
25
12
26
1
980
132
494
11
29
39
0
139
119
952
37
68
104
1024
115
257
38
58
9
203
351
28
24
51
532
1128
115
33
8
43
1321
2301
666
38
57
7
62
857
692
92
43
208
462
163
81
3
12
124
95
31
65
289
38
1107
20
509
111
762
42
48
610
519
151
67
116
21
736
522
117
181
14
63
47
521
657
222
445
403
437
416
433
438
430
187
226
379
388
412
419
76
-324
521
-175
173
419
-452
-303
-1003
-764
-1369
427
145
139
-213
-113
-52
478
112
-463
-186
517
290
415
406
-118
-486
-616
113
-360
-221
-216
1449
966
-282
-324
364
1107
121
389
219
-347
2052
-96
560
-206
3685
-331
-307
1432
1450
3477
667
-320
-309
-204
-263
-148
-365
-362
-311
-323
-310
-267
-358
-417
-361
-332
-316
-421
-364
609
129
88
134
128
36
1131
250
701
273
217
392
793
202
65
51
193
499
925
1159
857
173
731
1261
876
327
136
148
688
323
797
43
557
685
1771
364
726
518
765
356
999
138
102
13
34
2
133
2
685
2
4
83
5
2
182
338
14
200
19
5
193
353
80
55
532
512
452
149
55
12
7
85
31
7
40
170
23
778
44
301
0
19
4
10
1502
646
698
643
414
321
1375
320
362
770
528
286
1125
606
418
294
457
827
961
437
-223
-131
85
248
1185
-163
-402
188
-138
-134
1046
-57
-266
-304
-161
72
1180
837
240
12
-504
-91
1103
909
745
486
449
733
1001
418
-639
-1147
-407
283
840
-949
47
671
226
-748
1043
-96
-193
-354
12
-533
1072
-115
-256
810
-507
394
1135
71
-208
-212
331
-207
1046
1165
116
-730
-332
1012
-84
-73
-50
-59
-63
-55
-79
-53
-35
364
-42
-17
-59
-5
39
-10
-35
63
-71
-2
297
2053
265
-12
-75
-55
-27
2713
120
-33
-57
-30
400
4095
272
-20
-51
-34
313
1889
287
-31
385
399
480
695
570
197
540
-115
-471
988
-25
-1360
595
-49
626
1030
725
-961
626
538
785
840
1170
720
655
387
206
596
678
279
518
50
-180
656
-154
-546
270
468
205
778
-240
-206
-399
-372
-402
-391
-409
-400
-360
-320
-318
-321
-325
-370
-357
-269
-317
-156
-182
-322
-344
-296
-325
565
19
-238
-355
-344
-369
-372
-336
-105
-373
180
198
-113
558
242
-372
-151
-82
526
544
39
-198
-164
-219
-281
-373
-272
-250
-266
197
661
229
22
-59
901
1900
2295
2217
815
9
113
249
-198
179
369
-176
373
337
-367
-28
227
-215
-184
617
1708
868
-75
-181
-16
-69
-102
-157
-201
67
100
150
45
29
378
93
178
612
982
1054
376
193
104
805
1553
1478
585
221
563
578
1430
731
792
246
640
903
1094
941
679
117
198
18
844
207
153
28
86
49
71
53
95
497
554
456
542
535
390
341
239
165
262
330
272
408
223
12
9
-365
10
385
217
136
98
151
142
403
231
414
428
271
343
439
287
-172
263
169
309
440
273
-439
-363
-786
-65
665
697
1005
1023
871
849
1088
888
-22
-42
-32
-13
1044
845
-36
-35
-12
424
1244
783
805
519
717
624
1258
937
-36
334
-43
398
1120
727
796
1690
1131
784
1289
1526
687
-23
-23
1408
640
651
683
654
651
658
675
768
813
716
691
790
678
394
-710
-41
-477
337
531
266
-715
-523
-784
564
645
258
284
-684
170
277
688
-59
-386
286
-599
-425
657
430
297
-792
-741
-780
701
134
845
1009
594
363
148
257
1095
750
708
302
451
824
1312
983
1210
507
537
835
-202
848
-6
214
189
867
-550
1090
-878
772
114
805
973
1077
1095
1052
-131
488
1135
390
820
480
46
237
705
1339
499
249
21
297
51
264
1
10
16
406
35
1649
249
19
33
995
223
1768
441
2694
24
80
27
529
45
102
59
6
48
291
48
33
105
17
890
604
1390
187
-84
-77
-55
-65
-62
-70
-51
-36
17
7
44
-44
-25
201
512
-40
912
-43
-19
54
683
601
1653
-8
-24
-7
-38
455
-60
-5
-23
48
418
1490
487
45
-37
-27
192
438
846
-28
6
28
6
6
5
11
11
78
200
891
4
0
2
31
466
3
441
7
4
149
729
2456
1006
32
7
2
538
3140
1
347
8
29
18
25
5
18
17
28
16
3541
23
38
3
141
24
439
377
204
23
246
285
29
195
232
13
383
912
1855
274
187
28
8
133
317
261
97
8
162
780
91
1218
867
3
140
37
1706
289
152
3
405
660
119
398
429
-18
-311
166
1028
832
28
311
276
1223
856
949
1270
183
359
-71
-225
-123
729
165
1279
1913
2061
1384
1262
151
262
831
601
867
634
946
510
919
136
595
684
1286
835
1035
1203
455
731
-120
-213
-578
-160
-293
-195
-200
-143
-130
37
-92
-156
-455
-20
-18
-54
-144
-91
-464
-374
-387
-311
-214
-203
-575
-252
-249
-420
-124
-128
-571
-169
-218
-126
-250
-128
-172
-261
-91
-354
523
395
825
834
894
24
79
815
811
717
710
-461
159
720
858
427
260
169
323
349
906
-159
-493
-849
-248
-1063
914
263
-64
78
363
-144
905
640
506
-263
284
-6
912
473
4
218
-726
15
-92
-22
198
96
-15
233
-134
46
-101
-93
-29
-13
-97
-80
1337
187
694
390
-163
645
1093
1069
1891
181
-95
-221
-601
605
-630
-207
-86
5
73
-452
-88
-15
-83
-110
-152
289
54
-60
-33
-56
-47
-10
-15
-35
-61
-90
-83
-59
-58
-81
-61
-91
-100
-101
-72
-45
-56
-29
-5
-23
275
680
-62
-10
272
-20
103
291
-71
-91
-69
-64
-77
-87
-68
-98
-25
953
140
-102
-94
-95
-95
-97
-96
-93
-97
-103
-104
-1
-67
-104
-99
-103
-10
359
-28
-60
-100
-58
-72
-94
-34
58
-96
-87
245
1201
69
-73
-99
-111
-119
-119
-102
-129
-98
76
791
2139
977
898
-280
-139
-137
262
58
-13
-163
-63
-72
-235
364
-96
-106
515
2
671
-291
671
-148
134
701
2527
712
-539
-154
313
1052
538
197
494
-139
-248
-18
1587
1191
-275
-212
-156
80
-427
1771
563
375
475
817
504
550
264
148
677
729
351
1019
264
156
71
169
131
54
1686
63
1636
349
36
761
734
243
251
5
24
558
624
158
272
1559
190
702
157
133
49
245
310
337
22
30
9
148
7
24
121
29
29
63
71
6
15
51
335
697
132
0
43
63
50
419
199
1493
344
70
70
330
366
1218
56
24
440
143
679
85
741
30
190
514
341
112
951
559
477
466
-22
303
473
576
-208
-10
296
-149
58
559
-1102
-793
-1623
-300
-576
572
-1428
271
-305
-126
-1235
530
-1710
-892
-1279
-352
-939
561
-1632
-1483
-843
-503
-1368
553
344
79
-109
-842
262
165
43
73
74
31
99
166
73
170
197
73
205
251
20
258
19
218
226
256
3
113
340
162
170
216
102
237
1462
340
44
255
208
280
79
372
169
211
170
144
103
711
178
-169
-127
-168
-168
-292
-209
-270
-5
615
155
446
691
-184
394
499
-40
319
439
-207
214
381
579
737
84
-260
-87
159
-66
281
-18
-234
-31
253
1784
510
529
-168
-78
268
1645
1234
255
82
42
217
498
125
398
36
80
323
2090
1469
190
229
638
344
1283
92
337
37
170
132
122
220
29
38
428
16
1016
554
151
148
392
151
24
433
966
21
78
155
163
116
15
611
395
407
533
624
441
525
-1445
-309
-280
339
11
371
-2143
-764
-2187
369
-1275
690
-268
1
-435
-2
-1209
633
-2064
-1195
103
-819
-3085
556
407
139
298
-226
-204
10
95
-11
-264
-313
10
-592
-353
-408
-367
-389
-394
-244
2
-438
-287
-327
-306
-179
8
-404
657
-225
-208
-152
95
-175
941
-281
10
-114
-34
-243
1290
-8
-73
-187
-89
-397
458
402
-32
-437
-214
-340
-6
856
138
-345
-99
-323
-271
-262
89
-259
-105
-187
-134
-168
-145
-112
141
-143
-63
-78
-61
-59
78
-155
11
195
84
-115
-93
29
-104
229
796
-126
73
280
-157
343
658
-152
161
692
1194
1510
1080
-125
-97
-22
845
179
-28
-85
10
589
2868
1241
-23
-60
-59
-118
1185
-107
-19
-46
225
963
2720
1065
717
-74
174
1499
1390
1459
307
-59
-21
541
396
220
117
-68
24
746
962
1109
193
-359
-364
-370
-123
-311
-372
-159
-209
-137
-207
-36
-12
-52
203
89
-138
80
336
-84
1458
410
2118
1116
465
-124
19
196
482
218
-108
-56
203
425
143
608
301
-39
170
-185
1227
787
290
-256
77
138
-141
-239
-254
-115
103
802
1766
717
180
-254
-148
-256
860
-56
1148
-244
-162
64
302
374
120
-189
525
1345
304
1159
1056
-152
-184
581
1157
1024
-226
-244
-275
-338
-295
-324
-229
37
196
92
-27
-27
-27
-25
-24
-19
-16
-19
-24
-23
-15
-15
126
119
-13
-8
261
-20
-23
159
167
-24
171
-35
180
-50
-19
-23
765
984
1999
1068
-22
-21
332
149
-15
-75
205
128
69
127
165
130
84
11
73
167
93
169
198
7
153
107
382
139
156
36
77
47
762
104
585
0
245
170
57
12
125
91
190
982
1097
1777
261
255
58
730
531
468
40
-157
-46
-160
-135
-188
-225
-82
-20
-31
21
147
-48
-198
-36
192
246
154
-90
-140
661
1673
2063
2168
698
-169
-27
165
44
151
68
-177
645
1268
1559
1266
-17
-151
-89
-189
-135
-105
-54
-466
-414
-386
-446
-427
-432
-284
-167
-14
-367
-293
-226
-227
-157
-190
-38
-191
-290
-223
-232
-219
272
-122
-215
-261
-308
-73
-285
501
-139
-266
-46
624
-277
946
-123
-296
-178
-275
3027
465
-269
285
60
36
420
382
147
424
538
232
456
486
343
281
1595
732
219
896
399
272
1
1206
117
1089
710
405
1719
1486
47
988
764
323
1449
1628
104
1780
788
228
483
1071
191
1446
146
1642
1008
990
1456
1206
1065
1603
277
45
19
68
121
1434
1070
1047
1089
306
882
1485
25
258
207
396
139
1555
56
265
184
228
128
1561
963
145
319
150
411
1557
1510
181
167
395
1328
979
921
733
446
498
918
808
598
537
-937
-116
733
689
-58
-388
-1457
-39
-246
714
-351
-595
-898
100
-674
719
-760
-1285
-650
-1114
-1348
771
-100
-340
335
114
-1430
672
-107
-884
312
-512
-1724
-524
-421
-321
-146
-263
-369
-420
-194
49
264
-59
-245
-288
187
289
256
2
-148
-312
-29
111
1732
1012
-127
-305
-49
537
394
433
-73
-295
-45
89
169
143
-162
-294
169
-90
732
1955
-251
-325
-312
-276
-243
-268
-295
-295
-328
-112
-196
-372
-341
-285
-273
-638
-298
-491
-371
-304
-271
-366
-445
-515
-331
-321
-328
-237
-296
-459
-338
-326
-285
-606
-304
-356
-462
-350
-323
429
1311
95
-348
158
12
97
209
160
168
198
1072
146
142
69
418
261
367
99
41
382
136
202
4
535
597
413
321
55
290
179
1191
60
157
190
1195
809
10
422
1583
28
1274
415
376
89
622
-183
-168
-175
-178
-110
-176
-182
-165
-178
-176
-66
-44
-177
-156
-145
-152
-62
-48
-179
880
3757
1531
3188
1813
-181
-208
-371
550
-397
-174
-184
-165
-85
-245
-174
-177
-172
-177
829
1286
1071
448
-213
-253
-226
-201
-206
-143
-146
-174
-215
-95
-72
-129
-122
432
658
180
731
572
-109
200
622
1246
20
154
-144
-88
-57
181
383
-94
-96
247
34
430
-65
-73
-113
50
-139
405
1489
452
-25
-23
-22
-24
-25
-20
-6
-19
-11
-5
-15
-17
-21
-17
-15
-19
-4
92
-21
-21
332
-7
343
-9
-21
360
1220
-19
213
209
-24
-20
-4
-27
268
-18
-17
-18
554
2551
466
-14
758
767
803
452
396
714
560
439
580
469
416
468
549
-115
-117
-172
-235
-232
522
-19
213
-846
-73
420
535
259
222
440
-222
544
586
183
67
441
326
-790
676
312
-184
-247
84
-1035
-23
-60
-76
-61
-74
-74
-16
20
210
212
230
186
47
377
1473
758
1767
926
19
1299
739
349
558
1131
-5
246
1051
1224
1082
236
35
274
45
305
-52
-247
59
240
354
-460
1183
3036
194
209
154
327
195
240
0
759
1073
318
381
1426
103
117
151
331
225
209
111
513
1034
1461
1648
760
126
176
529
104
415
279
149
41
931
671
912
533
226
279
101
995
60
305
676
76
735
1265
513
6
1030
637
-26
827
-60
-272
1249
378
-339
-86
-344
-159
1440
1316
560
983
171
1179
1216
1317
-22
-300
-302
18
1132
1366
1001
58
523
-24
1194
1352
82
-436
-67
168
-219
-211
-202
-203
-203
-205
-190
-171
-115
-190
-180
-167
-188
-171
-153
-156
-156
-199
-185
-80
-68
545
-97
446
-186
-171
-167
-162
-139
-173
-188
-79
-25
547
-11
91
-200
-190
-190
-105
121
174
509
287
631
737
688
163
705
642
225
-707
-243
89
635
481
-247
-11
-158
31
589
516
443
-506
420
671
630
176
375
133
336
-533
591
562
263
-1088
-37
540
614
178
-305
324
-430
-595
-19
-266
434
203
382
282
617
342
-222
303
-431
477
581
257
-1947
206
-1671
-103
550
136
-682
-411
-477
16
583
366
-358
-727
-1109
273
591
285
-104
-1491
-116
284
324
364
271
-1225
265
423
1081
1263
838
497
734
914
0
0
358
809
841
391
0
1236
1018
1902
442
194
1
120
3
0
1
736
0
1043
705
1
998
440
0
108
641
1
177
559
0
0
995
623
905
1
310
211
306
165
219
358
-8
-82
-86
-69
-75
-83
-33
-60
-26
-24
-36
-11
-23
868
641
1431
-32
89
-18
-75
-145
-22
-147
-79
-39
-87
522
-61
-11
-44
-25
-86
372
-5
675
-33
-482
-431
-456
-479
-487
-292
-413
-381
-406
-435
-60
-150
-368
80
394
-246
134
-169
-309
-16
-109
-292
-221
76
-338
-213
653
251
439
167
-367
-337
-246
-223
-178
-593
-326
-95
200
-895
209
1436
-490
-420
-511
-84
-299
-525
-388
-362
-357
1240
-159
-315
-298
-153
-140
-263
-141
55
-282
320
-13
1635
1258
596
-359
-291
-257
-47
-263
-243
-329
-191
-326
-70
-355
-163
-402
-282
-135
651
-263
-209
-14
477
1174
1098
905
1244
-62
139
659
622
-19
802
-127
-48
-142
-1
-127
256
-138
190
-200
130
-74
725
-103
-17
330
802
375
424
-67
-84
1206
1342
408
255
-47
-9
966
1232
387
725
-396
-197
-314
-309
-307
-229
-249
86
-211
-392
-412
-336
-197
-112
-96
-264
-198
-431
-169
-318
33
448
281
510
-187
-201
-104
-1
198
20
-237
263
595
-79
210
11
-256
57
491
-295
402
-4
-115
-172
-164
-521
-365
-190
-148
-62
-61
835
328
-61
-140
-93
-132
-103
-107
-138
-142
-143
-470
-963
-1102
-84
-152
-166
1229
475
1655
-188
-140
-237
-487
439
-223
-155
-122
-18
956
-467
-200
74
-421
-371
-477
-406
-492
-449
-390
-358
-383
-204
-40
-207
-407
-119
330
627
580
15
-385
86
171
953
627
252
-330
-122
92
-36
-105
-257
-365
-4
-85
-18
90
-38
-323
-201
1301
719
966
264
-291
-240
-154
879
-26
-177
-178
202
14
1220
151
-11
-107
160
-148
1295
160
136
-148
-217
52
1125
197
38
-175
-204
447
796
80
-255
-164
-155
111
199
532
-152
-268
-229
-19
497
312
-178
-192
-54
-103
-99
-69
-154
-157
-112
784
1698
1201
136
-100
15
757
797
2488
888
-96
-6
-112
71
510
-25
-119
-40
1434
3510
1620
-146
-148
-77
411
254
225
-72
-184
-88
332
525
486
-145
767
883
765
545
617
816
778
-9
-206
215
-163
-94
711
-218
-296
864
428
-150
758
1005
1518
944
1958
1106
880
1155
1073
465
480
894
630
752
302
1781
369
978
275
115
-129
-162
-120
489
-119
-69
-34
143
-48
36
-290
-207
-136
-58
-172
-193
-246
-271
-105
-216
42
-157
-301
671
443
1640
-111
-211
-274
-160
-249
-95
-132
-216
-235
192
289
-185
893
130
-265
-239
-163
-264
-333
-200
-134
-37
-78
-142
-150
-36
-65
1719
369
-69
-49
130
-53
263
882
344
225
-81
-4
1054
-137
2433
-60
43
-83
776
-116
1012
-69
377
-144
-116
-143
-88
-100
-153
-155
-159
-117
-122
-107
-147
10
39
253
487
352
150
102
226
414
747
881
456
120
243
275
52
261
192
95
397
563
989
1035
1312
124
86
666
475
923
415
82
138
38
660
731
155
89
275
933
1679
1579
147
384
62
203
205
481
41
378
228
393
366
39
313
648
130
381
151
267
588
838
52
235
16
145
5
546
107
571
363
93
339
382
199
54
427
358
114
382
238
57
10
163
91
552
508
852
160
244
669
887
1236
590
-226
-200
1051
1213
1409
-60
-521
-108
1006
1238
891
-111
-43
-116
822
1155
1097
209
824
97
842
1227
935
-42
-82
-88
63
1165
978
-37
-420
-118
984
-124
-118
-129
-106
-74
-116
-112
-84
-73
-42
-40
-125
-123
-65
-42
-89
-100
-69
-134
115
432
559
-3
-62
-136
191
73
760
55
-59
-136
304
700
1438
688
-68
-138
-97
-31
-96
-77
-73
-27
-28
-20
-25
-21
-23
-15
8
-15
-20
-11
28
-8
463
986
517
1263
1265
-8
340
-6
-8
-7
-1
-5
96
883
1036
231
-6
-10
-1
-11
-11
-14
279
-4
1034
2559
809
1702
1184
172
424
485
411
403
326
82
133
265
60
103
286
20
83
327
838
874
181
8
139
369
128
387
89
21
252
767
8
496
318
57
496
938
1510
449
335
54
219
276
142
280
230
1044
859
956
601
530
748
972
700
715
17
-288
202
1030
3
-7
338
578
205
680
-1643
-751
-394
-243
-1810
963
-1128
-707
217
-353
-1896
1113
45
-205
324
50
-484
1071
450
-467
-58
-345
355
7
7
7
955
393
7
7
6
6
2176
661
7
7
8
0
0
33
3
7
1392
453
2852
506
251
7
1193
165
2082
136
322
7
40
3
7
5
5
7
3
299
0
1
5
384
430
665
461
526
665
405
338
397
200
-234
299
521
303
-30
233
-316
-445
560
-697
-91
-54
-76
-264
512
75
-854
-641
-1084
-1163
541
-554
-409
273
-1124
-799
558
-132
-272
341
-1257
-1468
-231
-132
-29
-282
-107
-104
-325
250
769
-68
-188
-22
-415
-266
-92
-188
-264
-167
-384
-209
-64
-107
-204
-216
-415
-165
-10
2335
-267
-182
-244
-171
-98
-58
-316
-223
-25
-211
-263
115
-260
-288
1112
-151
-138
1206
937
-7
1036
-436
81
484
850
-357
1012
588
616
750
883
620
876
-243
-847
-1164
-568
-803
819
-264
-500
-27
-160
-12
1036
53
-137
-712
-107
190
1326
218
-238
17
-119
21
-310
-84
-41
-271
-242
445
-290
-152
-35
-100
-189
-139
-243
13
99
-64
-75
-16
-253
-31
904
1405
384
173
-259
-154
-22
-68
-151
-12
-232
321
399
789
138
1013
-216
-78
108
-16
745
1228
-119
410
707
-34
-34
513
-168
-168
-93
-42
-51
-108
-120
-64
800
1088
1226
145
-131
135
26
163
106
-66
-118
-255
3
43
265
-6
-120
969
980
40
289
-127
-107
216
222
-305
-197
496
-268
-209
-189
-132
-151
-167
9
260
143
663
553
237
-12
-43
124
211
180
242
-44
1117
1624
2989
2220
2201
-75
-6
425
495
386
49
-90
-132
299
114
287
-63
-75
19
568
1472
1112
215
-124
-121
-92
-105
-136
-103
-100
-3
786
824
774
-51
-86
1215
1839
1020
1367
2120
-78
63
-133
-126
-48
392
-70
1683
2050
736
1749
1932
-59
-28
-72
-336
-187
-54
-80
-10
209
428
344
-135
102
35
49
2
29
37
26
38
1
11
10
18
32
17
349
35
396
42
27
18
97
52
13
54
28
19
12
13
800
37
21
10
381
2020
85
109
77
208
621
29
75
275
-402
-365
-347
-286
-331
-315
-370
-279
-261
-209
-279
-282
-341
-124
-168
-8
-113
-262
-372
-115
469
589
-49
-182
-350
-165
139
416
467
-196
-359
-230
1128
-13
1413
63
-291
-103
483
1356
1859
190
-413
-449
-415
-422
-440
-427
-369
-294
-334
-407
-432
-201
-427
-214
-256
-230
-187
-178
-379
-208
-236
-396
-81
-193
-367
-311
885
-152
3579
-355
-390
-246
-86
-302
-102
-286
-420
-462
-445
-385
-485
-21
-324
-297
-342
-142
-147
-308
-227
-154
-212
-232
-133
-184
-125
-69
-83
-212
-85
-83
-136
1185
614
1276
634
1690
-232
585
-9
1188
202
1150
-185
-190
37
475
119
-91
-199
-54
-68
301
-178
-87
-11
208
-203
1423
881
529
-213
-160
-185
-115
-73
-180
-185
-131
-140
165
-178
-126
-192
-123
-44
613
-24
-120
-180
-150
296
-60
170
-54
-176
-132
-149
-94
-33
489
-212
40
716
-84
1294
1589
-15
-23
-32
-27
-31
-26
-18
-22
-21
-55
-30
-20
-16
589
-52
1202
-29
125
-17
341
-29
-67
-24
722
-16
-97
-16
-88
327
790
-19
618
469
-48
-17
-2
-20
145
1537
89
1740
268
-88
-88
-85
-84
-83
-83
-63
195
532
-47
-31
13
-57
86
-25
-44
90
758
-52
663
19
196
-34
270
-57
449
27
496
33
921
-61
160
804
549
362
23
-65
-34
890
1233
518
128
666
719
543
239
114
556
1034
1000
849
1569
885
490
1010
105
120
108
410
152
949
300
210
413
276
14
1129
165
814
286
559
59
1145
188
649
85
277
257
1165
863
333
511
348
876
-463
-419
-530
-261
-308
-450
-415
-329
-199
280
-180
-433
-305
-103
879
556
562
-331
-426
-384
-327
-347
-350
-170
-370
-350
565
1790
244
-413
-372
265
695
686
-172
-51
-438
-360
206
473
578
181
-598
-483
-599
-494
-547
-620
-507
-310
461
906
309
-11
-548
1158
2511
1252
1650
2500
-571
516
111
-256
-102
2078
-550
111
172
1612
-331
500
-651
-260
-150
-181
-274
-293
-677
-173
654
-19
-103
-414
-393
-311
-358
-392
-387
-354
-454
-195
3
-91
333
361
-411
812
-18
-104
337
1185
-419
2207
1051
2063
569
2236
-428
-592
-496
381
-308
-325
-420
-149
110
-679
57
-239
-463
-344
1169
1415
1331
-86
-188
-166
-158
-160
-154
-113
-139
-87
90
213
165
-54
-99
349
-11
373
282
-80
-124
-184
-227
-185
-246
-153
-117
-157
1263
1122
956
-51
-131
-125
280
10
581
-57
-205
-113
-89
-148
-91
-87
811
781
706
747
363
622
671
290
177
199
20
-416
764
-680
46
395
107
-944
670
-599
-1
-340
256
-518
642
-1162
-624
115
342
188
750
382
-271
196
406
-657
882
-249
-1169
-416
-124
-80
-15
-66
-7
-42
-13
-130
63
64
424
50
-74
-118
20
-171
392
64
137
-196
45
451
-26
-490
74
-97
86
-89
-305
706
-656
-64
97
-136
-585
1214
-71
-128
105
-84
788
783
-68
-14
530
330
526
559
183
329
592
348
84
421
162
224
584
-324
-226
175
125
282
542
108
516
-156
277
-9
584
587
224
-133
-135
-50
560
297
310
115
576
391
512
112
-199
-286
-10
8
-17
-6
-13
-2
-5
-7
-13
-9
113
-9
-14
-1
-17
-8
367
-31
111
-7
-19
406
-19
-19
-33
1305
-20
45
-2
287
-15
104
-17
31
-21
1834
-6
81
-13
-22
-25
2088
-39
1740
640
227
268
929
789
328
931
1147
609
-146
-107
725
1021
583
-158
-521
-61
510
1021
847
512
136
98
-60
1048
581
-360
-259
-727
329
1002
397
-334
438
73
175
992
852
12
-406
-73
925
179
53
6
160
6
154
6
7
7
7
7
7
7
7
8
7
7
7
7
7
8
2117
8
26
7
418
95
295
6
4
7
159
392
156
771
230
6
525
449
7
1800
1659
6
14
35
24
27
36
10
20
21
20
311
4
10
0
3
26
171
1
4
3
21
53
204
748
10
324
1513
1511
1272
539
7
17
36
2860
143
10
7
2
18
64
2
85
648
304
145
243
221
15
563
809
171
702
430
374
454
206
327
471
392
580
642
565
491
166
1272
271
585
213
524
206
884
257
584
382
150
24
51
166
670
48
333
504
264
393
119
-283
-106
99
135
-45
62
453
1370
1248
641
455
369
599
956
660
830
134
466
500
443
1120
332
797
-51
-493
38
277
40
-417
391
130
-637
119
-33
-45
735
645
-25
901
75
381
55
157
48
3
6
1
88
3
27
13
831
61
119
498
178
472
419
96
122
1535
380
936
86
93
133
1587
86
613
5
62
125
516
376
123
166
110
87
265
1194
153
202
112
-55
201
-25
-39
-43
178
-30
244
-2
394
168
565
11
61
154
238
160
92
76
171
225
1487
76
210
107
286
145
248
309
329
40
225
1431
38
1143
1237
101
461
876
1739
1567
933
378
106
44
25
20
9
634
137
1299
846
205
299
379
46
302
138
118
56
416
17
419
618
1048
259
454
701
512
48
837
1091
479
812
248
236
503
3
436
35
693
130
1097
592
141
319
201
512
659
163
265
24
920
125
119
772
25
20
4
48
102
315
160
449
738
200
542
58
151
596
694
73
923
466
178
439
311
896
862
612
190
127
969
104
932
18
-406
-414
-417
-311
-414
-432
182
-83
-154
81
54
-228
-110
-245
-89
385
59
206
77
550
388
1531
534
464
-66
-273
640
-14
400
388
75
858
383
-10
326
362
-118
-51
-33
279
367
-92
-301
-220
-267
-385
-140
-90
-388
-37
-19
-116
-237
-196
-362
811
792
-91
1193
1646
-323
-358
-484
-170
-512
-402
-352
114
388
1306
557
363
-351
-417
-268
-334
-297
-279
-258
-177
15
873
-53
-205
265
343
288
564
409
308
185
128
180
-21
93
132
154
76
62
-510
-222
-90
166
-276
-629
-417
-516
-264
122
-166
-177
-145
52
110
147
-458
-784
-24
-63
-513
119
162
-478
-1527
-1376
213
39
163
72
584
383
24
12
111
210
291
181
94
14
32
17
79
59
28
13
109
152
192
197
101
77
17
172
48
19
140
58
124
218
320
207
74
364
338
119
281
82
267
3
-21
-72
-1
-8
-80
6
-95
56
649
244
-88
3
-91
193
342
315
40
16
226
874
433
1079
305
7
48
43
266
-12
70
15
21
-112
237
266
-25
-16
-10
-21
563
-783
-79
181
50
82
284
222
84
179
11
209
154
311
78
75
67
843
1200
696
226
120
40
364
1265
261
226
60
522
915
753
767
878
121
933
1792
188
1811
508
195
229
148
286
393
0
138
354
43
407
383
68
315
334
970
1883
1319
145
116
23
337
778
925
138
106
38
593
56
1027
106
191
123
1030
1314
758
134
105
515
186
1409
224
97
98
245
78
1243
1066
91
615
526
400
337
154
107
660
482
-320
224
103
399
640
-74
-688
-1122
297
394
629
176
43
-680
-267
-103
635
79
-451
605
-402
-145
612
608
546
92
-66
-105
647
332
-630
-1130
-73
478
621
595
772
319
587
529
722
714
-169
12
738
30
749
82
5
338
382
204
679
199
722
105
446
-431
646
774
-423
79
-321
-84
762
240
-466
267
-83
-21
772
175
415
-272
-204
292
-505
-563
-476
-313
-425
-487
-209
306
166
922
562
-25
-230
-182
511
1840
1952
610
-152
-49
-198
-352
-138
-90
-180
296
1210
1453
2124
655
-223
-163
82
71
-34
-297
-260
104
109
1574
-420
-157
-411
-342
-324
-359
-369
-302
-334
-245
-133
261
-5
-164
-397
-103
329
86
428
48
-379
727
-40
-10
69
3015
-390
-184
-5
-138
1023
242
-405
-286
-101
349
252
-201
-398
-224
-247
-91
-42
-187
1954
1857
1763
1468
1594
1587
1588
1203
1103
551
1104
1323
1280
798
691
1151
687
952
1497
223
1
502
16
14
1740
1320
19
2
0
946
1423
636
76
16
9
885
1422
1404
306
79
443
1603
64
5
339
1375
1316
221
248
1120
1956
1183
1525
2016
386
877
64
19
73
267
156
73
551
2272
1143
517
39
25
27
173
67
436
237
137
730
213
731
320
353
2
24
190
32
12
28
71
38
484
26
8
98
107
20
9
13
119
106
56
2
2
201
136
178
237
721
310
2
629
128
150
65
729
428
5
137
45
37
22
1893
60
120
251
11
129
74
1108
-349
-230
1277
918
639
702
-283
1343
2206
-23
716
2721
-309
1343
281
-283
-229
2970
-325
632
46
-310
-123
1486
-311
-99
-112
-287
-242
-92
-338
-307
-293
-231
-239
-313
-379
-360
-332
-278
-279
18
541
535
701
932
635
681
391
323
-24
-76
66
13
425
340
-373
-672
-493
-71
303
-85
-52
-343
-237
179
382
-76
-355
134
-141
-104
354
554
821
-372
-33
882
369
-33
-306
447
-376
-147
509
713
529
74
750
605
618
237
514
528
868
269
418
362
222
292
299
758
563
500
317
534
1228
466
918
353
90
375
256
553
686
303
249
581
352
104
554
1551
247
122
1063
220
-412
-408
-97
1508
1196
-291
-415
-404
-414
-313
-254
-337
-405
-394
-399
-314
-263
-333
-413
-378
-358
-112
-349
-234
-415
-375
-366
-319
-301
-157
-419
-356
-365
-148
-140
-301
-428
-316
-188
615
-364
-420
23
26
77
527
262
1
86
66
735
336
684
36
102
73
237
262
77
84
107
137
1788
122
806
184
102
95
1652
182
1406
121
110
62
418
128
821
86
102
79
322
2079
456
70
964
575
335
685
614
421
819
466
6
409
552
-239
586
425
229
-190
362
39
635
-659
-843
-123
-186
548
621
-305
9
-395
97
248
612
-94
-244
-583
201
354
725
-370
-946
239
-387
-154
-167
121
1108
-121
183
995
-159
-201
-393
-165
-270
505
-80
64
1244
1052
2398
-37
-147
-168
-293
-243
-385
20
-147
37
-13
-58
-70
-151
-190
109
599
761
1343
336
-327
-196
-100
-139
-203
-305
-415
-337
-484
34
-356
-447
-373
360
676
-385
-258
181
-349
-228
227
-163
369
-269
-326
1225
589
776
-64
561
-315
-153
-272
-442
-340
-137
-332
252
-19
-47
-15
-23
-377
-149
184
2778
189
-39
-159
-153
-163
-176
-151
-165
-136
36
1120
1094
913
293
-146
457
946
1216
632
1025
-137
-136
-140
-218
-176
-167
-141
-65
1154
1695
1651
49
-134
-120
-156
3
-78
-101
-146
-136
267
-145
499
10
1376
966
1127
1219
1105
1145
1569
1308
750
53
303
1414
1429
500
260
269
245
139
1476
695
250
960
16
549
1527
1136
182
280
56
1103
1490
1270
206
573
264
719
1483
1030
58
180
282
55
31
215
265
152
415
151
374
764
99
468
474
195
459
1081
824
441
556
477
562
1119
681
999
703
1032
557
1259
415
205
423
1059
471
999
293
923
1498
80
440
1068
462
1285
542
973
23
52
12
52
64
52
0
56
88
163
97
47
17
37
96
197
77
45
3
59
43
122
87
42
2
3
805
2218
566
31
4
10
11
28
94
52
56
32
26
356
32
40
326
-8
-70
-27
-23
2
-24
-59
116
-151
1283
-104
-27
60
136
611
-188
234
-28
464
-66
-71
-245
-200
-38
-254
561
-555
112
-454
-54
-112
-181
147
-464
-271
-15
-21
366
-661
789
-67
63
157
216
111
148
196
292
14
359
601
589
350
460
771
148
376
278
207
447
453
448
478
569
234
470
653
39
195
114
55
476
660
5
37
1128
668
701
338
113
201
394
614
-80
-67
-43
-18
-22
-79
-48
37
117
-2
-11
-1
-19
605
674
594
364
309
-3
531
1508
1158
1661
568
-22
291
207
429
128
315
-18
203
648
557
944
369
-17
462
1112
1130
1175
358
-757
-594
-654
-422
-444
-645
-426
-280
-455
-172
-203
-411
-346
-198
-117
-58
-186
-572
-392
-383
-226
1743
45
-531
-473
-343
144
2727
-39
-583
-463
-344
651
685
488
-514
-450
-99
177
-327
447
821
563
323
486
-155
-278
458
682
371
311
41
-316
-342
709
774
666
538
665
-779
622
231
-1309
-1082
-1513
-137
697
609
-19
754
-31
574
812
469
-22
446
333
407
751
761
289
-128
553
382
-87
-86
-99
-257
-173
-81
-84
-143
-182
1010
256
-103
-91
-10
506
672
-48
-72
-91
-206
-192
-244
-186
-144
-88
873
931
870
857
1052
-102
-154
-164
-135
-103
-113
-99
-4
451
514
-119
-113
1417
1446
1046
1139
1174
1173
1362
759
-188
126
-88
-109
1317
745
965
1064
1216
251
1505
1376
1085
1126
1036
630
1661
1417
432
857
332
1049
1480
1468
928
532
1135
951
1550
1377
1052
439
156
794
542
325
641
974
901
73
-50
-223
777
1281
641
-213
-160
-267
866
857
647
-37
-27
-236
573
925
547
217
2
-206
559
1130
794
269
-17
-307
-12
-7
645
202
-2
-244
-42
-2
477
-176
-176
-276
-317
-336
-330
-381
-355
-201
-25
1989
841
-115
-273
-37
45
823
-207
208
-277
-248
425
3067
488
-115
-247
467
1570
2520
2075
1012
-211
98
445
21
1387
384
-172
-98
-7
16
397
397
519
721
468
129
178
630
745
807
181
335
398
33
546
60
603
1406
1238
462
445
0
353
3
109
587
468
328
649
101
290
813
567
51
404
0
790
197
566
96
156
51
1102
520
1997
1951
897
208
267
1558
1982
1037
261
27
105
104
1900
74
57
1208
1116
483
1937
25
920
247
887
337
1836
362
1057
15
828
354
1779
1401
557
1454
1250
1410
1887
1749
535
320
830
1541
-351
-280
-40
-217
-282
-313
-380
-297
237
-33
192
257
-389
-127
-126
-31
-179
-381
-349
-307
-184
-3
-82
-219
-342
-287
228
-264
209
-285
-343
-140
-154
-227
-201
-175
-367
-201
155
2392
57
-120
-304
-164
-239
1689
724
-281
-256
-130
-133
85
-82
-88
-193
446
124
600
556
754
-225
860
298
554
276
88
-231
-4
-97
249
-94
-52
-263
699
1482
1560
187
22
-342
-121
-82
1040
-104
-68
-196
-170
88
642
82
-210
-138
436
1348
-190
-89
113
-160
-197
114
281
129
-84
-167
-114
121
-88
-83
-94
-153
-149
-136
198
-15
-166
-140
-96
-139
259
68
235
-151
-53
-19
-34
-14
-31
195
248
190
330
306
33
157
192
18
209
288
21
112
114
307
200
151
75
40
187
1752
1267
977
458
71
163
241
66
192
80
114
236
1177
1221
1583
413
75
16
689
2450
619
116
258
339
366
412
474
396
94
232
192
185
134
3
151
562
1180
2659
1294
557
223
511
1237
1642
1333
810
171
43
99
69
143
33
151
786
1113
894
1824
1291
88
83
108
148
217
147
562
554
550
532
547
564
554
543
539
543
526
536
540
516
551
188
397
289
548
-1420
-2041
-1031
-2105
-1320
542
259
251
-395
531
519
541
-60
-291
540
-522
-291
527
449
-1019
-772
-1176
-183
903
760
1248
1227
1119
965
264
153
235
69
72
168
57
175
731
1367
1339
103
24
223
24
34
96
267
41
151
180
229
135
49
102
39
707
326
1076
595
19
171
863
1278
393
325
-222
-226
-219
-151
-223
-196
-203
-36
64
461
195
82
-56
325
545
727
-61
127
-121
130
564
268
199
172
-48
571
838
1342
524
452
50
-8
-61
560
276
-73
77
757
856
637
1485
1503
-54
296
73
-61
-65
15
-67
-62
326
892
592
509
-65
406
2322
3184
2629
966
-67
317
54
526
105
592
-62
-38
1225
2358
1139
-50
-65
-57
-51
1810
-4
-49
-67
-50
-33
-49
-54
-14
-5
226
59
176
-40
-77
55
-37
-90
615
-88
-232
-27
-53
-42
663
481
-160
-27
224
1971
2385
2223
-1
-26
981
976
2509
1614
1063
-29
827
787
1478
1101
1051
-26
729
601
-67
652
1543
-169
16
-61
-205
-196
-95
-229
-30
123
103
-36
-62
-165
-49
1511
3427
1410
66
-142
243
761
409
1349
483
-124
28
-82
290
703
152
-174
1028
1535
1187
1070
1164
-127
425
-52
2036
736
150
-94
34
-100
282
-40
-72
74
211
-27
-184
-43
275
224
300
609
-115
298
89
226
578
1413
743
627
462
135
342
526
217
373
-12
75
397
63
2207
83
31
-55
44
23
1109
190
683
-8
-27
-19
-28
-10
-19
-17
-49
-25
-38
-119
-69
-4
193
105
-30
-13
-22
2
-91
-98
-62
256
-52
49
-20
-184
4242
-377
482
-18
-74
115
375
263
-40
-19
-123
730
1384
105
-204
642
632
780
826
955
635
562
758
136
-1256
-608
729
497
236
292
196
316
275
455
259
321
61
707
564
432
136
-759
149
-979
-48
507
453
528
171
590
376
486
271
4
-601
-255
697
900
755
461
-522
-983
44
846
-298
-249
289
-924
-872
843
367
-141
501
326
-387
860
235
-140
186
-384
794
839
153
-131
-240
-123
-128
720
98
213
642
680
315
730
467
680
1151
572
568
729
599
589
654
638
403
699
711
577
610
750
652
789
607
340
1058
309
894
742
-205
51
282
293
-732
749
770
769
676
729
754
799
-3
267
542
292
-257
776
599
-114
-177
-366
-208
12
473
419
61
99
66
140
202
78
159
38
168
289
269
270
161
120
979
278
320
1915
526
470
149
275
222
102
275
772
245
264
245
180
100
69
64
218
165
510
103
173
845
455
337
214
255
206
210
230
214
256
22
569
574
257
1255
112
-44
466
66
246
1888
-143
416
319
1211
260
-40
1624
-259
2059
-68
282
85
70
-20
15
195
235
173
31
-228
301
165
2
207
283
237
296
255
6
123
430
376
671
119
11
211
89
312
91
146
115
67
575
770
24
144
94
319
207
25
396
262
14
596
844
58
1144
1026
223
137
428
237
299
109
-640
-427
-433
-599
-351
-477
-572
-21
1094
874
1014
417
-626
659
2224
3067
1395
1955
-608
-9
-55
379
-279
1279
-516
31
313
368
1413
1769
-576
-233
-62
-140
488
1155
-482
-264
426
228
1701
1425
-383
-87
-281
-466
-440
-207
-247
60
-442
-271
-455
-363
-221
384
601
178
290
-318
-273
-137
-293
-325
-397
-251
-237
139
-77
-270
-134
-3
-302
-7
-261
-189
-285
-406
-442
-144
458
733
596
-366
-16
-21
-24
-32
-27
-19
-14
-47
-62
-67
-76
-78
-30
-70
-56
-75
-33
-47
-35
334
228
57
-11
128
-26
837
-78
1872
-94
561
-23
-21
684
1534
669
-12
-27
-22
1002
426
1844
733
66
218
49
-4
-1
34
38
-6
-20
-9
-13
-15
-3
-12
-9
191
-11
-14
-4
1367
880
1525
295
1284
15
-2
-17
757
-15
-15
-2
-1
604
785
473
-14
-2
48
325
956
148
-8
879
348
680
38
71
367
1152
16
201
19
76
110
1028
674
157
251
44
614
1239
985
135
360
78
1173
1317
744
98
189
570
1338
1394
995
436
203
659
810
1359
1446
473
244
220
1803
476
-304
-90
-128
91
222
-17
-777
300
775
1092
458
2
-711
-887
-858
-542
-585
131
-274
-394
-369
-332
-225
-95
-666
-36
-48
218
357
39
-499
203
1294
-49
-243
325
-194
-315
41
814
538
503
371
289
375
-11
624
719
-30
-253
-99
105
427
655
233
1174
761
1306
936
593
107
557
585
-32
1610
655
834
308
766
-10
9
643
591
719
405
-11
1028
900
648
365
595
-232
738
-30
-48
-31
756
847
-40
-19
-38
-30
-29
-50
-33
-11
-52
-33
-60
149
817
-9
191
-15
1877
381
144
-21
-57
-64
-24
-79
-33
-9
-23
-30
-38
570
1165
-18
-56
684
1206
-17
-59
365
99
517
805
713
451
618
580
321
106
86
59
625
204
240
118
-145
250
500
-578
-189
-728
-201
-266
613
-199
-301
-550
-450
224
603
116
201
-197
186
579
566
-199
-341
270
-369
-451
-229
-207
-216
-241
-221
-220
-159
-48
-93
-152
16
211
-65
334
551
-192
466
301
-47
357
204
436
-52
-88
-53
558
1055
76
1031
211
-66
361
-29
-121
-30
522
-37
1052
505
261
755
1032
-172
-158
-140
-170
-91
-49
-244
-117
-231
-206
-113
-142
-235
-3
149
89
417
188
-230
-205
974
-36
665
-150
-282
-111
68
301
-102
-115
-281
-330
393
221
-319
-266
-290
-355
-363
1403
25
-326
-135
-35
541
1203
638
-60
-152
-82
338
214
416
-77
-128
-22
815
975
1127
-26
-96
388
595
330
745
271
-140
-13
1617
572
1715
-75
-131
301
589
1319
327
100
-159
-64
341
2599
1114
-16
-17
469
52
42
455
354
302
553
159
-250
-109
701
465
1241
-44
-335
-287
1011
268
851
-461
-2
-357
682
408
849
-197
1102
-171
974
266
875
-316
-299
-98
1013
304
704
233
-900
-170
996
-212
-155
-94
-39
-53
-149
-94
-42
263
70
110
113
-143
-137
-114
-27
-8
-6
-135
21
1975
941
520
-141
-147
-38
-40
-9
418
180
-156
-160
1
2484
143
-72
-183
-83
-88
1323
170
-139
-642
-618
-436
-411
-525
-615
-269
-38
245
379
205
175
-165
-121
-220
-273
-162
-390
-126
386
953
650
585
103
-121
383
-11
-167
146
253
-43
422
-214
-373
188
-68
-236
218
814
656
1072
-69
-138
-87
-148
-138
-131
-132
-26
-28
1407
2345
1331
635
-41
519
493
-53
-71
118
30
618
587
377
352
508
-3
411
1888
958
1976
260
-39
125
-45
1014
40
250
-58
218
43
190
53
84
-298
-293
-293
-293
-293
-293
-296
-295
-296
-277
-289
-286
-296
-132
-240
564
-286
-267
-297
-372
-242
-278
-5
-287
-296
-275
-186
451
1547
-63
-296
-280
-51
362
98
-58
-297
-295
-190
-95
-127
-295
49
157
461
109
139
185
139
56
212
89
9
297
71
431
98
425
307
238
39
203
228
1071
497
20
29
71
25
536
88
231
29
537
2174
343
390
557
20
174
410
82
259
556
854
931
31
-183
-102
169
97
-20
-91
-111
-114
-81
-46
-83
1386
979
1134
297
-31
-16
-112
521
-200
685
-52
84
-215
488
-232
990
-28
871
1046
702
1001
747
-25
40
1203
1061
979
1036
-77
-77
75
-18
-48
-77
-66
-61
-70
-69
-64
-42
-59
235
258
188
920
112
-60
-57
-49
-53
-60
-57
-58
11
62
626
-50
-61
-62
-34
113
1069
763
-101
-68
161
109
-59
-62
110
-147
-97
-107
1411
1054
-219
-52
239
609
-236
41
325
-52
84
-91
-25
-56
568
-93
407
958
2054
858
192
-102
-119
-56
12
-62
-176
-78
82
-242
-121
-221
-27
-141
-86
-112
77
-17
-56
-188
60
156
133
108
121
253
-272
-396
-418
-883
-309
-61
-251
556
1085
1349
872
346
372
533
-582
682
-241
222
-249
-526
790
-599
-228
276
986
-224
-237
107
1975
133
496
689
1290
24
127
-481
-45
-143
-20
-300
-243
-379
86
445
-403
127
1070
-466
1053
-194
-415
-127
-250
-407
-99
1502
1034
1038
1157
-288
-522
-768
-164
-533
-736
-445
419
82
-271
174
545
-512
-463
-516
-365
-159
-676
-299
-282
-264
-253
-243
-282
-243
-193
-256
-194
-171
-197
-216
-174
-192
-45
-242
-244
-208
-133
110
944
76
-246
-211
368
2602
654
2010
254
-231
-173
-79
-65
-219
-321
-228
-13
1216
749
1716
-98
704
751
375
705
474
232
862
601
-25
51
471
189
918
577
-457
-917
-265
29
1010
-62
-119
161
-336
-83
999
786
461
880
1086
547
955
-79
-555
1467
-489
-13
944
1199
777
528
627
921
110
-54
-62
-31
254
-49
-51
-108
-13
-120
-157
-107
-52
-125
-71
18
-74
-57
-50
-47
593
32
605
-67
-54
-80
-131
314
-148
-106
-50
-38
1490
753
1291
-33
-50
-58
-106
1754
-47
-91
-151
-238
-255
-226
-227
-261
-243
-255
-80
-118
-52
-132
-262
-260
-233
111
-244
-250
-263
-255
-247
-175
-150
-47
-263
-79
1167
880
1658
554
-260
-207
250
-211
-84
-184
-263
-256
199
-236
-198
-216
997
609
1060
-601
112
915
493
3
-231
-1619
-1023
-14
505
-97
-455
-373
128
-598
563
-9
181
-1368
363
-637
556
122
388
-3
829
-158
625
161
373
499
-100
-319
956
523
-509
-391
-1137
8
286
127
27
55
101
358
370
23
778
94
473
320
455
9
277
95
641
736
579
62
199
460
227
519
657
190
413
221
81
820
617
176
101
207
679
880
424
364
136
337
396
127
661
285
276
200
366
510
1058
732
890
794
646
1144
841
183
324
329
418
272
905
462
1581
537
1338
618
865
382
1009
790
33
602
955
622
670
242
1
331
891
188
24
622
734
87
-42
-603
-566
173
-176
-639
172
-383
-992
-998
-158
-278
633
-350
-897
91
-190
-113
741
-819
-1010
-621
-1716
-1439
545
100
-292
77
-262
-162
709
914
84
901
-683
-56
898
960
-624
-24
-601
103
1164
1154
1100
1123
1119
1155
923
890
421
461
329
793
942
916
736
312
709
1039
879
473
484
580
396
395
944
806
-584
-397
-683
537
902
608
322
-70
-51
773
953
816
564
-185
-94
814
-283
-76
-45
-227
-170
3
-95
460
75
-53
-43
43
50
388
192
221
-28
21
37
654
709
615
676
574
-37
-77
289
302
678
-53
-100
232
1954
322
2802
541
-209
485
717
163
1089
970
192
195
153
148
171
183
198
7
14
12
17
17
1
13
4
2
9
5
15
2
23
1865
36
382
3
7
1011
1901
1206
2
0
493
85
26
964
1484
0
481
236
2206
296
1071
-83
-129
457
1101
493
-44
-112
-207
115
542
19
-60
-132
-125
-52
-132
137
-41
-120
-154
-25
342
219
-239
-105
-209
-143
-58
60
-214
-96
-282
220
405
422
-283
-91
-197
-30
754
-20
-324
255
278
539
176
408
152
-289
237
987
-99
789
866
-236
-300
-167
-39
405
186
-220
-451
-404
-121
150
225
-257
-149
935
618
863
362
-264
-234
910
1012
828
686
-154
-124
-311
-447
179
-55
387
50
15
116
41
151
394
175
212
311
93
266
200
219
3
874
226
5
87
9
827
342
315
398
379
112
1071
572
367
760
420
309
246
651
234
318
359
74
217
252
426
131
-218
-214
-218
-200
-180
-102
-214
-174
-137
-117
-96
145
-208
-140
-114
-118
-139
-126
-212
-48
291
-130
296
-62
-212
-162
-141
298
-159
-183
-209
-32
58
-139
-104
-101
-213
-160
-125
-119
-145
-113
552
556
554
534
540
556
484
427
420
219
300
483
464
321
272
-374
139
197
464
-1137
-479
-2054
-233
-1017
471
403
458
390
352
287
457
412
-1935
-1973
-2234
526
443
386
254
208
-95
41
553
791
607
679
768
515
125
61
28
234
153
495
11
34
852
2174
1138
56
9
95
138
469
183
60
18
45
40
126
24
74
10
48
150
47
296
91
14
129
179
149
180
181
1473
1181
178
-548
-350
564
993
-89
-607
-346
-574
-633
339
-1375
98
529
432
-550
565
-836
267
434
500
-449
466
-342
85
-230
-96
-125
499
670
688
509
142
467
683
460
223
686
266
800
1385
1350
1368
513
945
1380
1378
1265
1275
-448
193
1168
1361
1077
808
-241
788
-75
1314
610
517
-149
853
382
1298
-33
101
-1007
854
-55
1303
151
-819
908
-406
-381
1131
977
-675
-597
-680
925
-2
-2
-2
-2
-2
-3
-2
50
263
271
149
-2
-1
-1
173
411
516
186
-2
1845
1812
2942
2896
3069
-2
23
598
929
880
288
-2
218
973
322
1345
510
-1
79
9
243
103
20
-223
-277
-247
-268
-261
-265
-73
-228
-182
155
-70
-201
-5
66
286
633
163
82
164
154
495
1221
915
157
38
5
31
540
33
14
40
76
426
151
713
-153
220
69
543
710
616
-37
2
3
2
1
1
2
3
3
6
3
2
3
3
1
0
3
2
2
3
0
775
0
547
1
3
3
750
2
806
1
3
5
3
3
4
3
3
3
5
3
3
1
424
481
570
251
274
587
349
512
263
199
118
417
270
430
687
807
1104
678
325
671
1091
1203
1245
266
338
28
917
674
556
948
424
775
1837
1950
1287
607
459
468
353
941
451
39
91
546
387
575
568
380
-13
-19
-62
-86
-50
-31
-26
-14
154
249
-4
-12
-19
-36
-114
-44
-135
-79
-14
925
1285
1433
1182
2313
-14
172
-8
-25
300
-28
-17
26
45
66
1405
-18
-6
-6
-5
-2
-3
-6
-13
-12
-22
-11
-11
-15
-15
-8
-10
-11
-15
-6
-16
-21
-11
1596
-15
517
-15
417
695
1496
-6
-7
-14
-14
-15
-8
-9
-3
-14
-8
211
-27
1624
1197
-22
-59
-91
-126
-70
-89
-73
273
818
-2
124
1394
-32
684
-333
-138
-224
-60
-47
-16
702
745
344
-222
-68
-52
-148
-131
-105
-9
-25
509
748
352
606
1017
256
-162
-26
2047
-24
-296
2
575
294
113
20
501
130
483
72
177
292
192
23
117
1031
330
441
142
99
93
21
1239
323
16
13
166
910
5
889
31
26
112
2324
923
2084
540
68
259
58
336
243
87
-12
332
538
1057
579
186
163
194
356
1785
1789
312
287
683
851
951
721
198
350
384
692
873
249
213
451
452
1440
405
1005
-94
302
-21
-275
-251
-252
-52
666
886
-238
-277
-128
316
-262
-267
-261
-215
-172
-234
-270
-103
-71
-130
-147
-114
-275
27
-17
-97
775
72
-268
1
-65
-27
-30
-45
-269
59
986
-16
491
-77
-260
-93
649
1418
1533
-53
-313
-189
508
-68
1301
396
-127
-159
-160
-136
-159
-153
-149
-195
-2
449
-81
-90
-53
-61
-92
-11
-142
-54
-46
-4
701
2680
1101
-16
-17
208
1120
3361
1097
619
-74
-119
-118
91
-101
-106
-128
-234
-15
971
788
-165
28
19
24
24
23
33
11
40
30
173
12
27
266
751
621
115
130
668
12
69
82
31
46
215
19
1336
811
1196
497
1241
8
146
236
37
120
131
11
1451
1813
83
342
2043
-291
-246
-287
-292
-303
-336
-270
47
19
-156
-11
113
-333
-45
52
288
-62
-107
-312
688
788
6
1371
1128
-308
-254
66
713
492
-91
-317
-138
-81
644
394
-90
-342
-219
-186
-136
-163
-54
-304
-355
-333
393
2
-323
-372
-350
-196
1594
317
-289
-372
-314
-334
-315
-270
-303
-360
-200
685
1608
1146
186
-368
-56
161
1345
-62
-154
-387
-336
-67
-300
-324
-180
-382
-154
610
-177
239
84
65
-3
-7
-6
-10
-5
-4
-22
-12
-31
-33
-21
-5
-34
-37
-48
-41
-30
-6
-42
-56
-71
-48
-50
-4
-19
-29
-58
-34
-26
-2
-21
-31
-55
-63
-18
5
-26
-31
506
-20
129
561
594
549
481
538
624
681
515
203
595
126
-233
614
-66
233
-45
687
608
624
510
601
225
495
319
641
-381
-171
139
136
233
628
461
-216
1180
88
-674
641
313
-476
-583
-573
694
266
264
158
57
15
181
153
72
32
17
19
7
110
25
1
978
37
3
131
14
13
28
47
163
96
33
21
69
9
40
109
107
3086
28
2571
535
45
33
75
157
40
216
-517
-391
-402
-368
-444
-70
-326
-213
-486
-375
-390
-210
-293
-7
-135
-219
328
-201
-300
-234
-234
-363
-104
-83
-319
-402
-314
247
-62
-363
-318
-292
-193
316
59
-325
-355
-219
519
-197
151
-244
-106
-79
-56
-24
-90
-89
-112
-150
-82
301
310
-105
-113
-142
322
-60
-30
-179
-122
-218
-40
-64
735
510
-126
-183
-584
600
-523
-272
-167
203
-616
-44
-149
461
-129
-60
-48
-247
27
-124
-294
-275
-267
-258
-257
-291
-195
-133
582
114
-164
-89
-203
-113
-63
-80
-31
-140
-181
-130
-17
69
-11
-82
-187
1472
3249
99
2676
2142
-189
-8
-160
-28
-75
-101
-253
-111
-189
-129
-87
-116
3
29
52
-7
13
15
28
31
-129
-18
478
-2
40
-180
778
-75
-9
659
18
-37
-27
-213
-65
-228
20
-4
-162
705
-323
1862
13
-126
593
-101
228
529
29
-24
89
-56
-106
153
997
785
669
471
439
764
869
38
-206
-1532
-858
337
674
-289
-1070
-1069
-1180
-491
704
4
-326
-190
-1024
-602
818
294
-35
-135
-411
110
859
-122
-375
-462
-248
180
853
148
-41
-482
-124
159
973
459
97
888
265
148
660
55
38
1832
552
446
627
367
132
770
70
443
656
662
768
878
857
850
512
466
70
134
967
976
479
741
1007
178
1624
1369
460
406
1144
1584
1329
1099
414
35
385
890
912
596
629
170
48
532
402
63
555
90
456
1006
555
580
437
203
59
1137
5
214
365
119
167
1529
109
4
699
226
660
753
298
485
924
24
371
954
156
162
-188
-230
-274
-209
-213
-216
-193
-187
21
2054
315
-128
-244
-230
-176
-90
-276
-296
-266
-175
887
-147
438
30
-268
-240
606
1896
-119
-246
-268
155
1413
-37
175
-69
-308
-312
-93
51
-158
-203
11
13
720
2101
1830
69
28
747
622
31
97
2184
25
1675
42
47
35
2560
26
1036
957
768
360
393
26
94
12
17
18
38
15
9
131
81
225
172
100
354
76
168
19
24
169
5
690
1079
780
715
32
785
2387
1448
825
513
69
15
35
30
19
51
83
237
1584
1329
2176
393
105
11
32
30
26
9
126
5
4
1040
2
10
170
1
89
1469
365
7
-494
46
-63
-328
-391
-484
-581
-363
-324
-432
-367
-368
-550
-374
-295
-408
-321
-379
-565
-246
-236
-149
106
-258
-557
-402
-78
583
-396
-316
-516
-381
412
-79
-263
-283
-559
-368
-194
594
-164
-450
-243
-227
-239
-166
-185
-240
-236
-169
-343
-224
-215
-230
-233
-164
-482
-215
-208
-213
-247
-229
-365
-612
-211
-112
-235
-206
-192
-404
-263
-227
-235
839
465
-330
957
1013
-230
467
568
-204
1097
819
-536
-313
-210
-423
-378
-206
-589
-186
-20
-379
-218
-320
-424
-272
-133
478
-76
-160
-393
-48
109
392
-245
588
-513
-68
-60
1495
-69
596
-564
-228
-162
-218
-494
1293
-467
-207
445
-207
84
496
-317
-285
-294
-194
-210
-276
-268
-220
-274
-55
-215
-269
-256
-202
-202
-230
-176
-117
-260
796
2309
1801
3051
1475
-264
39
28
980
-68
-59
-258
-238
356
-149
76
-25
-249
-121
1776
1987
1531
-34
1719
1640
1557
987
796
1208
1473
980
150
-172
-105
840
1437
897
654
807
244
422
1457
510
95
530
-47
422
1397
1032
281
31
340
935
1324
465
-51
-68
-119
607
1426
797
-96
-640
-119
605
-491
-427
-468
-192
-251
-421
-306
-133
-270
-107
-229
-267
-198
109
-140
-111
-198
-113
-200
414
676
1410
-33
142
-281
67
206
249
-189
-207
-273
-72
-260
-291
-127
-126
-337
-150
-341
-312
-265
-282
-278
-247
-158
-187
-220
-205
-237
-72
241
-6
-22
-21
-148
192
-50
-71
-97
-94
-150
240
127
259
-63
186
-121
111
-49
57
-119
-44
-150
749
926
999
807
392
-145
-60
-47
212
-16
15
18
76
16
60
1
563
175
237
217
112
3
395
279
67
100
1
12
117
250
49
715
12
6
47
232
4
73
25
26
14
235
21
20
236
86
657
259
15
385
101
88
1085
637
170
-150
-108
47
16
-482
-502
-53
145
-183
-642
-522
-291
259
-72
112
-298
-475
-32
-718
409
-564
-449
-376
382
-1035
-141
-1409
23
-422
65
173
-777
109
3
-306
-71
-63
-130
-26
211
534
416
459
509
576
475
177
39
300
697
472
436
181
226
702
1004
566
160
435
566
48
315
1171
125
463
217
61
12
68
136
261
174
111
260
154
79
607
1333
211
255
86
52
-154
-156
-116
397
729
-17
-152
-163
-164
-164
-160
-157
-150
-175
-124
-143
-78
-133
-131
-17
549
132
-202
54
-149
-90
938
1348
297
-115
-156
1265
1477
-147
889
580
-152
-155
-197
-266
-14
185
590
478
681
609
294
566
309
-157
-459
-310
-238
-300
322
-96
-107
-119
-130
-347
240
209
-18
503
197
64
315
-691
-333
-434
-237
151
454
157
-307
-97
-130
22
315
-157
-144
171
320
406
1537
1400
996
216
457
1194
1623
1473
577
346
64
1089
1596
1539
843
254
445
1601
1593
1614
81
133
288
1225
1463
1552
115
1287
376
1391
1569
1675
242
144
502
1678
1532
1600
735
168
617
1481
448
347
442
387
98
1
401
191
-238
-327
-236
-133
406
230
118
-192
315
24
403
155
440
176
235
-228
390
298
-437
-406
-347
-86
395
675
1103
188
880
994
401
-208
-785
-407
-951
-917
1342
466
1448
1294
1264
1302
428
-40
-50
816
638
287
784
482
-3
723
942
27
959
519
125
329
-49
549
896
646
121
221
264
914
1036
678
-6
-46
64
794
1339
885
202
-51
31
351
-456
-397
-54
-249
102
374
-473
-464
-504
-109
-286
-554
-478
-483
-466
-203
-323
-281
-456
-61
1336
-360
155
-351
-483
-345
-472
-355
-172
-458
-472
-384
-95
-147
1082
-321
-64
-69
-550
-116
-604
-276
-726
-613
-653
-694
-699
-664
-672
-372
-47
-72
-33
-128
-533
-268
223
1361
550
286
-418
-224
71
818
339
-19
-374
135
934
859
595
232
-411
36
400
-310
359
-163
-421
458
-60
457
520
-265
-238
-236
-228
-197
-202
-228
-226
-194
-147
-147
-171
-186
-235
-158
-118
39
148
-122
-212
-71
2071
200
1777
-97
-60
-20
-107
-98
-143
-122
-166
-112
-157
772
-143
-162
-233
-140
105
2065
254
-68
988
786
808
295
557
786
1059
548
-747
-1216
-270
636
1079
402
641
-34
1017
87
1042
132
-960
-452
-962
-301
1037
178
-897
395
-807
-35
1040
909
757
15
-124
348
930
862
-550
-901
-830
111
-33
-37
-41
-40
-33
-13
-12
-25
-51
-47
-78
-60
-24
-76
-12
175
-89
277
-49
102
279
162
482
-59
-65
41
72
136
-13
-177
-89
703
1446
-70
142
970
75
-69
-178
69
-445
-233
49
65
58
21
1074
2
96
126
126
64
813
75
86
41
76
312
149
955
67
84
234
212
294
130
87
212
792
49
690
833
70
2
65
223
329
363
48
137
522
1481
1552
218
-164
-190
-175
-180
-168
-173
-169
-143
1247
2199
1126
64
-165
-83
178
451
445
-31
-168
-158
-174
-164
-145
-26
-168
167
249
467
-88
-54
-165
-151
-138
-166
-171
-170
58
-177
-51
1868
144
-188
-242
-114
1008
367
752
161
-244
82
-118
-225
-189
-86
-223
-232
-185
-175
-172
-202
-219
1851
2052
32
2406
2261
-223
-152
-274
-212
-212
72
-234
-200
496
83
559
-207
-237
-225
-1
480
-145
-213
-344
-248
-190
-161
-194
-273
-241
-87
-222
-196
-186
-243
-247
709
195
726
-149
1332
-227
-65
330
-205
300
-176
-235
349
309
592
20
237
-231
-67
-56
-158
-256
-190
-294
-198
624
1621
1273
-18
47
260
740
730
458
657
1049
1019
734
1050
1012
707
1045
591
86
159
154
472
1008
1197
1559
707
2160
832
956
873
1
3
41
222
948
345
221
934
255
128
825
1138
1249
1033
1281
811
43
100
53
36
112
105
32
10
22
78
36
3
20
19
262
51
588
117
5
80
525
84
579
105
36
110
326
555
151
16
33
61
84
2410
208
151
14
1
37
48
109
1583
-89
-108
-118
-137
-130
-114
-90
-132
-99
328
-70
-109
-99
192
-117
1739
-71
-36
-94
499
-179
801
-241
-11
-97
-177
250
-152
435
-204
-94
-114
358
680
-175
59
-65
-207
-186
830
-56
-132
-1
-2
-3
-3
-3
-3
-3
-2
1338
1533
1319
38
-2
-1
1484
1904
1858
207
-2
102
-3
1138
-10
225
-2
893
725
-4
374
1092
-2
304
1888
1573
1870
469
-2
-3
-8
-3
-7
-4
-403
-406
-357
-173
-333
-385
-301
-242
-80
110
-51
-229
-288
-143
192
30
315
-209
-180
-110
232
606
518
184
-200
105
497
89
1433
135
-230
-109
561
280
-57
-102
-281
-175
-70
1013
-45
-104
-518
-300
-370
51
-63
-518
-444
-276
-556
-354
-490
-569
-494
25
-331
-356
-435
-218
-489
451
256
-194
-132
-198
-541
-306
-308
-583
-70
-418
-625
-478
-291
572
151
-374
-770
-649
-187
863
538
-353
-151
-176
-277
-224
-185
-170
-199
-167
554
356
-78
103
-173
-117
38
-402
-180
235
-191
-312
-285
-73
-452
36
-177
-202
-236
797
477
-2
-117
-173
-116
391
367
-146
-252
-42
1005
1692
157
-359
-310
-83
-180
-123
-305
-98
-217
-27
966
332
-102
-283
-221
-11
645
-299
-202
350
-227
-346
-420
988
230
846
-233
121
1576
-104
1525
-47
-228
93
-443
95
-448
41
-241
-85
170
916
-40
-264
730
864
923
163
194
1210
1314
1220
727
143
750
842
1258
1122
1155
789
1570
1071
1282
920
95
521
201
885
1306
567
769
891
359
869
1258
985
571
596
688
942
1001
1095
219
460
576
567
-70
-68
-59
170
-14
-72
-67
-61
-40
830
152
-66
-66
744
1184
1127
1417
1469
-67
1511
1654
1791
557
794
-67
3
197
651
-38
-24
-66
-63
188
-41
84
-1
-69
-63
-23
211
982
270
-218
-237
-221
-250
-304
-211
-62
57
-82
-55
598
-116
-117
-179
32
-132
-197
-194
-128
-169
-79
533
-65
-118
-165
380
-178
1047
438
180
-109
-56
-123
451
-156
-181
-174
-145
808
-133
175
56
6
51
6
812
658
68
161
225
319
294
89
27
38
282
256
385
42
99
153
246
700
855
945
415
77
133
407
339
448
54
124
242
622
773
732
50
391
581
306
248
148
432
-14
-13
-12
-2
-11
-16
-10
121
278
1886
1123
108
-4
42
155
385
100
11
-4
806
261
1665
335
1138
-10
432
869
179
935
633
-6
110
-5
171
-11
106
-8
78
221
2168
365
461
-153
-93
-133
-193
-155
-148
-132
-83
-188
-154
-119
-58
-121
116
331
274
-59
33
-149
-246
522
859
-83
-295
-184
-157
-333
-388
-221
-53
-148
-178
188
1702
618
225
-153
-101
-170
-710
-401
-258
799
183
584
608
622
777
1036
185
65
356
608
537
757
66
-1282
-372
-903
-511
533
120
-306
-383
-243
-471
656
-704
-730
-519
388
144
710
-316
-348
-131
-170
287
633
-304
-901
24
-877
-535
39
98
200
248
266
194
121
236
149
338
464
239
267
525
414
524
677
282
286
114
678
574
119
348
349
143
444
610
668
27
276
164
1053
892
655
237
279
207
1686
919
1232
543
27
71
285
163
150
170
112
159
24
230
117
183
200
73
416
909
512
65
297
1404
645
452
1030
1334
248
133
912
873
557
399
222
39
373
759
811
254
100
17
276
1613
187
69
23
19
403
1217
588
406
236
312
865
976
874
469
15
958
741
375
824
387
174
86
177
963
63
605
144
237
843
2053
868
215
198
194
399
453
6
60
190
357
126
907
129
930
90
9
35
5
1
0
31
5
259
407
17
5
2
10
13
33
8
26
38
366
36
519
331
134
3
970
1276
1448
2129
772
13
200
2212
4024
1424
25
14
209
1277
1994
681
18
-220
411
-223
262
-255
-101
145
441
1337
1192
1074
391
-240
925
1050
526
444
751
-247
1357
905
290
35
1250
-142
471
1328
-193
1037
186
-183
-221
-109
-2
249
185
-275
-230
-27
-108
612
482
1156
1030
47
-298
297
1344
961
145
-389
173
-105
-254
1048
276
352
536
238
47
963
-999
-1915
-1058
-1062
-367
950
-346
-1023
-165
-316
407
1025
286
-288
720
-116
-2
1138
736
-222
-63
-318
59
-183
-200
-214
-176
-199
-214
-93
-71
467
1636
1273
-26
-187
24
1463
2027
2348
546
-197
-88
47
-205
-10
-3
-190
214
1996
1597
2241
1398
-198
-86
-112
206
-168
-113
-115
-154
-124
1051
-14
592
-102
-203
-199
-144
-141
-159
-144
-94
-36
-94
-116
-128
-142
229
705
527
337
176
-92
356
208
120
715
552
-70
22
474
749
628
180
-123
38
481
-20
305
103
-205
-28
406
519
609
667
-266
-235
394
388
126
-328
-196
-102
1411
348
990
119
-235
-204
-184
-124
-185
-129
-234
-206
2184
476
2721
115
-203
-199
1820
155
2615
69
-234
-127
-207
-154
-179
-64
-286
-187
-285
-152
-249
-259
-482
-399
-446
-492
-494
-430
-327
-336
-342
-189
-264
-272
-276
-263
168
1756
-62
-262
-265
228
1046
1164
851
241
-299
-218
-26
-178
138
916
-281
-429
-281
619
-156
-59
-186
-203
-334
615
108
-99
-693
-623
-487
-378
-377
-494
-645
-555
-543
-462
-349
-448
-664
-494
-280
215
1819
-549
-640
-516
-468
-397
-434
-456
-653
-595
-337
-453
-119
-384
-630
-549
-472
-379
-161
-457
-667
-585
-498
-307
-399
-555
-243
-189
-173
-144
-149
-223
-158
78
-120
-3
100
-137
-191
-5
-81
-154
-169
156
-187
-70
-17
1381
120
145
-190
-96
307
271
-99
-97
-184
-39
-156
-9
-135
-61
-168
-38
-216
545
-85
159
18
-2
-4
307
501
-4
17
-1
-2
20
329
323
1
401
735
493
671
752
23
723
832
930
-2
386
9
98
252
244
-4
-3
14
-1
318
-3
1143
1309
10
-1
-1
-2
-3
5
-718
-672
-611
-612
-630
-577
-702
-459
-455
-307
-408
-610
-677
21
-243
-306
-353
618
-647
-493
-507
-476
-532
101
-713
62
-319
892
-391
-142
-669
-414
-332
-222
-386
-434
-411
-161
-69
-373
234
12
-225
-242
-257
-237
-270
-249
-198
-126
-127
-216
-185
-228
-223
-54
-225
-171
-172
-36
-183
342
686
-154
364
-19
-197
18
1113
-96
915
84
-176
-65
-146
-115
-98
-151
-188
-157
-143
415
-102
1180
-498
-245
-14
297
206
378
-517
-430
-122
767
979
328
-470
-259
-210
1033
-36
784
-461
-186
-224
144
-296
301
-476
218
1211
1822
1854
1312
-497
-72
1626
59
2080
1650
-480
-269
845
-269
694
213
131
1
119
441
423
294
519
760
131
730
798
727
517
1003
7
280
107
722
594
48
339
235
399
168
711
549
2246
371
1477
323
567
120
1083
64
1041
195
426
543
178
343
893
296
128
-2
-7
-10
-8
-3
-4
-6
-6
-6
-7
-5
-3
-1
432
782
1172
-1
-2
-2
-6
874
-2
-1
-3
534
225
209
351
459
-3
16
234
1531
1783
374
-3
-5
617
655
-6
11
-442
-429
-458
-428
-435
-448
-353
-339
-205
-144
-188
-341
-414
-299
-255
-138
-207
-189
-394
-204
-48
-80
144
162
-414
-368
-296
-217
-312
-280
-416
-297
-319
-274
-334
-211
-397
-287
-171
-158
-163
-225
-289
-106
-57
-77
-76
-198
-133
-250
-22
-58
-82
-128
-141
107
61
165
354
172
-144
-29
-31
339
412
-91
-173
230
49
-57
650
-162
-99
-122
101
2467
732
-173
-95
-134
31
374
278
-70
7
17
287
687
533
68
26
107
39
374
342
214
49
2
356
693
539
185
33
329
451
615
670
1180
58
306
814
682
582
248
49
420
1596
3268
1405
424
20
323
1281
1699
1472
222
124
199
239
152
137
177
53
110
8
788
287
113
95
159
643
484
396
5
58
6
267
2634
180
21
83
67
146
363
253
233
8
232
2750
289
1627
247
64
73
345
762
155
73
1373
1068
459
862
485
688
1379
324
57
1109
913
15
1292
378
464
12
242
37
1349
100
46
55
63
28
1365
275
126
837
369
180
1389
798
512
13
780
466
1383
1276
9
40
86
1458
43
104
498
1493
667
65
89
254
26
1479
621
138
82
171
124
75
518
28
106
260
73
66
909
565
10
284
130
228
972
145
103
221
79
1385
341
199
200
88
34
1283
119
265
678
310
-749
367
157
87
792
427
118
50
153
-305
833
315
-490
106
-713
49
872
230
-248
-334
-488
14
751
259
150
-67
233
197
812
288
-86
-138
160
554
765
588
388
80
205
22
1213
1233
1265
454
788
1261
1262
1263
698
-566
-345
1110
1288
789
795
321
1200
365
1306
92
57
-1252
9
-177
1296
-372
-97
-972
-151
-8
1277
-309
-459
608
-91
-375
1299
204
-432
1165
-353
208
645
266
1066
1457
1117
676
9
17
1215
1412
1162
495
0
44
43
32
28
20
169
47
124
93
122
69
120
10
280
8
3
50
208
24
66
85
36
19
158
12
24
5
33
17
446
178
503
865
662
-18
659
834
1183
845
763
599
1042
1650
1296
1598
1397
1288
932
1190
-15
162
-41
489
808
1383
1427
1083
825
954
1104
1386
671
-59
869
817
1135
716
-62
522
-82
-134
-120
-96
-86
-162
-149
-96
-34
1274
97
-160
-150
237
-114
-101
-215
-37
-227
-159
-148
1627
1264
294
371
1017
-123
-112
-87
671
-193
-188
-155
-139
484
571
261
-125
-167
-208
469
616
359
-134
-22
-21
-51
-29
-30
-30
156
-9
-65
21
214
-34
288
-42
-53
-44
255
-36
288
-3
770
-76
382
510
184
1041
1603
569
648
964
140
228
-4
1506
-26
555
27
-19
-52
1286
-8
435
-28
-2
-58
-49
-42
-21
-58
-90
-173
-114
-100
-119
-72
-166
-38
1715
-51
-115
-76
-153
367
3236
4
-121
-74
-137
-159
-17
-177
-145
-73
-16
-45
-67
-101
-40
-65
-122
-106
-182
-53
-33
1014
887
770
851
657
173
1003
410
-335
-463
-493
222
937
328
1028
1040
1885
948
1032
486
-67
690
-243
-355
1002
606
477
1240
-107
418
989
1233
1104
242
747
1076
992
929
-9
-437
-371
854
-302
-234
-257
286
231
-196
-272
-213
-211
-80
-86
-271
-281
155
135
-378
388
435
-279
-150
-30
670
1096
503
-264
-140
1090
2272
1777
-512
-326
-156
233
203
-58
153
-316
-254
-380
-299
-332
-236
-298
-169
-175
105
-44
-183
-160
20
-14
320
35
-35
-128
529
245
210
66
313
-93
574
982
671
1452
1169
-121
101
685
518
685
-14
-96
187
327
643
-21
-6
-58
261
137
604
493
722
1549
1535
786
-33
209
1165
1519
457
-289
-428
-422
-187
1548
517
313
233
-102
-184
1530
365
-149
45
-339
-230
1525
613
-247
-168
-386
-20
1556
1269
410
-25
78
1258
1550
1412
60
-93
530
1473
-211
284
1442
576
713
1349
-331
1011
1124
-345
-215
3110
-318
-249
-444
-461
-454
1174
-343
-351
-415
-238
-436
-376
-367
-28
-179
-81
-435
-240
-375
-142
-234
-431
-435
-28
-365
-311
-364
-440
-445
-289
-109
-38
-49
-84
-96
-107
-107
12
330
-1
102
168
-56
511
653
604
906
518
-75
1665
3548
2377
3867
1579
-87
410
503
409
24
520
-73
28
158
1993
-25
-56
-60
132
334
254
770
259
248
226
16
-156
29
384
228
472
-544
-981
-1015
-154
262
57
-520
52
96
-41
312
802
230
908
-635
643
319
1099
753
173
-226
1217
207
340
-116
168
707
740
209
625
814
995
515
328
283
20
26
370
363
127
185
18
66
370
105
24
19
311
44
19
12
131
2
9
96
27
1653
277
148
17
729
194
226
343
254
44
53
299
609
15
313
3
90
1027
506
52
-265
-236
-226
93
-28
-199
-228
-191
-215
-235
-234
-191
-212
-175
-153
370
-139
308
-206
-125
-7
2458
143
-259
-197
-172
16
-426
127
-171
-222
55
1087
-178
2508
1817
-242
-188
756
-55
1744
384
-598
-581
-504
-470
-484
-522
-399
-277
-56
-103
-253
-244
-420
-258
-286
-197
-221
-187
-422
-182
-101
-302
-274
-180
-380
-228
-13
2009
1082
1416
-351
-407
-319
-314
-123
-239
-392
-290
-86
-60
1059
-430
-37
180
137
-34
-43
-2
-22
20
98
435
309
18
-10
321
368
267
346
160
-10
213
450
142
219
53
-32
73
155
217
496
233
-24
451
1976
2046
1135
1271
-29
196
844
1215
689
482
-430
-497
-271
-250
-191
-376
-140
-100
-479
-443
-403
-468
-103
-18
1151
-136
1576
-251
-166
-366
-412
3481
-224
-320
-177
-129
-535
-257
-344
-561
-191
-25
782
422
1102
564
-179
-257
310
708
1809
-221
1267
377
-395
-87
-342
-533
191
-643
-489
401
-157
-1308
-122
-201
463
479
776
-306
-25
527
461
872
364
580
115
372
1106
394
910
645
17
-120
816
779
993
-26
-128
-462
579
465
829
-65
-101
-157
-123
132
391
-95
-99
-209
-131
463
1445
-185
-63
-169
-168
-271
-244
-270
-65
491
399
794
1188
876
-82
-116
144
1494
1040
23
-61
-209
174
1625
204
-242
-67
-140
916
1285
911
-84
-426
-280
-332
-485
-330
-388
-247
-172
-147
-276
192
-68
-210
2
278
32
297
-7
-184
41
-64
406
802
393
-184
-91
-16
168
-157
-250
-172
-29
-139
63
18
-230
-168
244
-166
-174
521
-201
-7
163
1824
1636
1703
1337
-7
1285
2315
631
1375
2885
-7
371
149
-10
-10
1373
-7
-9
972
182
1711
271
-7
-8
607
85
1195
-9
-7
-8
-9
183
166
-10
-6
-7
-9
16
7
-9
1580
1283
955
1258
977
1267
1332
157
692
176
353
80
1490
123
520
849
706
30
1522
761
283
72
331
1083
1469
65
1186
1113
1101
917
1439
1648
717
721
558
1538
1445
1561
656
17
349
1628
691
248
426
507
544
641
582
486
764
506
70
-57
676
438
434
407
329
384
690
293
21
412
-200
251
644
259
558
299
-251
278
749
260
429
-131
-104
334
957
670
565
-753
-37
471
-216
-234
-356
-487
-454
-491
-355
-360
-355
-174
-185
-357
-353
-435
-427
-262
-260
-591
-355
-304
-18
-343
-339
-300
-353
-137
315
-370
-147
-357
-353
-532
144
-337
10
-118
-361
-285
113
128
541
138
54
277
666
37
278
755
286
275
108
1907
212
305
84
11
190
142
34
688
52
257
250
130
284
268
175
1678
1140
48
1612
1315
37
233
226
189
322
456
191
240
256
362
317
30
651
731
474
-108
41
653
777
1
-588
635
-315
-1110
644
21
619
175
455
170
585
136
-713
-664
-1064
98
646
472
631
806
822
718
592
364
186
-157
-445
-810
607
496
-50
-934
-14
500
-394
-391
-387
-339
-347
-377
-346
-146
-94
-153
-245
-285
-223
-19
51
-6
26
-1
-179
-35
128
682
86
-48
-198
229
580
838
293
49
-262
196
1726
199
1840
950
-241
18
225
283
8
-153
130
207
191
245
282
165
82
207
603
841
1045
277
204
553
926
386
640
707
279
463
17
1058
62
294
200
641
1350
1850
1450
863
75
23
157
1693
680
269
22
3
1140
28
1716
836
-20
-57
-52
-37
-60
-38
-29
-57
-44
39
69
-63
-42
-38
-19
197
-25
-36
-48
37
347
-81
-33
-8
-43
-43
-62
717
-49
91
-36
-84
984
2330
210
-36
-27
-78
-63
1688
-76
-8
590
549
527
518
577
575
342
253
109
60
152
-111
365
304
98
-65
478
338
276
11
-244
-603
-255
-121
290
-185
-1360
200
-193
152
340
144
14
242
-211
350
482
128
-148
246
-132
97
443
250
239
157
158
232
301
308
739
1057
486
64
570
1016
565
1604
1362
431
395
-6
695
-241
1022
-136
195
-95
1093
-99
1735
1
325
-104
481
596
-71
-167
532
-171
-339
578
-87
-216
-244
-117
1402
2244
1907
218
-215
113
1415
829
1282
810
-206
-75
-36
-94
-80
46
-212
-153
-203
-118
-113
-147
-229
-113
-175
-46
-21
-174
-263
-171
-217
-163
205
-14
-270
-197
-175
216
-41
-95
-316
-334
-332
-312
-269
-314
-257
-258
-371
-332
-348
-282
-209
-223
-142
187
-7
-152
-187
527
100
446
-233
1034
-273
1141
398
-66
749
2114
-219
-65
-65
-394
9
-314
-195
108
560
194
-47
-75
-326
-368
-427
-658
-384
-367
-293
-382
-508
182
-371
-573
-197
-46
410
-395
246
47
-247
93
-168
-228
-196
287
-245
1262
2121
1937
1756
962
-153
-299
-950
-815
-731
-254
-168
91
1615
1450
1266
224
1246
1155
1040
1050
1180
1216
1363
574
258
273
268
789
1366
1530
870
695
359
1494
1367
465
237
3
295
638
1399
1213
494
1411
546
1456
1295
1067
46
640
140
612
1361
1508
1267
845
1049
108
-236
-226
-52
1225
321
-231
-237
-110
76
-104
-132
-237
-239
283
-227
-240
-234
533
-241
-326
463
-242
938
-155
-239
-165
-242
199
-285
-198
-240
-234
57
632
-130
-234
-238
-235
948
2297
1209
-234
-65
-61
-120
1530
449
-199
-155
-120
-248
-340
-403
-200
-108
-269
-247
-245
-187
224
-100
-194
719
-88
277
-187
-191
-187
26
546
49
-211
-231
10
1317
-123
611
1638
-145
-238
-477
1564
-444
-468
-136
-137
-137
-138
-138
-138
-142
-141
-140
-144
-144
-8
-144
-149
-149
-144
-148
-150
-146
-150
43
398
35
33
-145
-138
1999
-49
2071
-19
-142
-141
-135
676
-149
-52
-142
-60
-11
-155
300
1673
210
370
322
499
444
263
454
173
77
115
790
302
300
57
373
674
372
174
80
292
636
636
745
196
485
1392
1794
492
1758
542
479
2
344
337
440
18
334
300
1086
138
1683
395
859
757
441
-293
21
817
824
532
304
-539
-41
619
566
-509
-161
-334
-269
-224
270
-355
377
131
64
123
578
237
528
-648
-264
93
808
205
445
-604
62
-739
763
443
447
210
420
109
143
11
49
132
69
32
242
501
1298
1309
1681
1540
272
1059
402
296
499
270
309
283
21
276
529
204
380
2017
738
312
906
1723
431
412
169
74
205
115
348
61
226
68
314
5
-448
-346
-341
-397
-396
-279
-194
-76
-59
-214
-128
362
-284
162
12
-86
-149
172
-242
608
958
122
1000
851
-214
268
1307
446
1136
119
-223
105
-195
277
197
-67
-359
-70
-22
515
274
-107
1419
1415
1380
974
1149
1144
1228
656
-512
-455
-297
-213
1294
516
-536
-326
-66
508
1329
1053
804
-14
686
1205
1307
981
95
632
-46
862
1190
841
940
85
399
758
1333
919
810
-145
140
784
405
44
96
409
352
12
119
52
62
63
38
120
369
203
310
445
244
55
662
1239
678
81
807
1029
496
849
982
1535
1153
927
362
160
25
761
341
5
532
1066
12
360
149
1397
-268
-214
-89
-178
381
-250
-319
-266
-45
-257
-5
2152
-333
-232
304
-171
-214
-42
-379
-226
1305
132
142
-92
-384
-94
657
79
191
-205
-350
-224
-298
-135
-234
-281
-357
-227
0
1263
-126
7
8
18
951
148
442
628
7
345
1887
3
308
2078
7
61
68
63
19
94
12
64
519
31
27
67
12
47
44
23
13
23
11
56
50
1220
82
30
73
22
48
55
40
11
-437
-407
-373
-304
-335
-440
-250
-265
55
239
185
-130
-239
-210
63
590
531
-96
-195
679
2227
1830
1890
708
-207
-35
404
-132
37
217
-166
8
-117
-105
-244
38
-160
12
615
1079
838
-57
298
213
-26
-107
-481
-1124
664
388
-63
537
280
-505
611
331
26
352
451
374
621
469
492
591
508
550
680
369
-748
80
-439
362
666
558
437
-218
486
522
667
546
-212
203
169
169
-23
-3
-67
459
491
-16
76
411
-99
-49
327
-70
55
448
-154
-185
-70
246
77
562
1678
-158
1769
82
-4
1263
1765
164
2219
-33
-53
875
284
902
143
-68
-100
634
211
-379
-16
-197
-417
-335
-160
-235
-254
-241
-328
334
353
-328
-227
263
-107
368
-28
1304
345
51
-93
-12
440
1554
482
-105
-147
47
-262
211
-172
-53
-150
1156
604
299
224
537
-270
12
-92
74
-17
623
61
191
1060
119
552
839
168
1143
97
68
44
700
403
305
550
103
727
271
547
1484
959
157
1649
1826
467
121
187
703
317
314
552
332
1014
255
1373
885
506
478
590
285
812
953
-164
-147
-151
-181
-140
-156
-155
-143
-131
1628
662
-161
-165
-110
610
-347
1374
-115
-160
-174
1181
-275
24
-241
-157
-44
390
1017
-8
-92
-161
-188
-194
1250
-273
-132
-164
-76
-278
634
-180
-172
565
-109
-219
-508
-557
-344
58
-58
786
-41
508
80
-15
-79
-62
-68
733
-138
25
82
202
-231
-17
-143
3
85
1001
849
1570
-125
-39
-66
833
1280
918
347
-81
-315
-165
1186
48
-283
-28
-33
-13
-27
-38
-44
-31
-50
-21
-24
-46
-3
-34
212
-104
-93
-114
114
-34
-5
1681
-119
2186
-17
-21
-19
985
-88
244
-4
45
-46
1842
2290
1072
76
-9
-17
418
1821
684
-4
656
1066
708
157
463
1222
937
1015
254
78
16
1461
991
1417
1066
222
578
1373
1102
1774
1442
23
2059
1446
1105
1708
208
237
173
1461
940
1389
403
47
42
941
882
1300
910
1092
274
592
-539
-295
-138
104
-148
-499
-525
-220
295
380
-130
-83
-415
-297
-221
-308
-401
-418
-530
-253
-230
46
-146
-133
-548
393
420
1053
16
-198
-467
545
612
-96
435
1550
-287
124
357
86
-84
-26
372
151
12
185
63
92
671
71
310
113
123
270
881
507
89
87
319
246
959
870
375
421
582
608
981
602
158
802
141
198
1083
1191
879
120
522
572
864
521
189
424
351
1469
1549
1630
1507
1516
1291
1339
1483
1178
959
1541
891
862
1601
959
465
1009
463
873
1585
1040
340
819
483
1194
1477
709
378
309
909
845
1388
6
680
836
199
619
1276
971
6
904
546
1006
-7
383
492
396
406
527
27
578
326
-169
-293
268
167
496
149
31
213
486
212
509
-295
-408
363
685
113
-154
446
824
174
89
160
165
182
-769
-91
-385
195
319
225
-928
167
-250
-244
-236
-242
-238
-247
-272
-215
-174
-146
-174
-180
-189
-171
-69
-81
-77
127
-31
-159
1446
2321
1293
3529
1846
-171
-102
-104
-139
174
-47
-146
-55
382
-64
732
-155
-185
-63
1323
481
919
103
1333
1411
611
-17
279
1137
1439
1004
-56
-91
-62
-6
1439
726
-17
-7
102
643
1439
1307
103
784
140
1037
1439
650
-88
102
-51
425
1439
1030
-1
-3
747
1282
1361
1321
553
-18
639
1113
1062
817
827
976
944
901
699
214
377
719
139
485
758
149
695
727
888
65
754
469
129
306
171
544
931
696
619
593
397
726
932
558
145
-166
513
580
916
323
470
65
171
206
-111
-115
-91
283
266
-85
-77
8
-96
-67
-85
-112
-110
-93
-76
-63
-75
-87
-43
637
-50
867
-92
-7
-115
-112
-125
-71
-78
-44
-118
920
2118
-76
1403
450
-108
-98
-57
4
-30
-82
-290
-321
-511
-442
-409
-421
-173
-24
1382
68
-27
284
-201
-114
-2
505
-156
-84
-131
-99
2476
789
2845
-64
-124
-79
90
241
960
178
-201
-230
-196
-19
-89
-132
-193
-89
-44
214
1106
215
3
4
4
9
35
3
3
6
6
10
10
8
6
5
5
13
48
96
6
169
3
499
12
11
6
269
504
2240
7
4
6
5
822
468
6
4
6
267
1087
7
1281
1177
-1
246
375
-41
-24
505
3
77
135
951
571
-40
67
-14
-39
-42
-25
-41
-3
511
408
-80
174
259
-3
300
952
2171
241
305
67
-40
-28
241
401
-29
-8
-23
-12
-58
-11
-3
717
1102
1024
267
160
1004
946
1115
27
830
643
919
1193
1818
1707
1799
1938
1204
1233
1155
284
669
39
90
1135
244
236
251
236
291
1152
1470
27
181
745
150
1112
923
11
1739
298
85
455
504
420
76
169
439
4
287
1350
886
640
279
145
195
118
113
101
8
213
1912
75
11
25
1191
166
1117
744
1210
716
2004
151
42
233
171
74
60
174
32
81
147
184
15
1019
953
544
13
6
173
130
9
8
31
78
146
15
24
649
980
1108
0
15
56
50
4
58
62
9
46
41
6
34
29
5
2
1290
389
317
882
12
36
39
607
66
18
872
374
-20
-186
3
371
869
-74
-1387
-852
-323
-370
906
671
657
721
646
318
856
615
-395
421
-1276
212
876
557
-670
460
-1492
151
885
607
316
-386
90
518
861
718
543
303
37
737
13
11
6
28
15
4
14
55
92
726
834
50
34
29
659
133
19
85
43
91
3672
149
4674
107
22
80
21
87
1191
36
9
90
70
1277
78
57
2
74
75
1109
159
60
1
6
14
7
26
2
140
163
927
460
811
137
70
2349
2342
635
2323
967
86
34
109
209
101
30
102
61
44
3433
92
89
89
658
421
1490
301
16
52
14
100
176
168
62
169
79
169
299
179
138
137
965
126
301
494
602
851
1622
383
1032
390
1536
855
514
427
556
348
312
728
668
398
1089
92
743
911
1571
381
79
468
1443
772
1213
946
771
103
441
8
138
590
77
32
389
149
36
236
310
268
626
153
178
1185
91
1441
58
106
269
1613
1110
1324
213
133
226
169
104
269
182
122
270
539
151
855
228
26
164
596
482
1137
119
59
52
48
24
63
57
8
-32
-18
1678
936
-12
9
-21
-55
-44
-28
224
5
377
418
895
365
743
7
132
-13
1315
138
173
25
791
594
-13
270
2195
18
234
-18
-16
259
471
-297
-240
-213
-268
-249
-279
-250
-150
-233
-98
-203
-257
-273
-83
-179
-115
-138
-143
-250
-99
-51
-221
-178
-59
-230
-78
-119
-34
-89
-143
-263
-223
237
728
-236
-217
-280
-147
786
-308
560
-93
203
324
163
54
192
226
144
113
287
224
341
245
159
685
938
812
368
1065
296
1751
69
713
474
571
205
563
2423
740
2274
790
151
709
415
312
376
75
25
289
1316
51
566
676
-98
5
2246
1454
1327
2032
-85
-95
-167
-142
-179
-150
-99
-104
-7
-100
-91
-106
-94
-56
1104
-108
1175
-81
-93
-122
-117
-99
-54
-106
-71
-75
-101
1034
109
-104
-61
-55
-104
-177
-149
-38
79
256
124
11
132
151
0
278
468
250
590
519
15
6
445
419
709
113
77
334
28
134
78
762
28
249
465
892
657
331
30
242
268
90
621
276
114
178
546
1244
518
500
-12
264
45
-12
8
338
-12
-10
-5
-3
-3
-8
-10
-4
619
686
1079
308
-11
-6
356
526
77
-7
-10
-4
66
-6
-6
-7
-10
538
676
1325
396
602
-10
136
178
1237
370
2465
217
-343
-1008
-1336
-765
-589
97
22
594
990
825
-159
305
115
344
-838
640
658
295
665
-356
-264
-614
450
183
-524
557
89
954
-388
193
38
-16
636
-76
-537
237
315
63
630
-4
-25
58
106
183
175
123
114
10
112
42
352
307
353
37
175
94
195
58
23
28
106
66
80
197
93
34
610
415
69
238
313
87
5
302
992
941
623
62
48
1270
313
2259
123
92
426
24
499
963
399
12
197
100
11
403
303
71
111
90
398
13
810
126
44
298
1090
224
73
82
48
13
477
260
71
38
437
60
282
210
86
127
354
113
114
170
80
391
722
455
231
377
522
17
47
408
626
538
69
75
24
704
8
527
332
10
138
246
0
91
264
21
96
180
664
185
23
92
163
168
797
150
21
23
612
2189
761
1186
1352
-49
-6
125
864
514
-22
-52
-51
231
-209
-158
-39
-41
1011
1495
44
2272
742
-47
125
349
2743
1717
747
-41
-122
619
836
587
-152
-43
-29
783
-97
1450
490
-52
67
-34
-68
299
292
247
186
97
90
79
161
118
168
401
356
329
175
130
178
6
606
74
170
143
230
431
429
239
207
131
413
280
75
346
448
146
95
715
797
57
24
134
136
137
21
27
105
-286
-86
-172
-194
-157
-203
-278
-245
-80
-99
-23
-160
-231
-47
618
2645
747
-160
-269
-275
-259
-643
-227
-143
-283
424
1347
705
-342
-337
-263
-310
-580
-284
-316
-227
-197
-280
-128
-200
6
123
471
626
546
617
33
518
390
-251
54
827
653
-499
-8
-705
172
587
1099
-140
162
-1051
-1009
-99
-664
-438
546
197
1159
435
901
383
394
-257
-165
1047
-258
-554
673
659
-147
49
-303
510
-256
-163
-241
-342
-386
-349
-15
234
447
720
695
-155
18
320
85
117
19
34
155
525
568
223
268
-23
182
348
212
1776
640
123
127
774
465
445
664
305
-58
481
58
1667
20
-139
-367
-356
-304
-297
-363
-324
-373
-138
-140
-143
-187
-172
-339
551
670
-60
654
161
-302
-294
-130
3
-55
-150
-298
-171
-32
2451
164
-155
-321
36
-30
-190
-49
1459
-354
325
411
781
203
2376
917
743
598
737
823
742
959
346
613
555
-18
515
913
737
734
487
799
325
929
674
242
-88
213
636
857
-197
-83
1572
-227
-132
946
-40
-1153
762
-311
308
880
715
170
-80
398
777
4
6
1
607
416
4
14
221
1139
3327
3196
883
13
290
357
13
11
1056
15
22
10
155
20
618
15
1334
2339
2340
2646
1493
15
23
22
22
21
19
12
15
12
14
9
13
-81
-63
-68
-84
-76
-37
-124
-145
-180
-143
-154
-149
-125
-133
102
577
135
-104
-148
-227
-158
-162
-112
-206
-133
-180
-200
406
-132
98
-146
453
740
577
-69
-142
-152
-67
-206
-216
-144
255
96
60
95
28
38
27
191
118
58
135
30
9
340
32
194
1
245
220
405
159
270
250
636
152
314
52
25
292
17
110
219
233
539
147
231
521
254
199
273
27
65
136
239
567
911
423
524
1074
326
548
-3
-225
-515
677
368
135
62
-218
99
-578
411
179
813
-1486
1066
-792
297
267
-124
452
312
805
285
540
-812
921
319
-5
499
855
857
-261
965
929
-285
-53
-153
-381
-293
-140
-335
-24
-55
-160
-265
110
-332
-248
-315
-217
-171
-228
-358
-83
91
785
207
226
-369
-204
-187
2166
-169
-241
-383
-171
-118
39
-119
-237
-375
-263
9
1822
1332
-267
-342
-326
-338
-305
-306
-331
-248
-96
-75
114
105
-93
-211
-15
-60
196
-120
-84
-163
-15
599
514
1370
34
-145
144
-72
-95
991
28
-189
26
-182
-249
-171
-67
-283
-70
118
-25
-32
-227
104
243
41
609
314
58
25
242
116
1565
700
8
57
134
804
1738
1270
120
29
435
308
946
896
227
17
298
95
1374
1278
211
36
94
508
676
991
225
518
563
236
243
381
119
-158
-156
-156
-156
-158
-183
-149
-147
-155
-145
-150
-94
-152
-139
-150
-143
-136
-140
-150
-75
-103
175
-80
-117
-150
-100
86
316
423
-96
-152
-165
-200
-143
-105
-51
-148
-101
895
1132
1018
-88
36
35
27
19
25
36
18
-4
145
697
624
-3
10
119
671
431
771
182
9
828
1317
86
1730
1779
12
-4
1389
1331
1227
58
10
-6
53
1187
241
-8
20
217
730
2988
2076
464
30
908
502
879
177
130
333
1091
1422
1861
773
636
434
963
96
667
36
540
378
1512
738
674
695
1414
369
390
53
708
85
419
42
84
165
157
132
74
120
181
538
2394
235
248
-34
-99
-119
-94
-167
-99
-54
-64
-95
-81
-106
-108
-58
-83
-94
522
-59
-69
-34
-82
-192
3357
-245
-49
-45
-119
-83
-17
-74
-79
-45
-146
-61
-77
-26
-118
-42
-87
-14
1279
-25
-47
-64
-137
-138
-16
122
-104
-67
111
89
276
-4
-14
42
387
65
-68
-17
203
33
856
529
1727
340
210
39
75
355
1493
94
92
35
646
1043
294
1626
640
36
394
1069
1979
1169
227
-2
-12
333
-32
172
423
-21
-53
327
752
840
-14
-18
-14
41
433
-1
-3
-10
1024
-39
277
5
1191
-7
-22
-76
-75
-26
-50
-17
-10
-2
345
-12
395
-40
-38
318
1827
887
67
588
486
865
138
283
770
735
618
404
33
8
800
449
1064
203
1476
386
1152
737
1323
43
33
48
1484
566
610
754
11
738
486
577
199
622
429
1105
28
666
889
98
60
12
836
1182
1141
1165
1127
1120
1137
1172
744
-25
321
330
112
1179
56
-395
-510
-563
-521
1157
1567
1924
1192
1966
1226
1188
496
399
-243
283
-107
1207
1042
-359
-102
-240
-12
1104
870
-183
-204
-278
124
-1
-22
-17
138
19
20
-27
-45
-35
-26
-39
-32
-19
0
60
-48
201
446
-22
580
728
556
121
1171
-20
8
305
-6
508
-39
-9
417
1101
-43
607
674
286
-26
144
2937
355
-36
-454
-280
-164
-106
-154
-178
-305
72
-28
1715
1028
276
-248
180
1251
150
1367
1657
-201
-87
233
-18
824
1418
-230
-96
1384
2981
1083
706
-317
-324
-305
-238
-318
-53
-269
-338
-44
-127
271
-156
-379
-353
-298
-113
-230
-358
-325
-311
-30
415
-8
53
-320
-246
-167
-233
-254
761
-308
-297
-18
3122
-40
99
-329
-337
-325
672
-296
-275
-324
-309
-321
-303
-280
-254
-319
-301
-295
-195
-299
-250
-419
-370
-313
-286
-374
-401
-440
-342
-281
-251
-195
-193
-411
-32
159
1275
-110
-44
-353
-293
-105
670
-178
9
-333
-99
935
1504
591
-39
-384
76
507
-10
1153
348
-409
-141
224
-157
1034
1292
123
183
199
102
127
142
224
927
3497
2067
2546
1444
179
126
365
412
231
107
184
64
2056
58
2196
164
184
111
935
206
1595
418
133
110
79
892
150
186
62
49
162
29
199
134
-257
-187
-232
-214
-238
-164
-197
-115
47
-74
-105
-15
-52
590
319
331
106
545
-43
475
1756
393
2112
463
-100
-7
666
763
608
201
-103
56
-33
1005
-58
-59
-41
171
469
419
514
155
12
18
4
7
11
6
10
10
47
20
319
178
13
11
31
39
26
22
11
7
274
2979
102
37
9
109
73
28
424
38
12
11
73
27
27
22
13
25
1
7
553
24
-601
-531
-541
-204
-220
-635
-425
-310
-397
-351
-282
-586
-331
-125
-26
1139
-347
-427
-289
-254
-101
3165
-318
-237
-284
-429
-254
317
-41
-30
-330
-161
-237
-176
-444
-220
-368
215
618
502
137
144
222
242
124
53
111
62
262
350
165
444
246
111
220
287
290
427
410
334
200
167
378
1216
973
177
205
125
770
3488
714
354
316
288
234
137
69
333
286
333
147
1515
60
412
75
192
401
1825
1159
37
58
61
326
72
57
38
47
25
540
68
1033
528
55
1683
2131
1389
3363
2484
42
172
23
62
56
244
44
141
1184
2314
1423
20
76
252
232
77
288
291
556
561
562
625
616
553
369
230
348
210
94
395
291
87
245
751
892
275
326
203
1127
797
913
549
307
31
624
448
398
185
314
87
312
563
616
478
350
184
144
546
256
796
-57
-54
-46
-28
-44
-55
-54
-40
-31
122
-4
-30
-48
-14
416
149
455
98
-44
559
3998
3174
4322
544
-51
715
700
-31
351
345
-55
469
505
224
215
59
-47
-23
700
661
1920
-18
-49
-64
-2
1158
1247
-17
-74
-72
297
663
611
-21
-77
-91
-105
-120
-106
-59
-79
-16
1235
454
2136
151
-82
-3
816
978
1654
553
-89
-117
-75
-65
-55
-70
-78
-103
-57
-76
88
-56
-28
-8
-11
338
207
-21
-20
274
294
36
1
400
-14
163
1764
56
2384
435
-19
184
361
534
133
91
-6
107
1359
1860
1575
273
14
-2
502
1747
528
-3
-7
-9
78
-138
671
935
-309
-305
-301
966
764
-313
-275
-241
-241
-90
-95
-256
-294
-204
-154
-172
-195
1564
-284
515
-189
-183
-173
2565
-291
30
-228
-59
-195
736
-312
-261
-186
34
-151
-90
-323
-302
-196
-94
-192
-277
-143
23
19
-52
-42
-13
-58
281
334
-43
4
100
-116
259
415
257
304
-11
-108
610
970
1406
1309
62
-57
380
345
690
-14
-1
-94
378
680
1152
385
188
-144
-7
-42
387
-6
165
673
327
377
626
442
280
-3
-3
521
706
271
-14
-8
-17
275
468
-4
39
-1
33
363
116
-5
702
-4
223
650
-24
293
709
-10
340
357
185
1278
643
-17
-42
891
1599
1367
-15
467
378
378
-10
178
451
379
323
379
263
246
309
343
286
148
92
219
313
277
-380
-592
-784
-1185
-240
310
-341
-301
322
258
-71
332
-335
-1189
-1043
32
9
357
335
-1121
95
-1560
163
-219
-212
-221
-189
-190
-222
-172
-150
-183
-173
-170
-186
-148
-117
-112
-40
-122
-152
-147
562
1281
4369
116
1458
-154
-165
-168
-154
-156
-93
-150
-121
-36
-52
-136
-170
-165
-99
-157
-172
-112
-105
412
131
220
500
489
519
442
197
-1483
-1316
-1518
-85
423
586
562
913
231
609
423
299
-354
-1196
-899
286
404
-213
-713
-1451
-518
-401
399
538
-212
-216
-336
296
396
278
-923
-131
-1381
-80
-77
-71
-83
-72
-88
-77
-95
-15
274
-94
374
-11
-93
-106
1456
-18
1273
633
-90
341
316
1738
167
635
-85
-177
2194
-81
2202
-74
-83
-164
485
-19
-22
-110
-82
-85
775
-20
1642
-89
91
1006
1347
543
1109
1454
-31
430
-37
74
-289
138
8
4
-99
-372
439
302
-41
897
-360
-300
-503
515
-121
-184
23
855
511
-174
-46
507
-71
-431
190
178
34
636
-204
-458
-465
147
-303
-193
-221
-150
-209
-194
-101
-36
782
263
919
579
-82
366
2998
2458
2068
890
9
406
260
-34
195
346
81
757
1610
220
1726
570
-47
334
132
-100
125
121
-116
249
149
834
1183
158
299
66
-10
-61
-43
-41
-31
-62
504
892
441
463
-29
701
-40
-7
-52
-61
-19
-103
481
713
1545
-83
-23
-50
1356
435
1433
-22
-48
-48
149
554
-5
2
-22
-36
636
1976
1943
-83
405
478
313
-7
498
575
559
742
295
-19
543
678
605
312
-25
-563
282
319
618
153
-442
-1
-805
-548
573
400
-470
385
-469
181
572
816
681
737
566
464
525
689
266
64
341
95
189
93
289
142
127
83
446
201
956
613
233
604
424
213
44
28
124
80
647
533
789
903
2102
70
395
215
151
30
115
212
433
206
27
5
123
80
161
373
11
488
103
0
94
98
109
50
44
43
165
5
95
32
14
243
264
42
44
72
166
17
297
785
614
2
396
249
262
14
924
348
757
63
285
85
293
48
45
37
243
57
19
35
23
84
