359
14
434
627
671
514
336
230
408
749
634
938
-362
75
1008
919
-53
329
-359
-480
-803
118
307
296
-422
57
-358
29
648
-812
-674
-847
-1482
-632
-185
703
-272
-289
-533
-20
-287
-322
-535
-539
-1144
-946
-797
103
-278
-452
-601
-238
-577
-183
-378
-856
-689
-700
-724
-132
-382
-535
-452
-717
1169
780
-142
-108
786
-203
-590
-249
-381
-668
-1340
-1194
-268
671
-1535
-1810
1395
-354
-1053
-983
-307
-553
-840
-1417
-928
-1006
-161
-1029
-1361
-310
-706
-1107
-332
-86
-835
-900
-1784
-312
-1061
8
-2237
-1403
-675
-312
-261
-223
-543
-9
1020
1978
-1502
1295
373
-252
-11
-514
-347
-227
-130
-80
1156
1104
518
1428
1268
-390
-715
-427
-367
-193
-754
-291
-633
-45
-514
-15
773
377
-826
96
-431
-244
-930
-386
396
-711
-825
-553
-420
675
-474
-450
-704
-1105
-1063
-315
-216
-615
-1307
-1186
435
123
-80
-1258
-19
229
-175
-27
-458
-413
-230
-349
-519
-200
-116
-414
-2
29
-518
-481
27
343
782
507
67
-221
-103
-279
-58
46
202
-116
733
640
1081
1416
862
733
280
-521
-64
-59
134
622
619
668
1013
1255
1174
1049
752
26
-72
-31
-9
28
48
468
936
1237
912
568
190
-305
-85
-181
-396
-213
-2032
-461
312
-73
-282
-1252
343
-133
-89
-218
-152
-446
-1743
-52
884
233
-1328
-519
758
274
-10
-129
-297
62
-1940
-304
1073
-845
-1166
529
378
139
31
9
-148
1090
866
798
863
946
1210
1373
441
491
3
-141
146
445
943
-1134
30
-418
384
1152
260
186
-17
-205
-287
280
114
-681
-230
-324
-48
474
717
476
-76
-239
-349
163
11
-1917
-2029
-1907
-45
682
1085
755
-144
-354
-635
-482
1051
-1078
-1336
54
1507
340
842
-162
-71
20
-219
-50
1567
943
1286
1593
2011
1125
313
-109
849
356
-277
153
340
609
672
479
573
322
179
12
783
460
-156
202
756
609
796
110
-704
-113
8
44
674
248
-150
748
1525
278
867
-8
-409
-437
-705
448
733
321
145
964
767
163
127
-74
-826
-672
-1294
-116
753
267
773
710
-459
-286
-78
-656
-1357
-1521
-1626
-302
702
129
385
-733
-2298
-1566
-210
-1135
-1285
-1630
-1081
-478
637
19
52
-443
109
213
-61
-2478
-1440
776
-824
-887
645
177
625
-512
-254
150
-198
-1371
384
1094
-320
-835
614
272
301
374
-396
-107
-871
-333
-923
-311
-860
-372
595
291
119
378
118
-160
-379
521
-298
-926
-614
160
613
379
262
690
-557
-472
-629
-116
-359
-693
-841
134
710
558
71
383
85
63
70
415
821
-180
-981
37
653
333
195
86
-1256
-242
744
-52
-67
-488
-1063
53
786
320
365
310
-666
-1132
-1507
-1096
-796
-373
80
331
343
227
33
71
184
489
591
668
748
135
646
212
650
908
-73
-73
33
-135
-246
-435
-273
485
342
145
552
169
210
-123
-256
364
927
1018
506
443
422
-87
527
29
-127
-466
896
947
1042
1024
1473
1222
568
80
538
204
180
422
978
931
982
834
1732
1381
461
-59
588
446
75
816
-1035
414
1105
-64
-321
40
-257
1
521
260
-48
-1066
-1481
590
860
-1149
-696
-98
1104
-54
441
60
111
-96
-2315
-68
103
-611
-768
310
1191
-57
355
82
-141
635
455
673
518
169
1526
2270
805
-183
374
71
-285
-14
98
-1006
-481
-536
-318
1569
614
-365
465
287
-156
-169
-1477
-2531
-2039
-568
-873
844
1182
129
564
186
-55
434
-432
-399
224
666
201
1037
1346
9
531
448
41
-89
-570
-873
-437
834
977
834
796
54
220
-33
-573
-858
-866
-98
555
2108
-230
766
-592
14
306
524
324
-617
-238
156
-127
-500
-481
-279
-243
8
-440
-102
74
-71
320
462
414
-546
-374
-381
10
-135
-394
-442
-373
-481
68
161
-405
-458
870
554
-149
257
-358
-425
-383
-905
-808
-78
-387
-568
-1276
-861
-974
-40
-335
-407
-116
-1274
311
225
43
-761
-1134
-1251
-1374
-598
-299
-288
-299
-1641
309
-438
-183
-683
-524
-435
-1302
-654
-307
-356
-862
-1297
1772
1100
289
1775
1172
2681
-398
-986
-363
-619
-776
-1029
-263
-632
-1544
-1907
128
9
-1218
-979
-304
-467
-918
-675
971
118
-816
696
794
-472
-804
-822
-302
-438
-375
-94
-51
-1300
-1609
78
-236
-870
-649
-564
-315
-336
-231
166
-359
2953
1480
922
923
-512
-458
98
-336
-310
-601
60
-779
-200
1771
1107
-708
-760
-673
76
-303
-315
-331
-166
-49
1383
1285
1254
652
-919
-217
-327
-593
-310
-511
-633
-166
1631
1492
-578
-1263
-1097
-1143
-665
366
-462
7
403
386
527
829
664
780
261
198
93
207
54
13
354
528
1569
537
185
1074
757
533
165
133
140
252
683
1765
532
-28
-214
-326
870
1272
182
98
7
937
1713
671
329
-105
754
487
-224
659
103
210
-68
981
1446
337
-181
-153
-4
191
253
635
797
165
-55
461
-832
-2637
-525
-1019
-2012
-1401
-982
172
1150
124
-49
-764
-1222
1579
792
-421
-308
1031
1665
-146
637
35
-52
-256
-2106
15
556
-1277
-869
43
1091
-186
420
134
-59
-164
22
-544
343
-819
199
-702
-161
-218
214
212
97
197
-59
-55
-143
-700
1209
177
270
-50
-417
169
63
-111
-804
-476
160
-741
747
51
-164
-331
126
14
-146
90
353
-717
-61
388
128
779
341
153
-357
36
-456
-202
530
-443
-1142
-996
570
130
-583
442
-274
-483
-2007
-1583
-720
-256
-1105
-2404
-879
179
-103
-341
-572
892
1145
861
1216
188
10
-15
316
14
-19
-40
6
705
1177
715
593
92
631
648
1221
-479
-713
-362
-65
531
1005
375
7
194
497
1038
473
-141
-555
-525
81
517
1303
1011
4
720
127
247
511
507
50
-23
-49
567
1221
941
323
32
109
-402
256
69
-241
107
432
533
1069
1272
399
101
994
-655
-503
280
964
373
353
599
1051
567
-245
-271
-73
61
-1131
-356
-349
743
782
609
788
522
-45
-2116
-1137
1109
-1767
-1441
-13
430
721
741
1100
509
715
-282
608
762
-106
177
716
63
300
792
1217
615
164
-28
629
-45
-239
740
215
241
553
829
1198
782
-320
-1018
-346
-2178
83
-865
116
207
951
640
1228
819
-397
-969
-214
-642
-373
159
248
482
1654
495
1097
830
674
-273
-1524
-1833
-738
413
838
429
1785
297
422
410
347
-1348
-2164
-1244
-191
-402
-913
340
718
-172
-858
-131
-205
-241
13
-65
257
212
-208
21
-88
-266
-498
-271
-11
992
1361
1908
342
808
364
499
-115
-234
-494
270
3
849
1109
-115
390
32
-415
-233
119
-135
-259
-74
-100
-210
-526
-505
-776
-127
-215
-497
99
-97
-316
-74
-472
-367
-148
139
-245
-328
-424
-108
-242
-175
-330
-224
-1378
-930
-779
-243
-998
-246
-1224
504
-48
-226
-309
-107
-738
-98
-1165
-31
110
-1003
-1185
-280
-511
-145
-304
-34
1201
2280
2713
-44
1657
1980
2541
152
30
-26
-383
297
-390
861
25
-486
-506
225
-203
486
175
-20
-488
-414
-310
-428
-707
-1844
-90
-511
-113
444
-282
-30
-524
-283
193
1195
-587
2116
-540
271
493
725
-66
-129
-429
-384
-511
678
1115
712
1175
1270
-372
426
-365
-122
-292
-245
-875
-768
-25
500
867
-1026
-528
130
-916
-160
-160
-383
-1076
242
-576
-536
-262
-446
-5
-185
-429
-127
521
-397
-793
158
333
421
619
302
-293
52
-142
-432
-813
-1426
64
217
65
435
384
-97
-501
-101
-248
-555
-1033
45
86
474
1356
986
578
716
329
-630
93
-597
-905
-950
-65
829
429
609
485
296
155
-461
-89
-590
-919
-231
-341
-377
29
369
54
-442
8
-621
-822
-586
-883
-318
-682
1223
-127
-27
631
1730
-22
-206
-464
-565
-919
289
439
34
-1083
-1237
-556
580
37
-508
-260
-564
-753
710
-1422
182
-274
-1202
-720
-504
-1484
-189
-80
-632
-843
505
324
-515
586
543
41
-44
614
382
100
-587
-867
-655
52
109
94
219
76
-174
-136
-121
-517
-381
-747
-368
673
760
254
-161
915
474
-207
-207
-442
-405
-942
-166
372
-394
990
2678
1647
310
-254
147
232
-557
-1072
-692
-29
363
1254
2142
245
-4
183
548
-679
-587
-1077
-1087
-347
-375
-1665
-601
-688
-10
319
559
-72
155
-365
-326
-92
165
-213
-375
-80
215
211
166
380
455
-517
-406
-679
-190
-192
-721
-897
-289
-984
-117
142
582
-63
-534
-74
-823
-542
-32
339
-625
-838
-667
-498
542
-284
-276
-179
526
656
549
94
68
-669
-704
-371
558
73
-10
810
1408
1090
579
209
109
205
-932
-563
603
5
1
268
-178
531
-193
-1102
-561
643
-738
-434
539
54
33
48
-1070
2123
-1054
-1460
369
1146
-517
-584
547
80
-177
-643
668
99
-1023
380
-116
695
-414
-498
504
-4
-419
578
237
-489
428
1255
-548
-402
-57
-329
522
-108
248
1167
-336
195
-1218
1108
140
-521
-337
377
490
-136
335
1293
1099
-420
-769
182
-624
220
-553
307
607
-103
160
1190
-1150
-151
-1849
-720
219
-689
-627
-108
680
-106
175
1045
1126
343
-1385
-332
-985
-3
-802
-235
574
33
184
369
1346
1015
-1242
-1676
-678
-718
-520
-150
-679
208
759
-132
-412
-801
-1252
-1509
-837
-47
-64
149
-98
-233
-489
-474
-1170
-1951
-1902
-1771
-1064
-900
-377
196
-168
-204
-730
-380
-1312
-1452
-518
-959
-1128
-1272
-678
-372
-156
-575
-144
-275
-1154
-1010
-873
-684
-1078
-606
-539
-94
-106
-656
-264
-145
-634
-426
-211
242
218
-168
64
-391
-178
-481
678
-66
126
-53
-421
622
967
264
831
-747
-220
-337
434
173
331
498
36
-13
1465
-39
-384
-70
-236
-259
-154
-1581
-877
-1330
231
-1045
-999
-759
211
-193
-244
-679
-1132
-363
-1755
-592
531
102
-783
-707
110
369
-204
-414
-31
820
-1447
494
1698
422
-98
-577
-108
623
-185
-402
-346
481
-393
20
1367
1770
304
-598
124
626
-46
-265
-668
878
-547
490
1992
520
-524
478
99
-435
-194
-182
-250
269
166
-495
551
-918
393
521
381
501
-134
-67
132
-115
2414
492
973
484
847
1375
133
-634
581
630
344
198
165
93
-3
-293
73
368
214
-165
238
328
-11
8
-654
177
-201
-974
-1175
-493
-135
14
243
117
-221
67
859
-952
-333
-478
-1196
-1288
-922
465
191
403
243
837
513
867
574
715
31
-358
-472
232
188
505
432
344
396
385
608
398
-83
298
217
-171
159
395
-200
351
826
359
381
1579
2375
-311
303
-132
150
237
-490
12
-573
-1963
498
222
-1528
-1724
-424
-81
153
166
187
-1789
-441
-827
505
0
-1515
-532
516
166
257
280
403
339
-18
485
52
380
-573
257
723
498
209
138
-149
605
2067
856
2911
135
-8
461
180
241
154
160
-247
-628
880
-1129
641
517
-3500
-315
-155
-334
112
291
-184
-1276
-1059
140
-270
-976
883
-256
264
-283
139
152
-249
-767
-507
-2094
569
-318
615
646
481
-268
-242
34
-417
-801
-1146
303
-159
766
1325
2138
227
135
632
1226
731
369
-56
-398
-375
-154
-301
-225
-256
-10
254
7
673
-497
151
-422
355
521
-550
-428
-404
-104
271
414
105
-1228
71
154
-310
792
963
762
241
-467
337
596
575
-618
471
-172
149
358
297
991
633
-367
390
423
926
820
414
187
-1
321
497
180
1264
69
405
269
1010
-566
-2082
324
-88
-892
-719
-344
1105
-52
401
448
428
-243
969
1862
14
2362
852
1485
307
1015
359
471
463
1116
141
-192
-1153
492
780
829
3
1023
394
529
837
94
646
-383
478
376
622
-116
315
792
406
282
763
-143
-837
-90
-379
-1121
-943
-224
38
663
293
344
507
69
-708
1289
763
1347
-1119
-1180
201
1191
301
298
843
415
17
34
333
-888
1407
-334
-175
1382
354
189
475
207
-452
-678
-921
33
-174
-22
301
1134
433
444
523
522
99
-187
1307
122
-514
-234
403
227
306
276
408
-331
-440
-579
-675
-952
-967
-411
-573
-407
456
23
-481
-493
-565
-491
-26
-1694
-1455
-1272
-1031
-402
190
-110
-431
674
180
286
-133
-807
-998
-1275
-1370
-134
291
-81
263
1404
847
349
68
-388
-657
-1394
-1022
-523
332
-16
848
2433
1761
513
6
105
520
-388
-551
-151
301
8
777
1836
-36
1189
423
-23
-128
542
12
-305
164
-159
940
526
-1991
-726
1725
-1192
-2369
-207
-142
401
175
-66
630
929
-1757
-1051
533
-1082
-1275
-146
486
576
139
-280
-555
698
-276
14
424
275
-339
-678
-71
-233
199
-83
-161
1158
1121
330
906
635
201
192
-23
262
308
-135
181
677
658
-522
-1228
-45
-1421
-237
-355
886
335
-72
-57
1346
794
-379
-1067
-459
69
90
65
285
343
60
66
632
288
-649
-1349
-178
-422
53
756
832
491
247
455
724
419
2392
1071
326
154
509
833
385
101
43
108
520
-48
-365
-693
-1005
-457
-495
-386
-231
59
117
414
-5
-1339
-1451
-2185
-1410
-2033
-985
-569
-342
-68
346
-194
-97
-868
-1562
-419
-737
-1306
-1091
20
363
-92
135
385
300
464
197
-113
75
-221
-700
-633
101
-62
145
621
1178
263
-341
-883
-1154
-654
-683
-14
-126
60
537
519
800
-173
776
24
-197
-563
404
18
-120
-14
426
-212
1221
445
1789
1541
2008
1248
1929
274
-350
-219
769
449
176
76
569
-494
378
72
-1033
181
-110
-343
397
-47
627
-286
-528
-216
234
-361
-502
-572
-473
-281
103
-289
93
-1279
-292
58
338
165
-678
-653
253
-161
161
492
979
-388
2216
-154
794
247
-242
66
1132
-93
123
-61
2984
1767
553
505
427
978
1008
116
620
85
331
391
755
1375
634
1180
1509
-22
-1012
-735
838
-72
-617
-52
483
385
1088
360
-561
-2007
-191
-63
208
-8
-428
-243
230
-14
188
402
417
117
-336
-315
-436
-399
-163
145
66
568
30
-491
647
-156
-145
-586
-512
-468
112
562
510
455
-267
-824
-469
-15
21
377
301
-378
122
295
610
219
-563
-868
-1116
-1407
-291
446
-156
-340
-34
-170
735
-295
-482
-429
-850
-1155
-741
310
170
-478
-176
239
400
-304
-1192
-768
-1067
-506
-992
222
483
-544
-370
411
577
1132
211
771
-505
1654
-268
-531
377
-424
-176
264
2038
-584
52
427
162
-735
659
41
676
-335
-31
781
-4
-1211
-640
-512
-689
-1758
-1068
-399
480
-341
-129
-136
-70
98
719
-422
952
-994
-1367
-701
-421
-338
-155
494
-383
1173
994
-846
520
1427
-700
-742
-283
-464
-278
129
596
2031
2616
840
918
1633
-243
-858
-311
-533
-415
-53
400
836
-741
-2629
-1572
-876
-1019
-817
-186
-627
-1033
-161
-6
36
589
-808
-1738
-1306
-353
488
390
-94
196
537
189
393
314
379
221
337
330
348
199
-351
-320
-286
27
701
988
881
1037
792
821
721
-129
-171
-311
-234
538
801
594
813
419
688
554
612
165
-231
11
-362
648
475
230
-124
-160
31
178
-73
346
-238
-65
-278
-191
344
14
400
162
-38
135
-597
-217
-294
-192
-653
-625
518
-641
-208
-177
825
25
-826
-334
-231
-33
-346
-242
218
-2338
-1280
588
460
-2337
-1975
-294
-158
-83
-837
-1734
705
-1808
-1068
479
177
-2246
-1449
-472
-147
-161
-1062
-867
767
932
-911
396
648
59
-276
-572
-214
-108
-498
-844
1041
722
-221
103
-50
237
136
-426
-152
-131
-181
-461
1352
691
1058
-1333
-1149
83
-636
-786
-227
-169
-296
-1143
-463
514
187
230
-1448
-922
-108
-580
-112
-59
-356
-734
-722
-684
-735
-738
-925
-67
452
-196
-334
-109
-404
-867
-399
421
-103
-20
934
434
769
19
-3
488
68
-94
159
-161
55
-276
-361
-230
-220
-428
-424
-347
-675
-1186
641
889
486
-255
544
139
-278
-333
-224
283
-223
-304
229
859
40
-208
1603
1828
1042
-417
-355
145
110
-293
10
-580
-462
116
219
834
1236
-7
-305
205
37
-40
-89
-53
-439
16
-197
-59
401
-273
-246
-21
-101
145
1625
763
52
1083
2351
1521
-177
-196
-257
-95
-46
-1
3625
3076
1276
2285
3823
2446
782
-439
-327
-12
-218
-1281
513
366
-1123
-307
1197
1191
-300
-420
-367
-86
-200
-1137
-41
-1050
-529
-204
670
-171
-384
-551
-420
34
79
-47
684
-990
-693
373
589
-367
-647
-643
-409
-56
326
769
1241
435
1096
1827
1448
-60
-508
-562
-353
-33
-26
-110
-560
708
151
88
100
112
-548
-935
-227
27
-165
90
-658
690
-759
171
395
-926
-899
-767
-414
-54
-173
-26
-50
-637
516
-151
-889
-664
-771
-739
-149
-54
-436
51
566
473
562
242
627
146
283
-156
-58
-424
-743
-388
159
0
-421
-117
580
461
27
-472
-158
8
-104
684
-132
-421
1056
799
366
425
1397
-509
-137
-324
122
908
1149
734
390
430
1363
894
834
-272
-98
-204
-150
817
293
553
364
436
710
521
830
328
-213
-43
-466
275
-1112
-1408
-114
169
-323
-1728
-44
221
-268
-209
197
-547
-2976
-2672
-261
-1471
-2444
-3074
-751
-73
-215
-172
162
-665
-1434
-951
145
-859
-759
-1885
123
308
-261
-164
417
940
110
214
579
1136
104
918
260
354
-194
-90
897
673
287
-507
319
480
-234
224
-120
-152
-224
-9
550
475
-642
-1120
-635
-846
-717
172
-301
-343
-158
-18
317
-240
-800
406
-246
386
-767
-566
-837
-657
-184
-83
263
745
134
-1494
-662
-915
-1687
154
-1364
-559
-564
-541
-541
6
1103
225
-1471
-209
496
985
-622
-473
61
957
205
-214
-458
-162
-232
-803
-655
-154
-234
-426
-96
473
-396
250
563
-487
-133
-988
-735
-244
-34
4
-26
897
464
506
-201
952
411
1660
1253
738
286
463
-92
433
754
1099
1299
61
458
378
567
1089
181
-26
-75
490
634
1468
-36
-300
-72
5
162
217
55
553
-21
269
237
-1192
-2432
-1652
657
-2160
-1538
-1318
-166
136
47
127
70
-851
-437
-694
-713
-784
-1325
-897
900
494
39
456
287
-127
-2118
-618
-1036
-591
-1324
533
376
633
-32
399
506
-201
-1318
-831
1056
-679
-703
-183
537
532
-21
638
-50
314
-221
-1688
-1917
-1778
-1404
816
452
507
-12
781
-278
598
848
-580
-885
-154
227
3
1748
209
-129
704
210
725
-36
-1678
208
-989
-207
1006
1095
-98
6
430
559
203
-1100
-1582
-1886
-454
-516
979
578
420
-324
231
446
515
169
286
1860
1777
821
685
290
377
69
-958
-998
-1310
-928
-1070
-594
-485
-969
-823
-1313
-956
92
124
-962
-1137
100
536
874
2014
912
176
-671
-390
4
272
-483
75
867
1474
1376
1201
1421
1278
-421
-678
50
-62
-653
696
1030
556
308
332
199
1187
124
-417
135
-42
95
1412
768
-325
-323
53
87
377
771
-689
24
-448
-116
1668
659
1486
-26
552
562
1280
771
-459
-88
-263
-84
543
-1235
1761
1028
-560
-106
1219
867
109
-151
-285
295
1445
-354
1500
253
191
170
2209
1188
741
-22
163
4
1273
942
585
-376
1014
979
910
-10
532
-5
-183
-264
361
-4
-968
-13
-649
768
-324
-553
-690
11
-12
-230
689
-1475
-209
-874
1184
-1369
-372
-738
-1129
11
-100
63
275
408
354
152
621
-630
-836
-1034
-490
-82
-427
-388
479
340
684
-79
-465
292
-785
-1104
-411
734
522
507
738
38
1408
597
919
194
-16
252
54
147
748
981
448
46
188
439
710
310
151
184
320
-224
340
871
790
825
821
1086
1412
1766
761
555
234
-221
-147
571
231
-260
503
51
-26
240
424
620
223
-244
-20
43
-582
-343
-401
74
-265
71
9
121
231
-212
112
-206
-934
-658
-227
60
-134
-85
140
-429
188
-171
1
-542
-955
-1005
1559
430
347
151
995
617
134
-180
0
-623
-214
-241
-42
-1060
221
-667
746
-18
-317
-198
-111
168
-225
1190
-41
-2284
301
1503
384
-698
-580
-186
-144
622
-585
-122
265
-756
-188
5
-178
-399
218
-200
-189
-337
-830
-665
-1178
-1141
-1319
324
299
-228
-19
-170
-211
-86
777
-332
-83
-127
-129
-912
585
478
429
-180
-152
-572
-348
-84
-426
8
-441
-31
130
272
294
-215
-46
-344
-470
-706
-314
-236
-198
-466
-3
59
21
-163
517
-306
-122
221
168
195
333
266
266
-132
233
-552
249
216
-385
114
87
-121
-38
409
344
590
112
-710
-425
265
288
331
1447
1326
538
1305
832
522
-44
-383
377
203
345
-188
-118
-606
-69
285
768
-239
-80
-367
104
322
-308
-717
-200
393
-12
-229
-494
-436
92
-425
216
492
-363
716
642
503
800
1251
676
-36
88
-359
198
401
-820
-366
-972
-557
-417
-149
-954
184
-284
-329
385
-151
-1917
-835
-7
-738
-861
-1209
-690
-260
-346
-257
415
336
444
18
489
-589
1240
895
1704
252
-65
-311
229
375
-463
-1101
-1556
-36
-1155
-801
-590
210
497
-427
-17
-248
-223
-1018
-40
-412
-751
-709
373
517
401
-548
-55
-406
-1106
1496
-1101
-178
-207
294
603
1019
707
-428
107
-57
-826
-1066
-1132
-1626
-325
475
560
641
578
-461
275
137
-989
-550
-1672
196
946
-222
204
161
293
417
1486
1061
195
679
425
1682
1123
1319
1332
1145
838
149
-397
-497
-183
-140
-85
-328
-561
-558
38
-25
452
383
574
-28
-237
-571
-713
-1178
-341
-687
-348
-614
-296
380
756
-164
-182
-466
-372
161
305
379
126
-249
-513
448
726
469
233
106
-35
-275
-259
1260
1039
389
-329
492
927
221
-9
-178
511
-96
-189
382
778
860
280
371
810
57
368
204
-282
-9
-341
1321
1374
418
354
291
987
306
-297
-2618
-726
-1406
-1242
-3354
-843
477
519
398
726
423
103
-2294
-1635
633
-623
-1938
-1488
883
343
429
922
-114
245
-2
-348
387
-384
-448
42
1085
170
543
808
770
357
-148
-74
-42
520
19
904
1082
-66
530
687
475
189
-794
-1010
-991
-1260
1414
961
611
606
329
570
578
-768
-1443
-62
-367
639
163
-705
338
279
396
591
880
795
1054
-836
779
-632
-1024
1320
1083
348
16
572
732
280
1072
-839
-1278
-374
-292
-640
743
44
-135
-524
-562
-406
-617
-475
-448
-416
-579
-865
-723
-412
105
-14
506
187
-731
-482
-789
-422
-225
-863
-606
-160
41
-112
232
92
-282
-1100
-1152
-898
-1174
-458
-608
-616
14
-361
192
619
-61
-418
-306
-286
-707
-192
395
-439
29
-446
426
826
-24
-75
-271
-376
-802
-277
-19
-564
55
-172
880
157
-16
687
358
260
-459
-56
144
-392
30
-115
247
390
235
2296
1121
-246
911
1168
-48
353
-48
-316
56
780
950
470
2235
78
996
-53
-268
237
9
-331
474
277
-2053
-484
-5
-73
-1461
-1534
-512
389
36
-141
348
1065
750
733
109
-59
994
-427
194
306
43
-94
140
1078
695
-603
-866
-257
-113
295
-556
177
107
44
49
931
529
872
550
259
126
-382
57
353
159
-35
128
815
923
-289
-167
-1355
-270
466
430
234
66
-250
327
694
1119
819
-487
-933
569
-1158
188
-423
55
-273
841
894
275
404
177
110
373
434
537
60
679
887
866
387
344
136
-402
-1292
-969
-1
267
421
685
630
355
97
-167
-866
-353
-1051
-1845
-1684
-131
196
695
500
498
-841
-791
-428
-178
-520
-391
-1028
-732
269
638
557
502
-925
-537
197
136
111
-717
-20
-225
-123
727
862
727
500
147
795
804
1003
631
291
-565
-535
758
594
757
14
1
-889
-916
-242
-327
-1356
-507
-121
727
660
866
-331
-1010
-263
129
-308
-1281
-597
-66
167
650
487
942
-902
-930
391
-610
-761
-1080
-177
427
312
666
518
613
-365
1114
-63
-907
-138
259
106
561
833
593
457
1176
4
868
-2686
-1806
-1530
-341
440
-39
1366
724
474
731
-495
-646
-637
-1466
-952
706
-620
415
816
781
516
928
578
-331
-1157
-1836
-994
-178
349
646
511
512
167
564
111
-1666
-1652
-2026
-941
199
153
433
-131
-313
-830
25
495
654
402
450
528
320
22
124
338
-428
-249
729
1109
647
393
-188
399
224
42
347
374
-352
-521
338
209
-382
-1398
-999
-1810
-2055
-2039
-684
92
-334
-623
-70
-313
-965
-1070
-1633
-1985
-1747
-1594
-1157
250
-370
-569
223
-446
-884
-811
-548
-1567
-2008
-1893
-1838
-426
-412
-518
478
1736
2538
1814
220
1655
1691
1561
-1039
-468
-470
-404
552
1264
2016
3200
-257
-534
2812
3167
-1322
-213
-416
-371
700
-389
1823
782
1209
-251
1628
1040
-1103
-192
-476
-245
618
-4
-1104
87
-1173
-664
-1855
-1837
-1173
414
-516
-387
-113
-40
1696
1605
713
576
292
-1132
-683
34
-467
-391
265
1088
701
409
1374
1050
251
-395
-1416
487
-398
-440
-312
-588
-61
1449
1807
1023
1378
-1376
-985
559
-385
-454
-121
-286
-371
24
2051
-530
106
537
152
373
-528
-984
-636
-714
-715
-506
-2553
-1657
232
735
661
153
274
-376
-58
407
-446
-468
-419
-274
-380
-505
94
-370
459
112
630
1411
544
236
333
623
-1771
-1407
-471
-52
374
154
105
818
702
451
840
-390
-1499
-2009
-1316
-115
293
223
948
1013
345
-563
-901
-1433
-413
-1075
-1398
-348
378
304
756
193
-709
-379
-505
-569
-1083
-1186
-676
-749
312
95
658
2175
-142
-650
-541
290
466
-96
-1398
-422
262
330
961
1482
327
1306
-335
106
-201
807
-374
563
274
-23
891
578
-1562
386
929
-1943
-617
-392
-805
-104
284
738
847
978
-154
1511
-296
-808
-959
-55
15
226
460
693
230
-803
-532
-412
-406
-1008
-2212
-773
264
292
560
395
338
379
676
126
873
56
-1328
-598
-251
-168
585
275
77
-181
461
846
964
615
161
-476
216
941
491
104
178
51
-56
-579
1122
718
861
695
513
98
193
-294
-437
1
-1966
-1844
-1819
-851
1348
1221
567
107
-357
126
-55
-231
121
183
447
415
272
15
-274
-422
264
784
434
-291
450
1076
670
482
993
286
133
-557
269
393
339
229
342
-365
-151
-420
-9
178
137
-520
274
109
31
289
595
-107
-237
-341
-541
-277
136
66
249
329
-61
1190
779
209
-331
-490
-648
-770
-258
-301
244
342
-700
1416
835
1125
454
1187
531
-63
135
-237
164
214
-498
669
906
1678
310
-131
2214
1370
-124
-124
117
-37
-570
-112
1652
196
-397
345
1563
802
156
-289
126
-92
-288
276
1289
-32
-476
567
369
-475
-244
-203
58
-167
-144
-66
716
874
-337
852
645
-235
-469
-333
-13
-7
-22
-849
245
158
-676
461
-515
-234
-646
-98
76
139
-73
-371
-56
1235
69
195
728
-653
-275
-239
157
340
-123
-443
-235
634
1201
-370
-420
-343
-37
-335
-66
-124
-599
-1012
9
904
366
-163
-281
378
-85
-594
192
-97
-902
-983
-288
471
781
995
368
-532
-466
-737
-96
-454
-918
42
145
594
1194
1540
308
490
270
-233
-223
-361
76
530
1157
1340
1663
1138
1392
1790
-137
172
-214
-462
-394
494
1246
1176
1000
277
399
1267
1189
-68
-261
-240
-298
262
39
159
589
-145
-517
113
271
-133
-286
-422
-654
230
-2948
-2115
-304
-2174
-940
-703
589
471
-396
-531
-275
1158
-1942
-317
1470
-81
-1687
952
500
247
-288
-543
-400
2815
-92
464
2434
2445
-879
316
1267
572
-327
-200
450
1762
-15
203
760
1061
99
454
240
599
-338
-273
157
591
189
-639
-205
-984
-1172
-255
21
-223
-331
-357
-411
-281
172
510
-1543
343
-255
-152
-529
-734
-275
-380
131
-348
880
412
-360
353
1133
368
29
-670
-293
-452
-344
-73
1511
-528
-273
318
591
181
-11
-962
-959
-1639
-1438
-1156
-406
16
-155
-589
-693
-1681
-953
-813
-472
-612
-293
88
130
-169
-456
-722
-566
193
235
565
-585
-757
867
1120
47
-234
-153
-478
-1258
-234
-409
-61
-683
-675
104
20
402
571
173
-126
-525
-1277
-246
453
-583
-695
-258
55
-749
-959
-960
-805
-1118
-1132
-957
1
-628
-741
-46
-587
-903
-677
-1116
-632
-1264
-1579
-1031
221
-609
-822
-238
844
2597
80
-673
1620
2500
466
-329
176
-599
-877
-376
-744
2356
544
1511
891
1255
-1059
-134
-262
-527
-597
-442
1332
-3890
-1294
1132
-1885
-2535
81
-123
-310
-548
-545
-57
-987
-413
672
415
-422
106
346
-602
-190
-465
-843
-459
-1073
659
1481
1775
1289
148
-842
-687
-311
-546
-933
-632
-1013
291
401
1681
375
821
-643
-945
132
-554
-798
-1169
-775
1305
462
524
1170
710
-222
-1571
726
-626
-578
-797
-632
-605
548
767
285
209
-1071
-1447
313
-307
-312
-98
460
-1787
227
284
104
444
1115
61
397
195
-217
361
422
-186
-170
8
11
75
-47
-357
-147
847
553
464
145
-518
-1238
-1820
-3
-169
445
-206
-302
708
377
360
-1
-1156
-1210
-393
-192
438
829
1039
307
666
197
201
171
350
435
399
392
723
1147
1391
242
655
213
330
964
761
246
149
280
554
620
1486
698
721
342
556
-79
-1671
-90
-414
-632
-2560
-100
760
896
601
24
316
-1337
-2093
-1202
56
-587
-2250
-562
657
1330
531
218
533
-702
-1578
-999
-869
-665
-1222
-1127
991
1306
555
-109
803
1076
-572
60
-140
34
-179
334
896
1090
524
178
442
867
-388
-94
429
-1157
620
369
270
814
537
318
184
-993
-2937
-528
-3764
-1094
-912
-449
244
602
719
504
300
1077
638
-1182
-674
-346
-1292
356
638
73
710
444
138
796
310
-336
-617
-377
-346
-260
310
517
1057
299
372
1014
838
1457
617
665
-843
-526
129
676
7
-180
-155
86
-435
-456
-167
110
-361
101
-96
-412
185
118
-294
-225
-21
-24
207
1088
-592
-449
-434
161
291
-196
-781
-637
416
655
230
410
414
79
-749
-500
216
-271
-569
-440
575
1024
958
494
181
-10
-589
-259
147
-389
-841
19
1332
393
-136
-133
507
117
-726
-924
398
36
-88
2200
788
1436
205
1804
500
1086
-734
-1632
428
-37
553
549
-2070
249
1022
-605
-2389
-1428
-726
-984
338
298
999
2531
1444
258
1407
830
479
339
-531
-598
157
-55
379
1228
1192
533
527
1153
579
43
-119
-43
10
26
195
-315
874
1790
1137
1441
-83
-648
-163
266
-114
-30
245
596
1319
122
-277
-48
-600
-879
-592
456
110
32
-127
1392
1422
192
-872
632
664
-601
-10
678
366
309
-15
136
249
-270
-2401
-693
-538
-676
-67
469
907
245
119
1143
121
900
782
144
1002
1259
364
57
732
1034
-63
-616
-186
-538
-475
-104
-71
-237
-426
-836
772
933
-615
-782
-647
-646
39
1468
-6
-347
-602
-950
568
461
-335
-326
335
556
1195
1107
775
-202
-972
-1237
516
412
-513
516
1530
1076
647
474
739
548
-196
-1011
531
401
-455
1160
1529
485
537
1228
592
726
346
-1226
459
286
-103
1482
200
-1307
292
888
-781
-820
353
-1319
460
196
-262
1598
1003
-2107
656
3436
-689
-136
403
-379
458
177
60
2795
704
305
2053
2084
964
-353
903
-38
407
243
92
1539
1427
991
1459
1033
452
690
322
120
437
132
-257
-914
129
-979
-634
-1153
-1101
184
626
42
571
138
-3
-20
264
2618
347
-76
150
272
565
-78
554
240
-31
-824
674
158
-449
-402
-561
-569
721
297
377
-15
-347
-604
1018
1220
-207
1091
492
523
536
-314
572
-175
-798
-439
-301
446
84
-388
1193
-183
-377
-332
-484
-359
-53
-90
773
86
-180
1
99
198
455
394
-630
-195
608
612
1006
244
801
112
349
737
720
-112
-708
-510
129
454
536
164
-541
-363
145
-180
658
309
-558
-218
-177
-340
-337
-996
-1099
-1012
-614
-1086
-382
-194
-543
-266
-157
-440
-837
-863
-946
-742
73
-1059
-836
223
-694
-515
-735
41
1625
1238
-1050
906
1768
1293
-392
248
-767
-486
-271
771
3080
1447
-126
1952
2731
998
-977
-142
-662
-256
-66
361
1390
441
634
1212
1357
1709
-917
-542
-634
-150
-353
-1329
83
6
-1419
-332
474
-198
-1117
-327
-648
-348
-445
-1120
-788
-1104
-1049
-82
-127
-417
-824
-805
-618
-393
-246
287
-164
-419
2429
-101
59
215
-696
233
-766
-503
-603
32
575
3220
2215
2301
674
188
-1004
898
-767
-469
-149
-404
-1111
392
1138
149
-885
-787
-791
480
-541
-333
-402
-666
-901
-781
-545
-828
-603
-851
-598
551
1017
1433
404
-163
371
860
823
779
665
1067
914
716
81
-86
-483
174
566
524
1160
1070
1182
1170
945
657
-94
-282
-106
120
1200
1569
468
771
1411
1198
394
320
-89
-139
-354
693
563
181
543
623
252
989
620
131
-179
-436
-495
-238
-506
353
95
49
215
-41
-573
-86
-145
-689
-925
-115
-529
-276
439
266
46
1485
988
401
-129
-924
-1570
-2724
-1398
-2244
-1365
-2150
-1772
-1120
-383
-588
-37
-488
-1053
-264
-781
338
148
-1033
-208
701
-397
-698
-162
-726
-578
-977
-657
-1006
70
-709
-560
-186
-485
-790
-209
-481
-681
-510
-278
807
905
525
588
42
-56
-339
-301
-305
-886
-1992
-488
322
-620
250
976
437
-237
-1456
-336
-233
-780
-2241
-62
-724
-1275
553
1246
-286
-961
-1927
-285
-136
-838
-1411
-1948
290
-26
-594
-356
-48
-1465
-2074
-81
113
-288
-121
-186
214
953
1159
188
873
-1254
-1137
-283
-489
-332
61
148
30
292
540
112
-223
-232
-12
-269
-281
46
-26
-486
-211
-580
-228
575
-98
255
-40
-424
55
264
402
-857
-1776
-1174
-856
-1069
-383
-81
-52
-426
75
139
-363
-871
-98
-25
256
-522
-580
-115
33
-400
31
230
122
398
-11
73
614
685
-80
425
559
-405
-43
214
-693
1006
309
568
914
900
523
123
291
-330
-77
-368
-2817
-454
174
1006
-1528
-936
-588
320
265
-368
326
88
-782
-1708
-243
-1184
-2264
-817
-236
-157
475
-317
-50
-119
-515
-1576
-908
85
-1200
-968
-793
-296
142
-369
-119
-10
-233
-24
410
1446
-180
943
171
-207
452
-391
-222
-182
929
330
747
1185
319
1242
757
637
453
-408
-255
-408
833
-324
525
1862
2122
663
743
452
129
-456
-102
-146
-316
-1388
-1175
-204
-1491
-853
-442
488
385
-147
34
124
29
554
191
109
280
-203
1239
520
427
116
498
113
-84
-782
-348
-116
265
-147
-805
-375
-486
521
589
-142
-77
148
-74
487
900
124
-73
-384
-303
516
-79
-520
-172
254
934
1459
1055
214
-134
-328
-11
485
-127
-605
-195
798
717
748
768
553
480
-302
73
478
-58
-766
490
215
32
451
154
20
115
-55
-552
448
138
-678
1594
-1670
512
488
-911
-1203
-285
80
-442
399
-20
-357
336
-1220
441
299
-1073
-486
-409
1146
-194
357
-435
-396
1318
1358
1155
1935
714
1451
1715
832
-18
341
-428
-255
1257
1617
1855
1020
796
1455
1351
441
-74
358
-287
-644
223
-373
264
-479
552
157
226
702
604
486
-31
-550
283
-112
-921
-745
-367
248
854
982
-333
467
97
-503
52
1418
-1807
-1917
-1235
579
993
897
-409
512
238
-425
-140
494
542
196
339
1886
1539
815
-35
-117
-743
-1587
-1334
-941
-95
309
562
39
517
-462
-709
-528
-723
-439
-716
-498
-721
-642
-424
-262
-722
-1209
-815
-474
144
-461
-387
-371
47
-229
-4
-198
-150
-326
-760
-715
-333
-172
-313
-338
-59
-610
70
-481
-768
-1053
-428
-661
-616
-529
-445
-396
-310
-664
-457
273
133
-803
-815
-623
-484
-194
-67
-509
-520
-100
-413
-100
-45
-325
-615
-804
-580
-820
400
1351
1167
243
298
695
1638
-185
-755
-843
-572
-1239
1389
2246
861
273
260
1175
2466
53
-1134
-900
-660
-852
1248
2044
868
1277
1218
1491
1086
-106
-713
-696
-275
229
954
355
639
21
814
80
64
75
-82
-683
-420
-92
370
1138
1653
812
726
1338
416
-175
-649
-602
-425
-381
-234
958
1938
2068
1257
1696
712
-644
-1627
-550
-303
-481
-636
629
1798
1160
2352
1123
914
-706
-2144
-713
-718
-900
-227
695
-286
-904
517
133
667
-1207
-2033
-866
-1515
-1472
-1006
645
382
-423
836
780
-487
-1589
-1693
-381
254
-154
-73
-495
-424
96
218
-174
-97
-84
199
-648
-150
329
-544
-216
-16
99
-307
422
621
262
1064
-269
-68
-335
-634
5
-234
263
-321
-593
623
227
-339
-317
67
-453
-79
-220
-570
-463
-77
301
74
-38
-183
-386
82
-404
-83
-116
2
-90
520
-31
221
-393
-342
-321
-136
-888
319
404
406
1401
1215
2506
-410
-927
86
-217
249
-655
248
3142
2801
311
2332
2130
-621
205
-332
-201
-135
-838
-413
-443
-675
-177
-72
-579
37
-251
-515
-186
-37
-1448
-1606
-1083
-1135
36
-966
-690
-614
-413
-1134
-192
-112
-285
-397
92
-22
453
-374
-618
595
242
-544
-257
-49
91
2157
2144
-1810
614
-643
-2163
912
419
41
-347
-13
52
-811
-729
431
810
556
-631
-1234
185
132
-253
-85
176
-488
-1124
-1019
148
202
-834
552
435
-404
-723
319
212
-255
-428
-2119
-1781
-454
260
429
726
-334
436
93
537
408
236
80
262
532
672
60
150
-129
-183
522
557
727
137
-155
735
729
923
412
451
-163
-242
-5
349
-101
317
339
58
681
672
234
237
180
-298
-162
133
-379
365
287
227
-134
892
793
-232
452
-329
-112
39
-638
-532
-334
-207
-376
-749
-163
-357
91
-230
-20
-272
-1148
-1365
-896
-180
-1451
-1312
-166
344
-186
-180
250
-537
1306
264
-18
-100
762
-362
600
-107
-567
-192
128
-370
582
-1347
-989
-1417
-216
-1348
-745
-396
-440
-208
414
281
209
1505
508
-255
743
852
-63
187
458
-294
30
269
-1779
-92
-564
-1908
-108
34
-292
-112
336
-314
-146
139
-885
28
122
643
-1859
863
349
-145
846
-236
-107
37
-351
1247
-151
-755
-35
751
-475
230
543
-143
-215
49
-534
440
535
-1017
-544
-1330
-920
345
124
-35
-342
-393
-346
-1077
-893
-1127
-605
-831
-111
362
118
64
66
128
48
184
294
55
-47
242
-148
-6
0
639
147
-21
31
-95
-357
-1451
-2040
-552
-352
95
152
693
797
1182
1108
-662
-1799
-1244
-1481
-1694
-1067
237
751
727
1035
745
1155
-218
-967
-899
-879
-1095
-803
225
948
766
1059
1355
2681
1005
-194
-18
1161
353
922
1145
860
827
932
1514
963
-1830
-523
-647
-632
-1161
798
1114
1294
785
963
2217
2238
-623
745
1565
1736
242
228
1876
1518
810
1104
1458
1427
-47
-905
-160
607
-1267
404
1420
1409
788
437
1010
18
-832
-280
244
-851
-955
-264
739
345
736
573
527
493
-819
-633
-66
-2136
-848
-57
597
456
812
624
513
800
1406
-358
2060
406
-2255
332
1025
563
751
625
1081
558
379
1033
76
137
859
-360
822
572
831
763
1077
1048
-384
-557
-627
285
885
-717
953
1504
776
572
913
234
-276
-870
-141
-1063
-663
-815
474
1519
-911
-1254
-631
-29
-506
-1174
-1244
-1408
-1113
-517
-877
-483
-638
143
290
-466
-1767
-1961
-2453
-714
-2034
-1196
-1128
-524
-590
-57
-88
-1180
-1714
-2461
-1769
-760
-1082
-1558
-1172
-500
-591
-201
-162
-753
-1187
-1489
-1570
-1157
-220
275
-180
-460
-589
-428
-73
413
-826
-594
-317
290
168
407
471
285
-625
-378
260
940
-1528
-1321
284
-916
-846
-1295
560
-110
-578
-230
289
1624
1756
1275
1343
2644
355
2576
1343
251
-599
-229
19
596
-553
127
1701
-238
81
203
587
46
-584
-174
-383
672
-326
474
560
1210
-617
-577
420
135
-639
-526
-327
873
894
840
-835
586
215
371
501
337
-638
-502
-52
489
335
2731
-156
2053
1519
364
664
32
-565
-401
-164
877
1216
-1514
-1655
-1382
542
214
271
-29
-625
-583
-252
200
3316
409
-305
1251
1538
1923
1185
21
110
-85
375
654
1685
1179
-482
981
1333
1040
1128
137
311
93
-88
-200
-16
117
15
3
-129
-50
-16
213
412
-191
-785
-295
-796
-929
-903
-599
-1042
-1477
-648
-171
355
128
-367
-1020
-1678
-633
-355
-58
-380
-379
-1264
-657
273
170
-164
-805
-71
475
181
2
-36
-23
-724
-39
276
78
-153
-72
732
214
579
691
763
357
2
-374
277
69
-113
-1130
1276
1397
-479
129
674
1206
95
-598
305
123
-258
-2584
-2678
-926
-1565
-3901
-1532
-308
-421
265
331
35
-342
-721
-976
-796
-611
-2167
-1524
-977
-420
225
326
-103
-43
312
-523
-421
581
572
-369
-484
-2
41
334
155
232
32
-833
641
666
73
703
22
40
300
351
322
193
-350
-421
-513
-619
888
-223
496
211
-655
359
282
527
394
-1485
-202
69
345
1383
-282
207
-377
317
233
366
159
501
-250
-507
-727
-210
494
517
-491
695
565
790
794
1372
2384
1984
158
222
243
486
-517
-93
-534
224
644
48
495
44
-120
493
431
515
283
245
-32
62
-82
-113
138
-281
-1098
-303
91
348
718
299
-4
-3
-37
-1132
-1264
-1142
-1637
-2111
-1621
-348
-92
231
239
652
132
-627
-591
-494
43
-298
-800
-273
358
276
297
884
720
645
58
-196
115
-157
427
110
-98
318
489
1096
1813
1618
489
-111
1385
1367
929
-178
-87
352
545
1048
1605
873
-302
-792
564
354
1221
163
-33
251
601
534
-1231
1420
529
-225
-524
1187
-859
-308
-205
276
376
172
-773
-436
-140
-20
-686
-809
-796
185
-98
258
428
403
-330
206
339
1608
799
288
-675
115
562
269
354
1030
-393
-918
-358
1051
-758
183
-505
-453
1335
295
306
930
-268
-375
-174
894
-104
-1126
-408
-344
654
358
324
1193
512
-1132
-142
907
169
240
-727
-373
420
408
570
1243
466
216
-1792
-1328
-205
554
393
-182
730
-77
1002
853
1061
-116
-179
-135
758
252
38
-75
27
-134
370
601
766
-217
-1161
-547
655
148
248
211
-212
-55
348
1578
239
-528
-384
-222
-174
-161
197
1068
166
-51
351
522
601
-629
-629
-509
-50
-703
-577
620
771
-131
169
730
-447
-647
-695
-379
187
638
-129
589
714
-21
437
517
-692
-1138
-290
244
492
-1595
-1048
1417
918
120
396
437
-724
-214
-1491
-742
-394
-1680
-644
586
581
169
830
1264
437
1904
1876
-197
324
1920
1338
646
982
121
719
1560
-183
545
1659
936
40
616
555
398
1279
108
542
1271
-8
-35
108
541
-372
-438
-360
725
1281
98
369
1160
257
-604
162
426
69
-457
-743
795
1667
45
288
820
-273
461
-462
-781
-49
121
178
530
1574
40
184
942
-35
-1807
-764
-250
-617
511
-1038
651
811
59
-317
1016
781
-247
-1028
-190
-156
-1166
-38
405
778
-135
-495
-720
-912
-1017
-633
-732
-510
-628
-598
-458
-461
473
347
375
-173
-1122
-1137
-1499
-323
-182
-576
-340
45
513
274
232
-520
-978
-352
-17
533
-214
-520
-900
-226
408
213
132
259
805
325
48
-388
165
849
280
497
357
318
517
987
1673
526
84
290
-775
236
413
-169
588
388
156
-398
-979
-1711
-533
-2147
-2073
-1284
259
-285
654
424
542
-445
-1532
-963
-210
-1111
-1968
-1021
68
100
617
597
406
1801
1208
249
-246
1034
469
-1857
-405
654
492
3
221
47
136
-456
1093
-445
-282
-264
341
404
447
205
209
-659
-1236
-221
-577
-236
-1198
-286
599
636
435
301
202
-184
2254
1191
226
-509
642
431
900
-339
504
372
535
-143
-510
-53
-182
-910
-111
-222
1360
564
629
661
534
-43
425
1794
-202
427
-788
-27
1459
370
1242
1145
1010
370
229
1145
-230
-1578
-61
-479
1443
391
1000
1043
880
71
46
163
700
614
221
210
-372
-151
52
285
-377
174
1294
1700
1675
2010
1090
550
-161
-496
91
659
291
403
2133
2045
1033
1468
1754
1297
424
558
179
769
401
29
-104
104
165
161
635
846
-122
306
209
631
-104
-1611
-1945
-685
-497
-954
-740
-967
-261
290
41
417
-227
-674
-1649
-2087
-1362
-1654
-271
-1062
280
-77
66
599
-245
927
-462
-1143
-1289
-1673
-108
-1010
-586
-478
309
738
-96
-181
-103
-1004
-436
-276
-867
374
-280
117
304
826
464
250
779
345
-387
174
362
383
16
1023
305
824
558
-876
-107
346
-1290
-176
-570
-1003
-420
373
268
848
72
-965
388
54
-658
-711
362
-857
-311
-418
80
772
255
-1247
-486
1025
1208
-250
136
-5
-956
-420
56
445
539
-430
-936
586
-498
-55
-1051
-23
-1173
2
120
546
422
115
-1068
-2325
-1188
-828
-1159
138
49
-35
410
73
241
168
351
15
-208
-469
-247
518
488
70
330
-173
-358
193
-449
-295
-417
-535
-1711
-952
50
27
399
466
-265
-605
-448
548
384
-5
-883
-1742
-978
348
390
467
184
-544
-198
165
135
-30
721
-316
-854
-112
356
426
69
-652
-130
243
113
-27
497
497
-542
-45
458
369
-176
-224
-337
-498
-657
-603
1549
1606
-568
-564
513
325
445
-274
608
-973
-824
307
1624
-836
-176
356
588
493
515
-594
1808
280
-1155
1117
2130
-864
-213
115
442
679
167
-80
-409
491
351
-90
38
385
541
161
385
618
216
-408
-636
532
-1192
1406
-846
939
206
-322
442
659
108
-390
81
-262
1220
671
-65
-362
185
114
405
463
124
1444
52
2084
1728
1736
115
1001
374
502
464
563
192
578
207
-113
-285
618
-1055
335
218
904
67
-174
-470
410
-1322
-776
-920
-339
31
-497
651
408
722
369
212
76
165
211
151
303
178
44
179
67
319
-202
333
950
255
291
873
852
-151
-667
119
28
37
-345
324
780
879
668
337
278
278
-640
-430
106
128
-334
363
1189
468
827
769
55
7
-399
233
-167
168
-110
892
875
-196
107
277
-92
56
-312
-2
-108
190
-15
824
1092
-533
-229
-183
-253
76
10
350
499
44
-279
675
781
-717
-895
260
-175
-712
-819
-77
982
24
-168
493
986
1028
-203
880
1087
767
-934
-28
335
-9
-403
571
1111
416
809
522
589
326
408
-49
140
47
-355
-124
23
509
413
547
-182
-945
192
-161
-400
96
-368
-69
365
551
-44
288
-360
-1239
-534
-125
-113
163
-249
-295
551
572
476
212
0
-316
469
445
218
124
-179
-133
349
-119
-1127
-1543
-487
-800
239
254
104
428
525
269
766
316
883
548
562
1299
270
360
296
125
152
624
409
-316
-282
-399
-665
-226
-255
-328
-210
480
169
711
71
94
-292
98
-666
-640
-477
-291
257
543
255
49
293
507
565
305
-1243
-607
-34
632
96
574
580
657
654
188
-234
-559
-426
-1014
-452
514
244
582
504
1130
1279
415
-72
-172
-413
-599
-632
289
309
533
594
1998
1032
-1538
285
349
-1232
-2254
-1213
278
407
505
590
1237
89
349
2522
1853
832
682
-94
912
798
465
795
681
-229
-1337
845
2654
-1295
-892
884
996
715
424
301
265
-85
-645
33
-86
-860
-671
-523
-326
376
535
399
64
66
-16
-1065
-484
-561
130
-422
244
525
592
282
710
1250
1298
-1285
-153
-579
465
721
341
1668
561
107
503
739
535
-2572
-3007
-2327
-421
-349
1098
1131
543
254
817
729
636
30
-1000
-620
546
52
2008
1382
572
63
383
225
1185
-423
-1473
-642
555
-784
336
526
464
559
186
-284
201
432
601
747
525
448
453
-39
266
361
103
-706
-1053
-535
-377
424
334
580
183
-297
395
437
-60
-856
-1057
28
165
25
723
888
-25
-466
476
513
-120
-1006
-801
54
25
168
38
-24
203
-184
431
709
-339
-1170
-46
391
598
817
764
793
42
176
373
428
-444
-1127
524
203
181
527
281
1098
-110
129
387
273
-557
-1966
-291
-403
940
-1118
141
-167
-555
187
463
46
-369
-620
222
-1059
-96
-612
1415
-645
-528
179
400
317
-50
-414
186
25
439
162
272
-227
130
508
431
487
353
-528
-344
801
691
-336
192
574
972
-69
519
721
300
-715
-558
771
101
282
209
1266
577
303
507
747
152
-1593
-1294
-591
-280
1176
218
-500
-96
24
369
746
10
-480
-298
361
1125
1285
350
239
123
99
-7
290
-657
-397
-932
-708
-430
-201
501
164
-456
-238
490
109
189
39
514
353
542
657
787
565
386
193
359
882
178
-93
561
360
690
522
2225
1267
705
754
384
600
165
593
-92
290
-480
27
469
891
579
673
455
671
-190
-131
-889
-435
-326
-357
-444
-436
-18
549
410
574
120
-1019
-860
-1082
-1144
-741
-251
65
76
276
390
554
148
418
-482
-2958
-1041
-477
-888
-831
-456
117
389
623
-136
1272
547
-2593
-1185
-125
926
-967
-769
-133
407
499
-126
11
-144
-1234
-1328
197
-200
-1179
-531
169
449
625
182
-819
-201
-696
-207
-471
-5
-605
-136
6
414
828
-186
-1381
-275
-51
-394
-882
-1402
-642
-341
115
338
761
15
-1731
-101
-1286
-445
-1750
-641
-473
-560
-461
389
764
294
-1274
274
1412
411
338
-1517
-1742
-718
-221
334
667
113
-635
-1091
1670
850
-869
-2623
-1233
-594
54
649
1020
252
106
-526
-684
-1049
-602
-924
144
-263
111
381
981
404
621
89
219
587
138
-111
386
308
347
145
613
-103
-462
-663
-16
809
431
-568
-102
-596
57
206
344
-631
-1042
-154
303
1050
768
322
-230
-956
-296
163
337
-213
-623
-257
232
591
1238
695
479
-1479
-623
256
245
-533
-1290
-672
266
289
629
690
433
-702
-675
227
388
-769
-763
-120
-1080
-846
1357
1310
-1096
-1154
-420
245
276
-398
-179
-1125
-351
-173
1098
-240
449
147
-687
245
271
-650
-1642
-83
436
493
691
208
-55
318
-796
284
-58
-1074
-1658
-455
485
-1127
-743
564
856
208
-685
272
82
-574
-1614
221
-333
-1691
-328
-682
197
741
-353
250
129
-297
-597
401
933
482
1373
190
150
465
-660
81
187
-357
-1157
-36
-423
420
105
-633
622
784
-199
172
263
-93
-759
-761
-1260
1365
1357
1340
-283
335
-356
-42
264
105
-583
-1719
-1855
1041
1892
1137
2015
751
-194
361
234
67
-574
-776
-654
-381
-421
-518
-710
-837
-1095
268
80
140
-960
-16
261
-116
181
340
-418
-680
-499
271
41
-287
53
-495
1006
1108
1274
1049
598
-298
-167
235
-325
-54
-324
854
1541
1648
1169
990
1006
549
-551
198
-152
-150
207
782
360
132
66
223
822
615
-175
230
-20
-237
-128
29
-75
135
570
-1278
-868
172
-148
158
-297
-54
709
-107
446
1575
1922
20
-299
944
-37
94
-97
-427
1855
735
853
2385
1667
285
407
1341
366
101
-287
-290
621
191
-592
1008
69
-143
415
394
269
92
-365
-490
-148
-1078
-609
144
-218
-322
196
-159
-132
89
-84
55
-676
-690
-657
398
379
-1530
-231
225
331
200
-133
-230
1115
1429
108
-1071
-1119
20
883
578
-396
243
-105
-387
26
133
1451
-381
678
587
-431
-797
-628
-25
-875
-836
-643
-232
718
1116
1055
-184
-766
-1536
-470
800
878
514
615
676
888
743
546
877
1077
1091
631
839
450
102
720
108
-73
550
-183
200
1079
1307
912
691
-59
92
103
550
55
556
439
-381
-134
429
1116
635
-108
-568
-470
-521
724
832
972
429
-51
-28
1000
608
121
-203
-1557
-1557
-537
234
-2
-526
-207
-174
-295
615
135
-686
-1173
-482
-1850
-709
329
-409
-1091
-896
-81
657
4
-132
763
-1404
-3084
-2197
-1019
-743
-477
-454
37
717
-114
-564
-734
-680
-1583
-520
-38
-1568
-1855
-165
-368
768
120
-708
81
618
264
-842
526
1167
738
579
-390
726
3
-186
-1061
-479
-287
-868
-781
58
166
210
-215
699
-68
-164
-2562
-2365
-1502
-246
-662
-1691
-1147
-386
-815
634
41
312
-319
273
-1396
-37
-313
-1430
-323
270
-406
587
7
-52
-366
149
1449
1780
1292
1340
-351
250
-366
242
-254
97
-584
-1969
-416
1782
732
-615
-1054
-431
-425
901
1761
1179
350
362
-235
-319
16
99
-180
-340
-454
687
808
455
-285
-236
-627
-283
1485
403
-75
-3
-817
391
617
87
-84
70
1099
1852
1606
604
63
-277
-362
391
419
-441
-120
1575
799
692
335
512
577
-47
-479
470
366
-374
77
244
155
-86
-70
-486
-11
79
-569
402
160
37
202
-426
-794
-76
-407
-1179
-1695
466
-838
388
1
-215
-162
-1632
-164
-1393
-566
-15
-729
197
288
369
1
94
984
593
598
1054
1303
579
21
691
461
397
438
792
562
212
561
1452
559
219
694
95
446
450
471
480
-730
-436
-20
-73
-1299
-841
-412
212
323
629
622
583
-678
-463
254
-1183
-25
-1220
-1113
184
585
574
520
539
-236
272
-955
-1597
-2643
-596
-580
-277
560
428
153
-73
657
-226
871
-49
-50
1238
323
-798
352
245
-206
-227
339
-890
-846
-197
-467
70
-1247
-728
258
39
-558
-218
-272
-762
-63
-24
93
-29
-17
171
-375
81
388
167
444
490
973
1348
704
-355
769
437
273
-56
-129
-397
473
1226
1252
782
942
816
762
34
351
-31
-4
-70
458
1104
1069
1180
529
-318
72
3
79
-96
-20
62
1149
1139
390
145
-203
243
345
-198
-43
-7
73
454
1349
-779
-427
-32
-1504
-1524
-189
-333
-233
-40
-388
248
992
1049
-244
365
-170
-599
202
-31
-220
-71
-62
-211
1432
-998
505
-95
-492
-76
-24
226
174
-56
-124
-8
1702
1441
941
582
715
1495
736
5
-389
-79
43
-417
1117
-601
435
602
-36
-525
-530
-276
258
-15
176
-138
-1525
-773
-1007
-2114
-1278
-855
-535
-172
401
55
101
-127
993
2063
-1274
-1379
-956
-520
987
434
99
12
215
42
-355
216
-1336
-869
818
647
41
-125
-78
-254
10
-85
-659
187
1190
1249
1129
-50
571
-782
-141
-40
-615
-174
227
245
376
562
508
469
296
255
275
-4
3
175
208
64
-18
201
615
-112
-101
184
359
-248
-593
244
3
-510
-1070
254
138
-693
-653
-155
266
-224
-649
-401
43
-589
-65
-136
-193
-724
-35
687
501
-219
-605
-385
355
486
112
223
-87
-371
-6
557
570
-169
-598
-402
243
-1818
-67
704
-990
-1638
-1004
1409
834
-272
-755
233
1584
377
2035
2115
406
300
1515
758
789
-310
-537
-376
949
-933
60
1887
118
-1539
-521
1148
663
-352
-589
-53
540
-507
-394
456
286
-1150
-1254
-338
699
-364
-418
-141
190
248
282
-104
552
174
-967
-146
430
-358
-315
250
764
1312
429
1259
1146
296
205
-291
-187
-209
-326
-150
530
1439
-699
-668
-1521
244
283
-678
-323
-189
-186
-376
-134
1333
335
924
-214
-501
-417
-476
-132
-334
-1180
-1360
-644
273
-265
-2046
-1695
-834
-243
-817
-566
-127
782
154
-849
-381
-781
-1158
-1075
-529
-187
-199
-133
97
312
-1333
-1976
-1649
-831
114
-487
-1052
-1247
-930
-965
-3
-81
-1767
-1816
-724
956
1129
-34
458
-432
-1382
-1600
-94
74
-1113
-530
1277
835
797
828
1375
428
-1184
-1199
-21
299
-1143
642
1232
1545
1377
1525
864
1374
-560
-1623
-23
261
-935
1471
29
1163
1247
473
1028
300
-241
-2072
-94
125
-663
1052
169
536
-31
306
666
382
832
-1403
-255
-518
-1269
-870
-1750
-280
-476
-1526
-950
73
262
-1664
-184
-507
-1307
232
843
1363
933
847
1678
1378
471
-1375
-146
-326
-455
592
1511
189
798
866
1221
1044
-81
-993
79
-65
-575
347
1134
-422
-463
-57
621
806
205
-743
147
24
-483
-72
-408
-917
-238
-529
39
10
343
-795
-64
-95
-544
390
926
-184
-314
470
1667
1410
-359
-1171
149
732
-134
144
1422
1593
1851
2033
2082
1555
-536
-1088
-369
97
-258
-369
-456
-165
-193
-482
302
244
102
-507
188
572
1
-174
-468
-348
1007
-230
333
1358
586
-353
67
-104
-705
-711
35
134
416
82
628
146
784
-342
82
394
-385
-583
-309
-480
-634
-365
70
504
-10
-106
92
334
-979
-635
-628
-133
451
519
-325
485
664
-151
-8
240
-1109
-668
-1283
-203
828
47
-934
-205
889
-247
4
133
-994
136
-1543
-159
1854
485
-1909
-100
872
-258
55
-53
-968
-933
-123
32
1340
384
-20
-214
300
-593
98
-124
-783
-1151
215
32
-672
36
661
-117
202
-582
155
91
-371
-1143
553
-461
-1171
-198
730
450
1069
187
105
43
-150
377
1674
-885
1112
-860
865
2359
700
-552
18
48
-433
-650
-91
305
-125
-797
701
309
664
-306
54
-65
-38
-1038
-933
-316
825
-94
-378
223
1100
-751
77
-249
-121
-518
-1318
-237
-697
-258
893
156
823
-846
260
-14
891
514
63
-30
7
163
55
397
217
397
170
-143
1019
215
404
-148
-962
16
562
650
147
-176
43
404
-166
190
-105
115
-248
-313
-319
112
338
185
109
218
316
-158
-179
-583
-646
-515
-350
-446
67
299
82
381
98
384
534
-110
-482
456
692
85
737
315
7
248
-30
971
2412
381
-377
968
1364
1497
401
256
71
293
-155
136
1464
127
195
384
1275
63
516
195
197
299
-466
292
-484
-73
104
-311
-467
324
784
619
136
544
-452
-467
-866
-186
701
-854
-1592
165
743
845
269
387
545
-373
-545
790
-330
273
-776
-470
-23
433
279
362
340
-759
-1211
749
159
835
-761
-964
546
1401
175
236
132
-1033
-821
2075
-964
864
578
-163
299
1023
88
276
889
295
-1353
-145
-658
-470
-16
339
703
972
-54
5
596
238
-1766
-1473
-846
-794
-1287
-1118
544
393
-757
-696
-1258
-1337
-552
-347
-119
-189
-397
-297
-591
-354
197
-681
-786
-462
755
-3
88
608
852
207
-667
-364
249
-510
-354
-144
-639
1204
397
596
1593
1363
171
-281
246
-691
-993
-892
-108
102
275
-59
-177
674
32
-820
247
-548
-687
311
306
-522
-661
-186
185
-94
-718
-702
285
-423
-500
-301
1019
641
-1474
-713
-16
1356
-1372
-513
208
-665
211
-700
931
1954
-612
768
809
1576
201
-534
243
-355
195
703
3171
1315
-1192
527
3844
1625
-257
-251
50
-721
818
1061
1746
193
656
1366
1971
779
-69
-292
86
-414
-11
-105
-1511
-906
-107
220
-175
-531
-660
1
182
-331
-414
-246
-2325
1332
576
865
954
-915
-537
-317
295
-290
145
1109
-163
100
898
513
-341
512
-436
-130
303
-359
120
675
336
1853
955
1239
86
-309
-278
-135
268
-509
-30
686
-299
479
425
-1507
-2106
-2380
-775
-211
-497
-132
-346
-21
-213
-725
-847
-636
-912
-537
-398
-208
214
932
544
22
252
-204
-616
110
-664
-469
-350
246
340
1233
430
540
-768
-296
622
-337
-211
177
432
130
243
935
732
-215
-185
-485
-612
-49
277
1264
790
985
275
1163
1124
1139
304
-375
-363
2
8
1040
1317
596
309
1171
1891
2253
225
399
-338
-542
109
577
809
382
350
1126
2219
614
-811
647
849
-1459
-537
-860
1660
1502
229
763
1704
1574
-2757
-53
2389
-963
-2089
1693
2316
1525
183
598
936
1498
-200
490
859
509
141
862
1332
1284
139
463
711
840
-1036
-667
180
-185
-486
-414
444
606
314
679
842
934
-923
-1443
-2927
47
-1095
58
712
1432
400
654
815
965
3
-433
-1790
-379
435
-39
1311
1366
452
998
878
1547
1757
-306
-1767
-1044
1640
950
1772
2336
421
517
646
801
1214
805
336
1213
-189
-61
875
1836
-254
-423
136
143
-30
-211
-289
-564
-297
-50
-87
319
-198
-127
854
99
-495
-929
-952
-952
-1558
-1063
-892
-109
-207
-107
-33
151
-463
-263
-391
-787
-1194
-1231
-420
-139
-217
156
572
485
-27
-708
-662
-768
-242
-552
-572
272
-114
-29
478
-264
-1319
-256
-659
-1114
-720
-884
-761
212
-46
179
231
-296
343
1164
770
124
-364
-30
-333
-114
-115
209
163
1687
714
2331
287
1495
1621
1806
383
128
-190
172
10
301
-1987
830
618
-1247
-1478
518
-639
-316
-217
229
347
-488
-629
16
-849
-1048
-848
176
-295
199
-186
135
-73
-456
579
338
-896
-265
886
590
-67
271
-176
6
-79
731
674
223
-306
837
945
484
188
355
-72
13
-231
488
746
-188
-705
140
921
-31
-121
200
-102
172
50
-39
798
296
153
868
1205
389
109
443
-387
-274
-351
-481
-767
-882
-637
92
-107
556
-75
-158
581
418
41
72
368
639
1025
1313
655
415
626
642
-348
-593
-78
423
951
579
1545
1569
2141
1371
990
841
-294
10
1083
540
428
763
450
763
2391
2557
1419
543
-340
455
931
208
-124
-224
143
392
-68
1323
1094
1422
-327
144
928
-455
-747
-885
-640
-114
-453
-179
598
1319
-266
-96
567
-3302
154
-868
-2280
-1006
-1165
-540
1185
1515
-271
-147
398
-2308
-135
-661
-1389
-787
89
-1152
-373
866
-232
255
1041
1050
1037
670
-648
1487
808
1120
-277
916
-278
209
1046
613
579
-555
-218
1213
1021
315
-957
775
-276
343
372
-614
-2188
-1528
-444
-261
-10
-1011
-885
576
-410
310
750
-989
-2104
-1011
187
-2271
-831
-963
-906
663
-373
274
533
-13
20
40
1027
954
-379
-153
-1569
502
-339
370
559
-654
-906
811
317
277
-781
-2101
-2137
533
26
397
738
211
-657
-1131
-131
-1430
-2283
-2775
-1079
1087
1108
1081
492
347
1104
764
237
290
597
871
1091
1088
400
359
-63
297
248
175
114
-259
-1045
-571
472
530
517
284
-441
129
392
423
-76
-559
-700
-897
-988
-208
510
364
234
735
755
-31
-466
-124
144
-527
-789
102
478
341
210
770
324
419
158
-57
-464
-620
-134
-76
445
284
714
-1089
-1220
-435
239
-1405
-1572
-2094
22
-450
480
454
434
-447
-933
-478
-221
-1426
-132
-1059
46
-121
440
-29
523
63
-2322
-548
1462
-1025
-2428
-445
311
229
506
153
-80
593
-875
60
1259
-85
-965
174
225
162
636
382
337
1024
-75
-213
-835
-1039
-438
336
565
26
690
483
-499
256
495
-1415
-2570
-623
-1447
26
745
420
716
700
-210
63
-1432
-2055
-1143
-1793
-1026
-15
122
836
473
565
-168
-110
-396
-790
-762
-109
787
1239
-109
565
485
691
-8
-50
-376
-880
-1028
-717
56
-810
-122
411
205
35
-2
-109
-253
-308
109
732
4
-503
-445
-952
-175
-223
194
-385
614
214
873
556
399
161
481
-11
-144
-63
512
-44
-768
-577
-993
-635
523
29
-52
-110
-188
163
593
-69
-1362
-549
-235
485
825
431
627
491
-136
107
163
-379
-1051
-473
174
514
-617
-350
1299
435
-143
0
814
837
1645
1725
751
1316
1371
2583
1123
684
-58
9
836
-1764
-1708
-2206
868
-1282
-2294
-2438
1446
1546
-101
31
567
602
-821
-139
452
-709
-1022
628
436
1299
-57
-93
588
-7
-284
-168
-365
-376
-275
-551
10
928
5
24
70
-824
227
851
39
1516
1370
-88
739
210
-99
-86
40
793
1867
-1461
-185
-2366
853
2101
306
-310
6
15
-76
361
48
367
807
793
2062
1373
192
-405
-29
-134
-164
-199
-550
-2118
-2492
-1398
-1032
835
409
-72
50
-132
-502
-384
-838
-957
-323
-823
450
-643
931
88
-78
42
130
155
-384
-717
-1108
-870
-574
-245
-163
-470
-115
-305
506
273
-694
-1130
-143
-992
-788
-816
-366
-145
-45
-101
136
-243
-962
-581
-992
-1384
-908
-1736
-1336
-350
-86
125
581
201
-344
-755
-825
-640
-50
-653
-586
164
46
120
433
674
442
8
61
-101
-23
-10
-46
-50
-14
93
801
1292
3392
322
488
1884
1180
1062
143
-81
-11
237
659
559
-2034
-1477
-523
-380
-1319
-890
-338
601
-100
31
282
1209
1416
557
835
1306
180
977
33
596
-66
-46
409
235
708
0
194
180
-747
-409
556
463
-18
-57
202
768
526
1374
919
256
276
62
821
26
32
-249
-155
178
365
1422
919
-484
-353
-178
36
781
87
-197
10
-375
846
1164
-243
884
329
12
65
775
115
-67
-10
88
-526
-1433
-2293
-1548
608
1028
946
679
-21
209
224
-79
-279
353
207
596
1461
539
914
435
239
126
757
255
-49
-489
-822
-422
-357
362
361
230
181
19
716
-344
-592
-1218
-1660
-1842
-1099
-30
-123
68
171
-5
-703
-685
-500
-125
-246
14
-1125
-708
-244
-557
238
-48
125
-487
282
908
1063
1283
414
-570
-676
-71
127
-121
252
-342
-228
-119
89
417
-1
-86
324
-299
243
-120
249
-308
49
-239
-858
5
-576
399
-455
-571
205
-275
-499
-365
1706
298
-1320
552
1618
609
-118
-467
157
88
-136
-902
-1745
-1212
-1274
-380
-1878
290
-810
-363
209
4
-129
-584
-824
-699
301
-46
-45
290
145
-158
206
-76
-92
-493
-328
715
-669
993
168
627
665
577
132
-219
109
-921
80
-1386
-391
-1137
639
-34
955
659
206
-191
49
527
-93
396
2
-132
-140
376
824
432
240
12
-232
225
-302
-263
-914
-1477
-423
-150
554
57
127
-130
-90
-84
348
-2
866
-121
862
-128
634
70
819
1222
635
951
582
343
72
188
240
268
670
902
363
661
467
811
730
427
114
386
-408
-96
496
900
435
644
623
1019
1411
570
-199
-394
155
9
546
988
523
687
1088
1534
491
-291
-107
77
-425
-429
483
648
570
595
1186
197
-746
-814
-1032
-864
-374
-536
-62
572
593
670
881
-194
-336
-1148
-963
95
-979
-1816
-689
671
501
710
517
-1172
264
420
-894
-9
-1401
-347
5
617
481
427
1298
389
521
1129
52
98
1663
510
228
187
476
613
949
-31
43
758
-5
-659
475
171
112
319
471
706
732
100
-533
-1601
-1145
-796
-1458
-624
-61
390
464
769
536
-12
-2387
-1259
-1935
-1633
-620
-1858
-109
988
402
644
663
709
2
-1384
-852
-938
-999
-540
290
913
466
594
679
543
-989
-1573
-12
-1397
-469
-868
481
762
572
1000
1086
1053
615
-948
262
373
-791
-184
404
922
427
397
26
-128
-242
-116
277
137
-129
212
-295
-406
-501
-537
169
122
244
536
1257
1633
1040
609
-151
-691
-379
-405
-247
5
1181
1403
388
741
915
951
-196
-204
-346
-244
-688
-216
-179
-101
-22
312
-222
-83
-839
-492
-451
-402
-1089
-1447
-1039
-513
-62
-158
-234
-724
-466
87
-500
-665
-1372
-2035
-1155
-917
-211
-811
-1327
-1760
-68
-488
-387
-420
-1401
174
227
92
1425
911
296
-705
-518
-898
-284
-419
-800
1256
1888
1427
1115
2245
1818
1011
205
-512
-264
-178
-838
-1226
-424
-648
-752
-600
334
-234
-699
-316
-295
-316
-837
-1671
-351
-623
-1592
-1220
-133
158
-264
-801
-348
-476
-1072
-1273
-7
850
1087
265
-403
-115
-48
-173
-493
-450
-768
-845
760
-704
-147
-1251
-439
393
-393
-20
-570
-504
-681
-1113
-81
906
1370
484
-452
-721
-418
151
-141
194
48
160
-2022
54
1107
344
-417
-784
154
359
328
555
-141
-861
-448
17
375
-213
-217
-584
-938
-681
151
-77
-1314
-1235
201
1384
1461
-218
-85
-637
-1248
-848
102
169
-367
-287
714
1454
1390
1109
864
369
-562
-359
222
266
31
1152
2047
1315
1041
661
680
680
-127
-929
345
306
526
2248
1412
958
698
446
-304
41
164
-688
223
27
499
477
-259
-1060
283
-989
-341
-1031
-493
-506
143
-32
-15
-1541
-1217
-428
-1183
-660
-287
-733
190
375
175
66
-219
523
-36
818
-366
-502
1713
1162
585
440
172
-3
-281
787
374
5
415
61
282
520
602
25
230
-157
-203
911
471
-840
-1583
-157
-519
177
81
-358
222
1
-223
873
831
-239
1268
-192
-477
-55
19
-677
181
110
129
-57
-1652
-204
-674
92
-994
-1367
269
-565
79
-96
-43
221
421
908
1710
2161
-835
175
48
-683
-244
-455
-586
-447
-74
-1142
-792
-1540
-926
-2012
-888
-1145
78
-420
-639
-136
249
84
171
168
48
-316
-394
-281
-4
168
485
1070
355
649
88
1052
1157
-229
252
3
30
97
895
1198
604
279
-630
-191
561
116
105
-428
2
111
682
1343
-123
-507
-761
-1132
-326
482
720
-363
7
337
573
185
-616
-723
-496
-1224
-1526
-657
495
587
-42
195
540
909
697
125
-334
-601
-703
447
897
1130
-3
303
741
572
-1393
-259
-1221
-1398
-1643
-650
-439
1542
74
120
134
847
322
-500
-514
1479
-590
-1349
-691
1048
169
352
154
630
24
160
-355
649
-362
-1237
-222
1293
232
504
806
534
274
352
-61
421
78
-530
177
546
250
508
720
1029
304
-310
-1750
-1799
-248
18
-355
695
120
387
577
593
-209
512
-322
-597
-1312
-459
-81
1103
124
206
539
986
877
-111
-1953
-1927
-1743
184
705
1141
148
709
1085
1170
1442
176
-1640
-1061
328
-402
1061
1251
653
522
1142
689
325
448
1188
875
224
156
112
260
-211
236
1199
718
1931
2857
3462
2563
1726
1507
410
676
-282
-171
347
487
2350
1678
299
509
1313
2107
1712
1155
-207
-58
173
264
169
-647
-653
-763
-777
-513
647
660
-241
-101
231
138
-871
-1264
-1237
-1389
-1312
-424
464
539
-193
-87
282
-268
667
1099
-738
440
672
-193
322
858
-171
-110
-269
-86
730
1508
-1084
1060
1211
1338
-460
942
-176
-212
-295
-339
633
-131
-1300
412
1109
423
-65
723
-246
-35
-382
-1270
230
-134
-1382
-108
197
-437
-339
1074
-199
-244
-354
-1083
-941
-76
-242
-981
-643
-775
-367
600
-286
-272
-248
-253
-1164
-683
-96
-1
-2652
-1384
128
1229
-351
-256
54
499
523
-2302
-2913
-1803
-698
-1242
406
1031
-303
-429
108
-344
-566
-600
-140
1115
597
-1173
473
890
-88
-611
-196
-321
-500
-92
75
-614
-187
-390
-71
190
470
868
616
-336
-529
23
-57
-339
-96
-139
-83
68
198
164
-510
-664
-1487
-1068
-262
-1291
-1555
-752
-762
-148
369
376
-348
-1469
-1144
-506
156
-430
-706
-1348
-949
-650
416
475
390
-484
368
943
1088
1235
969
61
-692
-490
488
718
267
-426
896
1058
1383
997
654
868
288
-257
464
693
-111
-721
-1356
-240
1818
-533
-1694
36
-196
-848
401
1041
-55
-1049
-404
-997
442
-1014
-2789
433
167
244
415
581
-120
-240
381
1455
-192
-1010
1893
-502
796
435
336
525
-155
149
21
838
710
-238
299
594
1389
106
466
707
344
714
1875
-618
202
-617
558
1243
863
-164
508
711
-5
-674
-1265
-523
-1590
-926
-125
116
258
468
466
505
473
178
-1336
-387
-43
105
-168
-72
453
197
537
647
1030
352
-211
-1374
613
120
-352
1030
1441
336
364
1168
996
-88
-999
-390
113
356
-789
96
467
-94
85
223
247
486
607
272
89
494
492
443
428
102
-139
365
-578
-158
30
-370
-437
153
525
743
488
139
-144
400
368
-59
-443
-1389
-850
85
714
1023
607
143
-146
44
-118
-817
-742
-287
76
411
451
556
1059
560
-176
78
-307
-673
-252
-447
-166
435
687
601
614
287
-142
93
87
-428
-2197
-1955
544
-87
-685
-1271
387
434
-99
232
352
1655
-705
-885
968
2033
-457
-80
466
-20
-97
136
310
1818
-645
-1368
-134
1654
-861
-815
700
190
-96
351
712
420
12
-462
-268
-296
184
-128
614
67
-128
219
101
446
682
-673
-704
-1256
223
619
483
175
-175
96
-423
104
745
-162
-435
-1047
144
32
600
185
-196
101
-39
293
828
-366
205
-219
-729
70
-9
-24
-267
2
-215
-350
911
-39
-402
748
197
-164
-113
-199
-328
-513
-381
-235
-652
-954
-438
-603
-290
-170
171
-24
-173
-172
-12
185
246
325
364
268
55
32
258
-195
119
504
866
161
195
-368
-507
-760
-108
352
333
411
303
411
987
709
-942
-1586
-1168
-1282
-624
-457
125
228
240
326
608
592
-919
-681
-674
229
425
-199
653
1053
267
450
871
166
-100
-98
598
432
-225
-7
840
1114
317
596
925
1001
1315
550
439
1393
1176
120
-59
1297
364
573
1577
288
-745
-1059
-168
-377
-493
-1227
241
1903
313
439
1166
-675
-1730
-1290
1810
-457
-2114
-1036
131
1559
318
258
410
286
-1329
-311
-219
-534
-1002
-483
511
1112
264
347
213
862
992
342
1007
552
1386
963
954
539
260
432
359
951
142
-1736
-1761
-1729
-401
970
360
1248
310
557
309
-126
-559
-850
-2055
-141
-1391
-203
1008
1508
400
650
482
613
536
-436
-1156
-2141
-384
908
2008
1885
100
219
60
78
583
641
-514
590
1695
477
1806
1421
454
884
974
-12
444
632
263
-153
408
660
635
775
242
81
-293
-473
-71
-28
935
-764
-994
-791
152
481
340
229
-876
-491
3
635
187
-189
-123
-1208
-920
153
333
291
-261
-651
246
484
247
148
431
313
-972
-67
301
299
-624
-150
1017
909
647
677
966
710
-652
-255
300
283
-618
-1572
-832
233
471
-1128
-1202
505
150
-699
282
93
-1050
-1769
-3288
-622
-534
-3558
-1484
415
137
-732
252
83
-1007
-216
354
1353
24
-553
791
785
805
-550
204
-514
-646
-49
119
-17
562
4
-66
-66
440
-923
188
-1
-246
-92
-613
334
495
29
679
559
133
-185
187
44
-588
-884
-335
-934
-1304
257
424
529
9
-334
233
219
-560
-144
-269
-279
-864
-258
270
1056
361
-1567
253
325
-78
-641
68
-653
-1321
-698
-306
310
-119
-910
367
547
-173
-672
843
1649
1479
1366
361
-28
-944
-989
-537
-63
-848
-1214
-296
-86
-210
-608
-469
-261
-426
-246
-182
286
-1037
-473
86
755
65
-311
558
169
164
-207
-180
298
-89
-405
-288
338
1566
1343
609
717
578
-283
-213
-133
-712
-1228
-647
393
343
-111
741
562
204
133
-194
119
-933
-2088
-418
-70
-320
166
-44
118
-284
-107
-192
-109
-1702
-1127
3588
2208
-501
1471
2770
4261
19
-204
-123
-39
-650
-1210
35
785
-1814
-1952
171
1974
920
247
-74
-228
-788
-690
-633
-862
-1443
-849
-209
524
427
383
31
110
-718
551
1416
-273
-224
1035
1985
757
25
-386
-81
123
325
-1163
-805
-148
1134
1481
1530
-339
-719
-462
-207
187
-33
-1227
-580
-1187
1813
-185
425
284
-1208
-662
-233
107
148
-1082
-1962
2366
4503
3351
394
-1385
-1109
-820
-141
-18
-159
-138
-207
340
3056
815
-1573
-752
-707
-317
-417
680
253
109
-194
669
-149
-716
-731
-405
-318
-240
52
542
236
-446
-707
-704
-445
-242
-699
-521
-790
-761
160
345
-768
-895
-862
-749
133
798
-553
-545
-785
-804
-99
66
-277
-709
-221
481
983
981
966
257
-467
-461
-71
-104
-129
-364
529
966
917
1049
1405
1171
118
-795
-59
7
65
-168
-156
108
67
357
426
671
542
-162
-85
-46
-1
111
-1514
-454
273
-579
-1156
82
218
-407
-97
-294
251
-15
-987
-502
658
-77
-392
287
444
-26
-138
-212
200
1871
-421
441
1139
598
172
181
861
294
-99
-285
728
1202
296
509
992
464
1088
850
558
315
-128
-313
294
74
35
-57
81
32
817
786
-49
200
-106
-143
-174
-420
-1047
-247
-907
-94
379
184
102
8
-79
-136
199
223
731
-563
526
281
-414
-97
107
-329
-186
-310
-28
689
1368
1110
1443
816
186
156
-140
-363
-284
-672
-383
344
195
287
-346
-85
-591
-1084
-617
-449
-87
527
408
-136
15
-452
-728
-208
-166
-210
-78
115
486
549
-124
-47
-799
-1593
-779
-989
-785
223
596
280
506
399
668
140
-974
-831
-813
-158
-1161
-1371
-483
335
526
21
80
851
-253
-6
32
272
-582
-1182
-54
741
431
170
542
883
118
-800
-784
-279
-86
-1030
-1040
107
555
369
775
1857
472
-49
222
652
1035
-642
-893
-3
567
304
1306
3062
123
-2456
-836
758
435
-1388
-434
253
423
170
409
1502
-122
-1474
-842
713
-362
-395
-132
719
462
71
446
-189
-571
-349
-341
-661
-130
-416
-667
102
413
39
451
608
433
1149
-273
-214
-390
-335
-341
-210
467
172
291
1189
1447
-110
-910
-430
-1358
-662
-119
-456
584
264
346
1290
1751
1475
302
520
469
-378
-609
101
676
363
185
598
232
630
53
90
-734
-880
-616
643
708
-58
-135
457
792
441
1403
219
-560
-446
605
7
-383
-386
-150
149
434
157
58
-81
579
431
227
-52
-232
-351
-326
-59
712
703
154
-525
262
85
22
-126
-123
-737
-408
1566
644
436
390
354
79
-38
624
797
-87
-630
-542
1110
137
116
275
373
202
174
214
153
-139
-589
-509
325
-581
-446
-192
385
-491
367
335
-31
-183
-711
-356
37
-1257
-746
-531
-853
-638
-211
-271
235
-128
-813
-503
394
2284
1181
-9
1573
2035
820
717
189
-66
-905
-7
-496
-927
-859
688
-315
-455
367
179
-61
2
-517
-308
178
1373
1205
-530
125
1098
959
239
-162
-73
-544
-1064
232
1784
-1132
-462
-361
565
655
116
-477
-181
-539
-845
92
498
-2654
649
-319
-2244
626
-589
-160
-253
-586
-904
-1189
-620
-174
-413
-855
-484
-1138
201
-152
-217
-711
-1167
-611
-360
874
200
807
1160
-68
630
-78
-109
-273
-385
-447
-1547
67
780
1697
1841
234
872
292
-335
189
19
-439
-423
-72
114
73
84
-240
-597
-993
475
74
263
108
-251
-651
-922
22
695
347
-274
-636
336
-210
-631
-542
-672
132
810
488
-524
-152
158
-86
327
-165
-679
-707
-294
-533
-689
-618
-141
-575
-236
-711
284
-272
-996
-951
176
-251
-514
467
1110
225
-32
-294
260
-356
-931
-325
-237
-1496
-211
797
-106
14
5
-718
274
-394
-1213
-310
-248
-1368
271
1214
-148
-2555
-410
-151
360
75
-913
136
91
-498
33
38
-456
-1506
-297
-257
265
-228
-989
-606
-849
-794
823
-861
-1162
-381
-233
-604
287
-172
-521
-1186
-2239
-135
1669
-832
-1717
-186
419
223
382
-119
-299
-513
919
1212
1552
60
-258
307
902
-243
351
-228
-333
-287
308
2644
3029
1718
119
-28
196
-393
360
-60
-321
-728
-683
1254
2234
354
-1619
38
123
8
117
-464
-363
-362
-451
-497
-745
-911
428
110
94
-385
144
55
40
-228
-344
-35
-135
-169
-32
-91
-3
81
-383
-125
-228
-243
816
1045
905
-111
-841
-911
-157
295
-210
-93
80
448
887
318
-268
117
-708
-299
-184
556
-212
-331
89
429
-528
69
143
-234
-720
-910
-301
485
-310
-48
1116
-611
-398
-514
-473
-680
-1329
-1031
-1031
-96
-136
-24
1300
371
1085
-267
-304
-432
-3
-649
-750
32
-104
121
1254
504
1661
-725
-163
-281
1
-111
-458
-323
-145
154
1188
674
-16
-1555
-933
-224
-813
-1761
-420
206
-234
242
926
628
236
-595
872
116
228
-715
402
451
-208
144
785
861
118
570
1127
875
-829
-218
194
834
-178
43
876
590
1029
-653
-55
-784
-1262
-481
384
1217
-40
56
790
257
-496
-925
-6
-622
-137
-916
499
938
-10
-104
587
811
-573
-2055
-1599
-572
-2090
406
835
817
50
68
1198
1104
1059
-425
-1222
-1307
600
1576
1257
1243
178
-359
-443
130
199
26
57
333
8
651
568
843
1054
150
381
-46
-985
-2129
-2012
-26
-1194
365
374
1048
1048
898
743
-565
-1276
-2151
-564
-693
-703
-1025
-834
249
1067
670
585
-330
-390
-547
-472
-517
276
175
172
697
1165
826
582
-258
-263
1016
966
997
-456
321
709
853
1149
627
669
-1688
-764
-247
-204
-1967
-488
-211
442
764
1099
659
1123
-501
-195
912
-1097
-867
-261
-291
311
1205
1067
320
762
-541
-2941
-1833
-1264
-1558
-2335
-1802
585
905
1028
647
793
44
-1628
-1459
-210
-288
-1028
-888
585
581
1028
691
1054
538
-1409
-1010
-1293
-286
77
250
191
132
1124
820
861
1194
-1052
-851
-2586
-1474
1145
345
86
-195
1141
844
941
912
-990
-1779
-512
-1560
-612
299
-277
254
1116
837
645
1545
954
-1588
-905
-2088
-936
840
-315
614
943
636
300
1098
509
-1726
-2366
-2404
-1130
-1894
362
255
-363
-190
-281
308
-238
112
469
437
77
-169
-232
-335
-1014
-1358
-94
-29
371
481
1173
494
-125
-87
-434
-507
-900
-1138
-172
406
1052
1424
279
168
1424
1616
464
97
-885
-617
50
-38
-369
-234
25
375
-127
295
627
229
-896
-895
-499
-369
-801
-823
-540
-211
-35
-730
-76
66
-915
-1035
-773
-319
1606
276
-1172
940
2810
-263
-806
796
-870
-812
-1071
153
1672
-378
100
1045
1415
-507
-913
162
-886
-666
-633
-964
1927
470
-1222
1047
1361
-517
-703
-170
-852
-776
-366
-484
608
-166
-1340
170
1125
-61
-862
-351
-853
-668
31
-69
-614
-457
1426
-393
-703
-630
-1018
-788
-862
-789
68
-357
-886
-17
1234
393
-1483
-1560
-1094
-189
-916
-890
-92
-208
345
1585
2957
1116
-328
-442
-1062
-537
-865
-884
-363
-357
-807
73
1619
272
-448
-965
-1340
-567
-651
-244
454
427
-357
838
2508
1638
-457
-527
-428
27
-301
-635
603
886
283
96
-3
-336
-273
592
416
486
-181
-14
1402
-88
4
-308
-1154
-354
33
98
-84
510
159
259
-356
-572
-1088
-938
-870
-531
-560
36
12
-338
129
361
119
-1517
-1202
-679
-625
-241
-149
40
-569
-53
99
189
151
-980
-124
-139
-71
254
37
-148
-379
-114
158
215
72
-24
-381
-782
391
568
-771
-578
-831
-427
231
363
-59
-408
510
26
115
472
-575
-223
-1945
-729
190
538
-336
-2641
-1089
-1245
-613
-398
-1012
-2591
-1767
-637
192
232
-676
-1530
-599
-330
-1055
-676
-806
-1241
-625
-159
96
129
125
202
1169
578
276
-837
268
90
29
-54
69
149
188
1129
-939
538
-1994
-1225
-423
-86
-391
579
120
145
-161
-431
-881
80
1340
250
-1679
-1327
-411
609
226
323
247
196
-200
-541
-284
-1971
-1093
373
139
374
278
275
-134
-412
465
-428
-1462
221
674
1133
218
201
-299
-942
-1290
-504
-222
-7
295
452
-433
-594
-704
-513
-571
-90
-35
453
1153
1906
1315
2327
1487
1075
80
104
-703
145
649
603
1619
300
-113
0
463
1153
466
-51
-659
26
516
1164
707
-115
-1027
-65
-41
628
777
456
-651
-106
1020
2306
666
-240
-54
323
-637
-216
751
184
-741
-317
709
-137
-1054
112
-711
-1103
-418
-1241
45
824
-801
-216
201
729
1048
1894
2070
862
1068
-461
-362
517
-831
-370
377
2025
1775
652
2138
2096
2067
893
-277
370
-759
-129
627
1349
1026
392
-182
1822
539
-185
-774
177
-721
-335
86
581
357
-457
-721
-793
0
-295
-191
-653
-729
-387
-134
635
246
488
-1170
-86
-2181
116
-500
-902
-761
-268
-144
27
160
113
-625
-409
769
-1357
-486
175
-758
-453
-486
153
2064
-1117
-69
-301
-19
160
-167
-15
-472
-499
-344
-140
957
1677
229
367
132
-697
302
-126
-295
375
157
-295
-427
-289
-345
-239
-83
-45
-303
-22
80
-10
-412
-412
-802
-1760
-1465
-1021
170
20
-122
154
111
-144
78
165
-1130
-458
-342
316
701
246
493
170
151
-121
-388
-184
-887
-123
352
507
236
637
13
515
11
-23
-384
-1301
-640
234
685
523
74
551
356
260
84
14
-334
-117
-423
-1154
1090
-87
-1688
-1194
488
433
119
-64
98
207
-732
-563
1394
-817
-619
-1502
1048
517
151
-7
-58
1948
1500
-255
659
1053
1053
-1005
1013
804
130
-311
-62
973
852
246
1531
641
1339
1054
1165
178
135
-134
-94
1280
241
-444
-1341
234
-42
725
412
160
129
-71
120
-27
57
-989
297
-314
-1275
154
979
-143
187
60
105
-274
380
-126
-468
-104
-1198
526
1208
-385
162
-4
248
-379
437
2295
1165
145
98
978
880
404
-396
53
664
64
-1020
263
641
858
-870
-189
-135
-103
593
630
911
149
-606
-533
-391
-609
-770
170
-134
-80
391
670
44
-552
-634
-1144
-1071
416
-1919
-1081
-1149
-223
718
797
-730
-206
157
-201
597
42
162
-64
-777
-98
719
757
-32
190
837
1121
817
802
199
461
-218
-644
678
722
-333
-95
-104
104
612
-52
-1251
-494
230
-689
752
607
-250
793
64
-228
436
2
-214
-703
-402
-315
802
772
70
714
2040
1052
349
1678
1248
-245
-579
-26
740
381
-47
1027
-1006
-991
1197
1558
-2259
-1302
447
-161
768
551
-24
682
-342
1160
344
291
-772
106
652
71
721
744
245
-604
660
117
-1282
-827
-232
122
984
199
689
855
285
-315
732
-689
-2346
-1700
-1712
-229
463
753
608
754
487
-351
731
231
42
-1075
-698
-499
644
79
744
724
625
394
913
-1780
-1764
-1714
127
258
395
626
299
-34
88
206
-1537
-649
-885
-1348
236
-141
745
1
194
923
766
387
111
-143
-105
-72
-169
-100
-106
-3
-95
576
1173
377
545
452
554
203
927
504
106
-28
0
89
-91
213
-428
-658
-814
-892
-256
534
129
-129
-27
340
-1
-465
-870
-710
-288
-180
-276
-826
-130
-491
-13
25
-306
-558
-371
145
26
678
368
-50
17
-364
43
94
-68
154
555
1664
1150
1594
-2
681
482
-403
124
184
-41
72
-11
355
1192
2105
-863
-1455
-112
-609
56
41
-162
-358
-968
-964
453
791
-1824
-1099
-789
-811
30
-36
-524
-1280
-1110
-917
-997
-1252
-1270
-1118
-802
-320
43
245
-340
-717
1097
-691
-712
-249
1037
601
207
331
33
-28
-14
994
1728
312
1690
-1430
392
1061
262
302
62
-53
-212
-294
480
-535
-591
-160
-224
-530
279
332
13
174
-49
-220
-46
-1675
-539
-1938
-1398
94
403
-103
291
570
-32
56
193
-466
-629
-183
1164
72
360
-171
177
-175
-53
369
197
-54
-305
-223
-102
-92
143
-176
35
-223
107
268
391
-237
-209
191
-1050
-152
-455
-341
-92
-589
-642
358
836
455
-151
-33
-448
-483
-187
83
-52
-420
-260
677
-145
-185
-552
-232
-315
-573
-665
-107
-115
-731
-625
-314
-1332
-865
-636
-1344
-1048
-1388
-314
39
-180
-626
44
964
-1842
-1936
-70
456
336
-2270
-765
59
-189
-539
-91
540
-363
-838
1096
1408
-464
-1757
235
129
-196
-467
-116
1213
1783
244
387
1899
-374
438
-642
-36
-57
-239
229
208
1006
881
462
141
105
226
-536
100
-26
-66
36
294
580
149
-756
105
-1818
-696
295
209
-115
-14
-471
-224
2020
531
2006
685
-1147
-562
789
-177
-60
66
-547
-185
2041
613
568
-834
394
394
-351
-192
-74
-2
-922
-715
-456
2158
444
637
2294
150
-667
-79
17
-380
-976
-224
-685
-658
756
286
1005
1243
206
273
251
-183
-189
27
853
891
955
852
658
621
756
852
-68
71
81
554
961
1103
435
504
648
840
1039
1216
-18
81
207
454
265
-763
-401
-573
-1494
-93
404
562
-17
78
-269
133
-739
-1130
-1378
-1373
-1499
-1239
-816
456
-79
-8
58
-522
-797
-580
-445
-910
-1101
-825
-565
454
-59
-287
94
-978
559
748
509
848
-65
-493
-214
74
-53
-73
471
259
-2257
-831
193
-1474
-1651
-1154
-147
-197
19
164
835
-569
1092
539
-471
149
1056
-1560
-395
95
108
316
420
-610
-1941
-1294
-814
-1412
-1873
-1508
-841
-117
141
355
22
498
-669
-830
-235
-1570
89
-358
312
-220
139
404
-248
764
913
-1224
-707
-787
-118
627
-184
-1026
130
378
351
260
-341
-1851
-858
-804
-885
455
-428
-243
25
355
-92
-408
232
-1012
311
-246
-659
-35
-409
75
-133
450
-15
-398
593
-712
-1770
-1548
458
-202
-228
233
297
-86
346
228
440
598
889
956
930
877
719
573
514
302
44
387
355
-315
18
496
1262
813
415
407
665
604
54
329
-1234
-609
-620
-380
-462
278
478
-130
690
472
160
-573
-1394
-355
-72
69
-108
-318
428
32
711
412
-250
-1271
-1176
-497
-120
-309
313
479
398
229
688
407
-521
108
-1986
-2888
35
-631
-1844
-2723
-540
401
656
684
-261
392
-101
-2173
-319
874
-1073
-3115
-1418
352
669
531
-820
97
-823
-991
-1669
-582
-726
-1891
-403
622
740
650
-203
-705
-1314
-829
23
-538
-1833
-1394
300
553
787
700
160
139
719
98
-18
155
-886
278
500
86
776
778
83
-450
-321
-132
-880
-1864
780
-621
435
-918
689
600
452
142
658
-1064
-1552
-1376
-2884
0
-70
-1198
723
630
45
294
-572
-367
-1899
-2568
-2012
-135
73
-585
422
235
-116
-595
1266
-388
-1318
-638
725
1373
240
-437
7
-35
67
-281
185
170
160
220
106
157
347
757
-530
-319
125
14
-134
628
1050
733
565
342
121
543
-678
-661
-509
349
476
254
33
-1002
-214
-400
-170
375
-671
-417
-251
821
334
-516
-1050
-406
99
-259
-151
618
-528
-561
187
1370
-116
-87
396
-356
-613
-119
-35
235
-588
-288
1003
-415
-417
-482
524
-411
-653
-1233
-346
478
-611
18
104
-483
-708
-868
-684
-843
-123
-1511
-1997
560
-704
-557
-35
-1139
-97
-519
294
-600
25
-2226
-996
-5
-744
-464
-213
618
757
2451
-146
478
374
275
397
399
-634
-395
-431
1658
1928
657
-400
-1283
641
766
747
-407
-510
-311
-745
1491
215
-1002
-821
-1517
-2161
359
-563
657
-484
-326
-647
23
-1010
614
1586
1231
-1699
-575
-3
637
-550
-110
-393
-319
-396
-1323
295
-1021
428
748
1339
924
-212
152
-178
-137
515
-140
-1319
1024
1835
279
1563
208
-237
244
303
561
423
-58
-297
-321
4
-309
7
209
-85
135
859
962
-435
-702
-1241
-1395
-312
-674
5
-95
125
481
948
745
-635
-1569
-1086
-906
-1328
-923
104
571
174
257
601
309
-412
-667
-726
-825
-705
-589
-388
-77
116
227
573
-5
-3
-230
-129
-354
-22
248
-365
311
52
275
657
2221
-258
692
412
551
837
104
76
295
62
427
1199
1153
-322
1249
884
-598
353
-241
815
268
95
399
1062
721
346
-101
83
320
-230
304
170
175
144
350
785
291
-391
33
711
143
-393
-583
31
92
164
271
396
285
1419
628
362
1235
-479
-457
-201
133
237
291
652
688
1798
-448
389
687
584
-190
9
936
169
138
760
-327
71
-35
-1058
183
850
-196
455
1147
135
91
416
329
790
525
-98
-543
249
360
1165
580
298
682
850
874
1117
421
-150
496
371
1886
1189
793
-42
-621
-446
332
-135
-49
-204
-411
-54
726
504
355
310
441
150
112
-215
-265
-33
-499
-815
28
-95
99
283
230
-414
256
796
726
246
238
-148
-647
-464
-420
217
205
159
178
-150
720
583
688
129
273
-399
-607
126
124
-249
-116
460
68
494
1495
1387
690
514
-473
166
158
-112
1031
1763
-699
400
2456
2101
504
541
-437
162
-18
89
1950
884
-2035
1377
2368
-867
-277
-247
-1
220
80
-125
546
-336
-387
717
956
-187
-1361
363
152
290
-191
-314
-26
213
585
618
-60
221
11
363
82
230
-69
-316
-858
-120
6
1003
-1055
-956
375
706
190
162
3
-85
-1677
-638
207
37
517
-1269
78
720
553
97
-73
-209
-229
1159
197
-36
-751
14
496
425
-35
151
152
-214
-425
-1274
-786
-670
-55
5
-122
88
-243
142
84
-160
-429
-1810
-12
1360
765
498
633
176
-508
-229
-576
-109
614
966
155
-96
-92
125
165
217
355
-303
-71
684
651
214
35
-899
816
22
-141
131
418
-184
78
350
196
-89
-1292
-1215
-441
417
117
276
-596
-241
-37
454
-56
-1112
-798
-1087
-737
425
668
711
-180
-286
36
272
-368
-1050
-366
1
-88
-94
-188
1246
822
-324
-104
267
-1060
1632
-167
-812
1003
1531
-1534
2
507
-308
-14
78
604
1742
-1144
-898
2279
1711
35
-835
877
-339
-460
-36
277
792
-1292
1717
919
318
-2583
-502
492
-331
70
52
1282
-237
-930
768
1593
-458
-933
88
949
-292
-54
590
1070
124
-137
437
-218
622
315
225
406
-241
-186
361
-499
-1290
1490
-109
-75
-1454
-714
-528
-41
-170
62
0
-813
-2307
-1421
-2013
-1554
-2171
-977
-118
741
-334
-38
-31
181
1990
983
-1602
215
-593
1492
-136
529
43
125
694
1050
1310
1451
-278
198
1243
-1011
47
742
265
641
627
52
-267
-285
-515
-777
-526
-146
16
69
220
85
-16
206
-520
-606
-1258
-1024
-376
-22
61
334
307
225
-384
-450
-481
-589
-316
-280
-314
60
-109
88
299
-74
121
-541
-729
-98
-34
15
-442
-781
-226
-50
231
38
578
-627
177
-467
-99
186
-116
-524
-669
-547
366
41
313
-479
695
-168
-291
158
941
-23
-733
-381
371
-125
-257
644
2659
-577
591
1601
2032
-600
-1464
-930
359
227
-430
-169
555
-769
439
-489
1013
-1462
-1041
-821
280
96
-149
-621
-1498
-194
-155
-716
-481
-932
-808
-452
299
147
-152
-586
597
1422
1285
31
620
-241
-118
-359
306
201
-93
167
1261
211
604
-418
1363
68
-825
44
380
337
-477
196
-118
-96
469
493
-563
312
-417
121
327
227
-230
-53
745
-197
-301
-72
-1295
-635
-573
-82
408
446
70
488
896
1505
697
-75
1790
975
402
-193
6
-256
-912
-913
-452
-390
-784
-1134
-715
-209
-207
-104
376
94
-425
-59
-1028
-1674
-1216
-1222
-792
-345
-330
-362
450
126
-128
-1380
-1791
-1411
-1174
-519
451
191
-593
209
383
-119
-763
-1488
-828
-803
-786
-506
-412
485
-467
-312
357
-190
-1241
-887
-608
154
892
-540
-1506
-308
-6
-224
390
-28
-368
979
1115
1032
1236
-56
-16
1217
609
-586
436
31
472
1247
1945
840
1276
382
-57
2181
-234
-877
451
-49
405
1268
-818
-693
1316
-604
-303
287
224
-472
314
-81
-89
434
-689
-1136
-294
583
-1208
-1237
-47
73
337
138
-67
631
536
-396
-409
428
714
-475
118
-287
428
379
-62
589
-880
2232
297
-84
828
650
-536
-298
464
289
21
726
591
1019
1102
504
1582
85
-100
-221
495
316
-75
563
1479
197
-15
-102
613
408
484
-12
686
107
80
808
218
1432
-260
-679
-164
-1352
97
-165
-148
-726
-343
-43
-165
-298
-247
-213
-213
24
62
66
301
-318
-67
46
-406
-272
-566
-366
-178
-216
117
414
212
187
-293
-72
8
-298
-42
-171
-587
-404
-972
476
252
160
0
-275
-395
-127
11
-217
-533
-614
-795
43
264
-68
-263
-184
-187
181
-85
-32
-404
252
-210
-255
325
89
-269
-252
-1686
-445
-118
-1092
-1056
-459
30
-586
383
130
-436
397
1056
1088
350
571
997
665
719
-211
382
188
-451
-412
-894
-556
675
-359
-1743
1021
155
-382
325
-28
-525
-924
-563
-1040
-414
-1065
-815
398
110
-371
287
-14
-485
-700
-118
704
-40
910
-555
19
67
-36
221
-22
-506
-302
855
1638
787
1422
875
190
557
-991
199
183
-149
-191
-661
565
-209
602
1601
292
265
-405
212
187
-30
118
-232
1398
-388
792
1860
280
-338
163
455
346
165
571
-1261
-1104
-82
107
147
-328
-209
224
-603
45
274
13
-716
-384
-260
393
-153
-80
-301
-528
-768
-712
-13
-1
359
1044
1883
1934
1636
828
231
-81
-726
-572
-490
-368
-481
522
-140
-37
1194
1334
486
-45
-822
-709
-477
-919
-1943
-983
-320
457
-54
140
666
115
-812
-582
-173
-1639
-1863
-1173
-647
-408
-312
-318
711
-610
-709
-601
239
1719
1613
95
403
1811
2518
1432
430
-592
-651
-501
185
459
1299
34
-585
832
691
367
-151
-511
-655
-215
-33
982
769
712
1356
1890
1656
-155
-167
209
-748
-428
257
-267
-529
343
2
-815
241
-72
-81
427
-787
-652
-486
-299
747
1793
1429
1684
651
-141
107
-97
-736
-821
-254
880
1509
519
-1
-1319
1158
722
-222
340
-558
-841
-343
-557
331
350
442
1494
512
466
498
83
-571
-751
-671
32
296
-1018
-784
-429
-233
126
878
-62
-955
-1399
-971
-657
1264
-333
-888
896
687
1287
1248
-725
-204
-543
-304
-377
-968
-1128
-1053
-583
-752
-598
-411
-363
463
98
-458
-295
-616
290
634
289
159
-1011
-644
-266
489
13
-382
-300
54
525
536
703
89
26
-577
-727
338
-28
-98
-37
278
-177
297
391
970
1150
401
-636
368
-11
-285
23
163
55
191
716
873
1437
876
-301
349
20
-96
-478
-341
1235
-483
-531
1435
964
1167
-103
359
87
-136
-2242
-2127
-1755
-402
-3064
-2767
-1544
778
102
319
-118
-207
-28
1228
2300
1634
673
1393
1588
1453
86
454
-128
-415
57
-507
861
927
-239
68
1042
1180
186
476
-30
337
620
95
-119
1833
-195
169
872
929
217
562
25
-14
-65
1075
-3454
-703
-584
-1478
686
480
287
552
32
-130
228
-490
-1148
-2906
-900
2036
565
1256
424
470
198
-122
664
144
-589
-1115
786
334
475
790
180
178
-193
84
447
-305
-494
-994
653
1066
646
-20
-203
-270
-1151
-433
97
-138
-235
-710
-722
-1
108
271
-227
-140
-458
598
-72
-257
-189
-208
-566
-724
-1102
-212
111
-94
-745
-734
-310
538
-95
-543
-880
-1861
-2306
-1137
-137
-165
-354
-46
906
978
-233
-683
365
273
-808
-1436
36
-132
-499
670
1267
70
-111
295
596
-268
-361
-372
-305
-161
-584
820
276
-405
-221
-13
-193
19
-508
-842
-665
-165
-723
324
1688
1055
1666
440
1574
1695
183
642
-189
-156
-818
183
499
27
535
1354
-662
-54
1314
-382
-500
-96
-707
-121
184
-706
967
982
-408
-761
463
-123
-798
-82
-662
-464
549
1133
1075
598
-35
756
419
227
7
-68
-654
-280
148
1869
133
1015
709
547
301
483
703
-103
-585
-390
396
942
-1392
-569
-919
201
757
-13
438
-191
-679
-519
493
406
69
-698
450
2019
829
306
311
-354
-425
-343
126
-71
1
489
1444
2202
1758
612
466
-730
-497
-1029
-431
-437
-515
-397
-209
-549
-753
-822
-749
-657
-92
-852
-88
145
361
545
770
651
-444
-394
119
-472
192
117
221
194
-181
-798
-1055
-234
-722
-478
-192
-459
219
-10
415
266
-769
-1377
-1161
-747
-55
-622
-240
-457
219
462
1241
452
-171
-105
-601
-1143
-466
719
-77
-483
12
434
4005
2120
422
1207
2304
1685
926
496
330
-443
209
410
2225
1262
102
428
2187
462
-229
-249
570
-461
-5
111
2720
1900
873
1252
1398
2944
619
202
429
-481
106
-61
1393
428
135
297
308
-588
-984
438
-135
-513
-151
17
2005
1106
558
2149
1187
-56
-567
-62
-99
-500
-114
-96
1197
463
948
1011
-839
-668
-436
-178
-257
-610
-16
101
110
1711
1304
740
2372
-877
-1254
-375
-59
-568
-110
-122
390
1152
399
-472
-518
-28
521
452
242
-750
-603
-375
-333
190
754
-855
53
-427
1176
-102
85
66
-224
-725
-20
33
-14
-527
-106
103
-283
-165
220
-88
-514
-644
-71
-352
-987
-223
247
-919
-1250
-140
-130
-77
-631
212
-57
601
266
-499
-595
-157
-129
-544
-141
-76
-369
-825
171
-675
-199
-247
-216
-921
-385
-450
59
15
-584
-668
-1297
-1373
-231
866
-833
-807
-1709
-1714
-629
-86
-470
-706
-733
-3352
-353
672
-1564
-1077
-2431
-928
-151
-52
-543
-426
-6
-2906
-2094
-701
-2332
-1868
-1036
-1382
-826
-1
-164
-734
595
1989
575
-77
-694
1908
734
-1476
-1140
33
-585
219
464
290
1222
-1555
685
870
-153
-1408
-405
125
-3
252
318
2152
-1272
-942
-323
1182
180
-541
-482
220
-194
528
1182
2079
685
1826
1903
660
364
-917
-826
250
-257
-428
294
1595
-606
-1027
-662
2519
108
-602
-955
102
-190
-550
319
2488
-353
-914
-123
946
359
109
-847
141
-435
-517
981
722
1769
1113
199
-49
-552
-931
-693
877
420
544
758
547
59
-404
-488
93
126
539
1028
523
334
145
-370
-551
-1721
-2264
-1473
-1482
-1143
-160
616
698
464
-610
-1035
-712
-565
-1005
-439
780
-378
151
192
539
494
86
-663
786
-399
-585
-92
887
700
-685
252
599
312
-56
777
1145
237
294
373
1602
1518
-22
11
695
467
845
394
1835
2063
752
1522
2078
2008
-409
-836
780
484
-134
-1181
879
-887
-2138
895
434
-20
-876
-476
651
466
176
-1532
-1185
-1870
-2976
-996
-526
-1689
-1278
-911
531
97
-689
-811
-55
-191
-804
50
54
393
134
-1061
617
425
103
-90
-508
-1213
-301
417
-348
914
104
192
655
498
265
237
-2047
998
-1645
-523
-321
44
28
1391
612
510
-36
605
-1535
637
-469
682
496
-553
511
238
733
506
605
350
-398
640
-956
529
-702
-40
841
933
677
264
728
745
280
1016
2117
1479
-445
167
299
378
58
179
-228
-217
-156
-467
-936
-708
-355
-278
-139
-339
-230
-287
-298
-113
-1450
-1725
-921
-992
-967
-789
-165
-541
-374
-451
-241
-749
-539
-192
-1343
-1588
-768
-1102
-1035
-802
-542
-18
3
-183
-196
-619
-941
17
467
-867
-269
-37
-509
-197
-433
200
-179
-314
-53
69
145
-282
-112
-142
-520
-160
-31
366
-1047
-1874
611
-726
-534
-686
-745
-284
-393
113
-320
272
771
-1168
419
1297
434
335
-405
263
-443
-102
-702
-1081
-901
-1023
-610
-643
-928
-1031
-852
304
-404
-386
-230
-1426
-864
-148
-576
-1055
-419
-552
-131
14
-352
-237
-333
-389
1057
597
516
-446
127
1067
-47
-72
-273
-364
-746
-154
764
1207
633
434
896
811
-112
-73
-268
-356
-230
-101
557
770
602
175
1088
489
389
110
-359
-269
-355
135
-612
510
886
883
705
459
1356
187
-550
-695
-802
-89
-203
-105
1102
1039
268
754
1231
-244
47
-574
156
670
627
837
870
508
486
433
498
362
34
-192
941
1102
1174
1195
613
-44
-644
283
255
694
-99
-41
916
1208
636
118
-342
-183
-849
-715
271
1039
-130
166
946
715
-411
-157
53
-426
-774
-1479
44
811
-105
107
1284
243
-535
-422
-589
-328
-426
-972
-115
976
-76
199
1023
-763
-438
-565
-835
-390
321
-678
-747
1268
-55
52
560
41
1331
-886
-696
185
705
-839
-1147
1131
9
392
608
-544
1184
-733
-1041
570
586
-955
-843
1042
-65
264
355
-158
1027
-57
473
249
76
-419
-502
348
-143
196
-60
-963
-348
618
13
-463
-1275
-898
-643
690
-207
94
609
-1428
27
374
-538
186
-1607
-1279
-541
839
-162
123
725
-606
-66
-631
-164
-302
-386
-1271
-346
738
-127
148
840
-485
-570
-1072
-311
-104
-884
-541
92
677
415
681
1206
127
-1440
-1942
-594
-642
-166
438
1087
1020
472
435
357
50
78
202
-228
-82
613
657
385
221
744
-111
164
616
-1199
-1540
-1014
-728
-445
17
416
195
626
-98
-646
-489
-985
-873
-319
-234
-998
-2029
-1464
-8
580
-103
-350
-781
-932
-144
386
316
196
-861
-1548
-674
559
-82
-471
-877
-500
-122
438
269
1061
487
-543
-382
500
-21
-570
-1568
-2057
-151
598
-317
-1335
-54
479
-813
511
-34
-255
828
-183
-2412
-1626
801
-1484
-158
-164
-626
525
37
-351
55
1436
810
165
1421
789
-510
-80
-770
563
183
-18
-349
-1694
535
462
-679
-1397
-314
354
-650
569
258
-554
463
434
76
115
-30
354
1219
988
412
667
162
-635
-1008
-337
1722
539
516
-236
335
595
-46
730
288
-361
-112
-398
1554
1563
1156
489
1463
-10
-304
582
193
-477
-106
-347
370
347
-370
642
1989
508
-388
76
-961
-1300
-1046
-1466
-1007
-1507
-86
1378
788
-140
-647
-277
417
173
380
1007
875
672
928
784
874
663
781
-334
-396
1397
841
-339
-565
-1226
-21
1116
1342
874
935
-236
96
756
-145
-701
-1673
-958
-480
-846
-114
46
107
-125
311
700
217
-877
-862
-458
-355
-424
-1260
-217
418
-90
127
960
312
-406
-184
-397
553
-621
-511
357
986
-198
-276
799
-786
-878
-1303
517
218
-1772
-1365
-418
584
-145
173
530
-1548
-1751
-1008
-651
-692
-783
-1809
-510
767
-91
-35
769
-575
-144
-2116
-1115
1187
42
-1483
-143
1074
-120
28
269
-1994
-1948
-1721
387
-1071
-1613
-1601
-783
232
-68
53
343
-619
-153
1366
-510
775
-1066
-991
365
17
-193
-160
-412
1136
2426
-10
-1930
-2206
858
200
459
228
-121
-64
-56
-898
-442
-213
-423
-530
-622
-1297
-638
1146
-193
-121
-305
-84
60
-156
1320
-1282
-1900
156
-60
914
112
852
-60
347
484
-2124
-1608
-1667
483
-802
1081
899
483
648
708
233
118
-374
-533
-496
-130
-352
-68
145
102
471
154
-646
-350
-546
-1326
-2170
-770
-394
-11
-28
185
122
-382
-1166
-1111
-1367
-555
-788
-1585
-1271
-48
-101
181
92
-51
-1302
-842
19
198
286
384
-790
-417
55
105
128
110
-1000
169
60
-163
115
1325
511
-463
88
161
229
543
766
1418
886
707
1904
2887
1002
-1291
-420
187
267
525
1637
1075
334
751
1001
838
257
-206
-736
171
303
342
438
210
345
464
-854
13
413
-97
-524
205
334
22
-57
-465
-859
139
-937
-601
149
227
-870
231
187
268
294
1015
-713
1814
54
590
757
33
8
217
71
321
296
117
-2187
1717
-454
42
53
-201
328
272
52
282
-42
-870
806
-53
729
-30
298
243
261
208
80
257
-375
-625
-1624
-232
-1084
-1156
-372
111
-315
244
210
640
117
620
-316
-245
-41
-473
199
-295
-66
-226
-274
187
546
565
300
388
132
341
558
367
237
552
556
669
495
785
379
155
166
983
1786
446
509
743
744
527
771
-355
-321
-436
367
448
1014
1109
1073
779
767
485
-344
-1150
-645
-372
-541
-840
-465
446
814
707
776
676
-367
-687
-1288
-1199
-847
277
-619
223
673
801
814
163
792
192
-1187
-1483
-622
885
-905
-142
697
804
887
830
1358
1836
-1101
-1609
800
673
-1520
-1476
192
807
1385
457
1252
-89
-21
577
729
9
364
-252
618
757
1055
142
121
210
-1083
63
-583
95
-489
-180
465
693
987
529
-393
-299
-158
-315
-367
-1125
-186
81
501
779
1074
1445
-476
-286
-1179
-137
-799
-1559
-899
-287
443
735
893
1150
-686
-1515
221
-1754
-481
-156
-715
-65
1074
797
1080
1400
-73
-1457
-80
-395
750
-745
-734
-579
1034
564
453
1241
572
-814
-1533
-1411
-1020
-1057
103
563
441
-597
-1089
-759
-493
235
-45
365
913
159
-334
165
-281
-631
-419
-86
858
1146
1143
1024
1760
1487
1002
764
69
-591
-219
457
855
958
369
-69
-341
237
698
697
262
-609
-178
248
941
289
-143
-561
-994
-171
317
1027
400
-617
-46
325
474
242
-636
-617
-378
-241
431
644
287
-583
-133
91
660
315
-687
-777
151
835
151
829
743
-621
74
298
-378
1162
-64
12
1237
1218
-758
-145
671
-583
-161
454
2026
1270
488
1458
1550
771
912
573
642
-628
101
887
809
-296
205
372
179
-257
-525
1
927
-669
-53
-59
-372
-647
603
1705
18
-1036
-656
-219
-210
-665
20
-166
-972
383
-1013
687
-463
-173
-568
-593
80
-695
-169
-193
-323
553
683
-97
396
371
-705
-579
531
-648
-112
64
-432
18
336
124
262
-771
-702
-244
85
-184
233
249
407
371
943
-579
-1031
481
-418
564
1162
-303
-370
10
1
721
395
-11
29
613
436
723
817
93
-275
170
266
-473
-320
-893
-1086
-160
548
1104
1159
-29
-43
205
-404
-1366
-1905
-1611
-1848
-2074
-1298
-26
488
-72
63
-31
-1126
-1768
-1458
-1482
-1643
-1377
-1674
0
1002
-76
17
264
-1448
-1283
-824
-1041
-1169
-1380
-1416
-88
583
-41
19
249
-703
242
186
-659
76
484
289
301
5
-55
255
660
1072
1191
965
-495
439
508
2073
-762
281
-27
357
721
299
-994
902
-265
-1657
-655
10
-449
310
-95
224
-132
-963
-2587
-1894
-618
-1685
-2424
-1965
-844
-111
-97
234
463
-702
-1978
-1632
476
-456
-659
-821
-66
242
-62
78
659
698
-627
442
1130
509
-1112
311
-422
93
131
-88
563
781
37
1028
1371
1327
1401
-667
-1259
-201
27
276
396
396
112
-780
875
-74
-568
-625
-1205
47
-41
-295
-32
-18
253
-941
-1596
-2186
-1306
-959
-147
-33
200
448
407
138
-118
-475
-659
-267
-330
-610
-272
-103
-300
-73
-792
-54
-341
-432
-260
264
-200
-366
-126
-168
-248
-252
186
-14
19
16
314
1109
884
864
724
70
-243
-420
170
177
-17
70
335
350
203
699
1107
-123
-254
-175
660
-175
-186
-671
-232
-698
199
698
415
-46
-187
-7
625
1556
2274
3026
362
1877
2629
2185
1072
265
-227
-224
453
14
1422
390
1028
373
1740
-17
184
555
-298
-95
499
351
235
-1625
346
115
-504
-1457
375
822
-278
-13
711
732
1104
733
712
1343
1608
166
85
717
-286
-90
147
470
1000
270
1352
488
1158
32
-138
534
-110
220
535
143
-871
-2041
-333
-791
-1246
15
-27
499
-148
89
620
441
387
-198
314
89
242
-17
236
352
-100
-217
578
-75
383
-304
855
727
-871
-61
54
-20
-468
-536
308
-346
212
855
379
483
-48
1303
-421
47
311
465
15
-33
276
411
619
286
214
12
-245
-347
-76
-492
137
502
508
1097
1314
84
656
752
14
-137
78
-448
170
348
1375
1861
769
141
1352
1587
288
440
141
111
-79
624
487
468
294
486
-127
237
36
196
178
-184
-23
264
-283
-57
-14
-422
-628
-776
-475
10
94
-308
-45
-2660
-1841
-833
-1677
-2044
-2369
-1461
-806
26
69
-170
-644
-2715
-269
408
-1405
-1209
332
-452
-1261
-308
54
-108
103
-1415
-827
439
-12
-1472
-984
109
-787
-418
103
41
107
-220
49
169
-1901
-332
1269
285
-1060
-261
142
8
-391
-40
483
-1622
-1868
-1183
1692
300
-201
-926
167
-280
-307
-298
-654
-3054
-1242
-1766
-417
376
-1234
-952
152
-295
-185
-361
-1868
-1546
-838
-429
-1611
-934
-1238
-208
56
-521
-176
-132
-1061
-209
231
-196
-507
-910
-902
-5
-5
-773
5
124
-1145
571
317
-684
-1090
-2463
-764
-84
-662
-1316
-890
48
191
235
424
524
111
-145
211
49
-231
-58
-579
291
706
873
848
1490
1656
534
325
212
-192
-412
-118
271
522
770
562
883
1079
601
18
-197
-237
-676
-68
410
439
612
406
306
56
750
-178
-252
-179
-367
-306
-68
653
206
221
71
241
-85
-349
-421
-66
-251
-941
683
-299
80
482
376
81
-669
-306
-473
-97
-229
-877
-423
-1074
-788
-19
-766
-1398
-297
685
-302
-143
-330
-482
57
1377
391
-547
488
2633
912
-119
-269
-153
-487
-609
419
1764
288
-567
575
1710
813
-327
-274
-251
-685
-700
-375
1086
-469
-645
40
326
115
-366
-353
-227
-517
-651
-203
-566
390
-1234
39
109
469
65
-498
-283
-530
-761
-518
-410
-139
-590
-869
416
-137
290
-135
-70
-118
-668
-1167
-116
1465
499
1507
1005
118
633
-444
296
538
-191
-621
-311
1866
1589
1643
513
1541
742
-389
-236
-268
549
949
517
690
933
823
680
724
861
355
-165
-379
608
873
334
606
508
-6
-540
361
435
385
-264
-312
207
763
933
294
72
-109
-894
-850
-178
266
-293
-224
560
804
236
149
80
42
-39
-924
-571
75
-331
-313
723
889
608
-121
-47
498
734
-137
-610
12
-302
-279
818
1062
654
-948
376
1415
1258
-1155
-1524
-80
-263
-210
411
-186
567
-1783
105
1501
-533
-2017
-1609
581
-202
99
716
-140
97
-293
-1362
1102
714
-1529
-932
404
-254
-51
650
-454
-125
979
78
-582
-20
305
-413
-366
-316
-154
-234
-430
638
700
748
-1377
-1789
233
-125
-143
-337
-266
-541
-1162
1022
-527
-1022
-1041
-2892
-987
-4
602
-343
-374
-156
-929
457
775
967
393
-305
-447
-26
992
-313
-197
-136
-714
-1317
-1394
-66
935
276
-44
-128
780
-315
-303
-42
-439
-2240
-800
170
772
1318
899
566
581
564
5
-401
-273
-285
163
314
263
-65
-433
-346
-534
588
-243
-519
341
1568
1650
1947
-70
-713
-1014
-390
-110
577
239
417
1061
1304
1163
-124
-447
-455
-423
-633
100
434
67
226
1216
774
229
-58
-177
-511
-941
-188
20
386
-16
490
1527
302
33
-456
-370
-279
-759
-591
-47
446
228
1181
351
-1429
-2245
-1168
-1751
-457
-2013
-881
-26
545
305
1161
429
975
-629
-1229
-738
589
-1822
-1089
-63
482
232
812
724
480
876
-310
-998
149
636
-449
175
463
-284
791
1312
1160
595
1232
694
278
61
-206
-290
418
-33
191
952
-777
428
-630
27
-1927
-838
-507
12
357
102
-18
292
886
-1016
879
1249
-1554
-1040
-79
-1025
466
385
340
888
-1516
-441
-180
-853
-71
-283
34
-596
480
336
380
812
-627
-424
-887
955
506
548
-331
-325
562
127
531
313
143
-1216
-385
-677
-704
-346
190
45
-369
111
382
178
-743
-651
-325
38
-376
-439
-964
-912
97
469
630
-359
-518
120
483
798
500
424
-360
-573
16
351
204
-715
-484
177
503
691
566
829
231
-12
86
91
-123
-1030
-473
463
582
967
129
994
1069
-385
35
138
69
361
370
12
78
1156
961
1562
1984
-201
11
154
891
1107
-321
902
26
424
-969
2043
2530
285
-26
-86
1006
909
-811
1247
1886
1476
-431
1342
1892
907
-71
378
702
1008
1719
2235
2252
1843
915
1043
2054
1343
-150
-366
490
844
160
546
1856
256
253
10
1009
570
-153
-242
-99
150
-1123
976
1877
507
128
-193
911
743
-177
-336
141
-703
-509
-94
-1286
356
674
508
1163
522
-40
-298
324
1485
1620
445
130
-1073
1082
1763
1391
693
-55
-407
-74
733
-149
-622
65
-131
935
159
823
486
35
-548
-351
-113
106
-41
518
476
-222
698
365
-154
528
222
-170
500
701
577
899
818
564
456
405
251
414
716
843
953
815
382
-742
807
677
571
623
216
130
294
1122
992
51
147
563
536
454
648
362
233
136
475
750
552
425
336
252
195
170
1073
849
697
147
354
1074
148
-1002
-335
-266
-570
-461
345
910
628
33
65
864
-265
-2542
-2751
-748
-2415
-2426
-1101
684
1188
-29
-191
-159
-2372
-2256
-1934
-996
-1870
-1499
-1426
306
1200
13
271
593
-1204
156
-272
-183
-708
132
-326
330
1158
88
418
387
845
658
287
679
1101
-26
497
465
1069
159
291
-76
32
-625
-859
-1043
-500
-918
-222
44
286
113
471
147
-1117
-2512
-302
-1459
-1060
-92
-246
308
-458
-32
352
209
-704
-1138
-612
955
-79
-1450
292
259
320
-190
31
-244
-405
-1013
372
-83
-1063
-356
426
-74
-143
-66
-166
-233
-527
-165
-1085
-497
-379
-496
-291
-365
638
-401
-686
-159
-403
-277
-592
-456
231
-17
-24
-54
-272
-461
-196
205
-608
-287
-524
-105
1743
1808
1335
408
148
-445
-168
-434
-527
-648
-313
-284
294
1411
1640
308
55
-563
-533
-354
-892
-1092
-1082
-488
91
479
1113
547
551
-545
-488
-251
-1881
-1703
-624
-258
123
-567
195
96
-264
-478
-435
-179
-1443
-1205
-544
-1114
-859
423
584
-36
-452
-424
-198
-260
96
1318
746
-606
1325
2087
1055
475
-384
-404
-232
181
1260
1626
861
1005
1836
1708
2156
49
-136
-487
-156
251
-259
-218
768
212
-40
393
1158
357
233
-549
-210
-177
-761
-755
323
-167
-287
-448
143
568
379
-588
-299
-217
-330
602
1181
449
1521
935
603
233
69
-449
-289
-89
-1489
-23
456
-204
927
1786
495
10
8
-377
-276
-352
-762
520
1124
291
1599
2416
1089
-71
-153
-517
-375
-189
-437
-393
-1597
-160
872
1752
252
965
-90
-231
206
663
691
-160
-666
-554
-507
-233
-29
-327
-418
-237
295
76
-432
-519
-1038
-434
-61
-652
214
-141
-615
-461
-279
-759
-603
-508
-149
852
428
-222
-414
-53
-248
-463
-349
-432
-348
151
-123
276
477
285
-94
-650
-510
-438
-204
-551
314
187
-40
-321
141
696
653
-449
-619
-431
-319
-743
1052
-2180
-647
1098
1095
-1690
-83
-104
-808
-414
-431
-1106
1962
325
276
2169
2120
270
1111
921
-837
-426
-278
-1192
1326
-711
-1678
-189
183
-670
-842
412
-1114
-449
-313
-1028
-975
641
255
77
-542
1049
763
65
-1301
-499
-289
-494
-1031
-18
0
838
-1023
404
251
-83
-591
-465
-279
-527
46
-364
1392
-457
213
782
958
-12
-84
-507
-350
-784
-197
2118
870
614
360
-159
1057
-204
-577
-497
-358
-585
-594
-155
1081
1050
29
711
-320
-153
-584
-439
84
-22
-182
10
802
2142
2256
758
2570
217
-461
-190
-387
-117
12
443
688
806
498
502
469
700
146
-140
-437
470
976
1571
1903
1963
423
677
934
985
649
89
-54
241
1014
1301
1296
318
-297
-552
-583
-107
665
60
-204
-140
573
237
-138
-172
-366
-879
-1180
-943
352
38
-301
-4
308
384
-222
-376
-250
406
-388
-1667
-226
37
-231
-112
795
1468
797
-579
1645
2597
705
-1048
-540
63
-212
223
-965
-1829
-805
-1260
-2200
-1069
-1625
-1311
-809
175
101
551
393
854
1920
-321
881
1091
1673
-769
-636
150
73
182
-283
-660
20
-445
-409
-761
-164
-1131
-428
28
-10
-204
-323
-162
-377
515
461
-753
-750
-546
-47
-76
-175
-66
738
957
-1091
-287
377
-363
-222
-695
652
-160
-303
-357
-5
39
-296
-538
-47
79
386
-341
729
28
-57
-153
-415
-1989
-1363
-1279
-1060
-125
-1070
-395
331
-124
-158
-417
-691
-172
-358
-243
392
635
1526
640
544
375
44
540
-312
-294
-763
-1611
-1951
-741
194
105
543
459
-45
-522
-1464
-2633
-3489
-3818
-3823
-2796
-2298
-1264
-286
588
-185
-1913
-2113
-2959
-2567
-1503
-1804
-2502
-2482
-2106
-1215
551
-87
-1117
-1505
-306
289
88
407
-284
-544
-1562
-890
487
4
-794
141
1501
1189
1494
880
501
977
-571
-1278
520
9
-879
645
2018
1846
1943
777
390
1236
96
-1394
485
-29
-1418
-599
-1511
92
1779
-515
-1497
-61
238
-1490
478
-49
-1911
-2506
-4118
-2090
26
-2282
-4791
-2089
7
-1187
532
-350
-1854
-655
-1571
-793
-75
167
-1951
-659
578
-1147
571
-213
-622
1798
1949
885
1042
1169
2213
1201
945
-369
679
67
-487
925
844
196
-236
-714
508
2093
648
-212
629
75
-585
152
-394
193
-293
-539
248
706
941
-1070
547
170
-380
-8
1375
204
-549
-1224
278
1466
1303
-1220
351
276
-180
-940
1571
2773
-9
653
1497
1745
-95
-1589
195
-443
-149
-165
-281
-526
-270
-243
41
-390
-536
-609
301
141
146
-268
-229
-6
-712
-14
11
640
-272
-123
-127
-278
-315
460
495
11
191
-297
-978
-852
-674
-381
-119
18
172
949
-151
-1023
-956
-1406
-418
-954
-579
-403
-2
-25
463
801
-1315
-962
-605
-820
-963
-61
41
-121
-94
-164
1148
467
-706
133
-1112
-1926
-929
1116
321
74
-217
-102
655
2290
2332
2296
512
1626
2293
2785
136
904
-253
-137
940
32
2037
2093
832
1215
1711
1294
-120
795
-330
-8
503
106
-1592
579
902
49
-798
126
-168
636
-237
120
-377
-311
-737
1760
289
1478
59
-637
-92
277
-50
60
-230
903
899
817
1322
305
1795
677
-194
284
165
111
-205
246
-644
1869
-255
591
572
-32
-334
-82
-106
-266
27
540
713
237
835
251
-247
1282
376
718
608
554
587
706
1386
-1165
-1982
-1304
1677
-67
2134
929
