-0.328544
0.220965
-0.511934
-0.109087
-0.574902
0.906239
-0.183004
0.109585
0.759822
-0.654362
0.004401
-0.932626
-0.212945
-0.624973
0.252082
-0.747932
0.000203
-1.135772
0.042708
-0.458650
0.033565
0.272118
-0.271565
-0.567324
-0.299209
-1.256588
0.093554
0.784169
-0.157591
0.319579
-1.061039
0.207738
-0.000333
-0.475265
0.182059
-1.493977
-0.332422
-1.012314
-1.054685
0.396788
-0.411340
-0.770096
-0.300324
-0.295690
1.075655
-1.457612
0.425081
-1.146511
0.240727
-0.703880
-0.520542
-0.353784
-1.218257
0.188504
-0.671738
-1.018067
-0.250519
-0.420525
-0.432791
-0.323258
-0.262994
-0.357802
-0.199969
-0.868882
