1.000670
1.241512
0.317301
-0.842008
-0.435533
0.350070
0.083459
0.030392
0.089995
-0.181468
-0.134203
1.692328
-0.639647
0.230560
2.312495
-0.294145
-0.315941
-1.146883
-0.399116
1.692167
-0.032283
0.142544
-0.597230
0.680098
0.600425
1.317881
-0.569075
-0.674442
-0.707734
0.007799
0.855833
0.585154
-0.384042
0.314546
1.083302
-1.148645
1.527788
1.712590
0.267977
-0.617370
-0.671345
0.465916
1.304084
-0.025059
-0.221155
0.376522
-0.276344
-0.210584
-1.532008
1.748301
-0.427981
0.316719
-0.183093
1.628661
-0.035060
-1.480412
-0.185591
0.757800
-0.015934
1.056258
-1.233313
-0.733553
0.770896
-0.841065
-0.943740
-0.706076
0.007038
-0.364779
-0.596755
0.154422
-0.290852
-1.731609
-0.274339
-0.228489
-1.571446
0.158780
0.162649
0.997163
1.656342
1.763918
-0.508766
-0.065854
0.492571
1.691038
1.715998
-0.229181
-0.197608
-0.312450
0.323606
-0.103473
-0.898039
0.022419
0.340099
0.785453
-0.229195
-0.005157
0.067673
0.205757
1.253055
0.780660
0.352721
0.220170
0.188102
2.071469
0.087176
0.029095
-0.977188
0.258270
-0.790767
1.551932
0.383983
0.021837
-1.051869
-1.069211
-1.204234
1.364679
2.283939
-1.244617
1.373097
1.179931
-0.264329
0.048982
0.052801
-0.810805
0.128443
-1.205010
1.124796
1.903389
