-178
-213
-233
-223
-214
-197
-167
-221
-192
-181
-176
-206
-178
-195
-182
-217
-198
-227
-165
-208
-197
-218
-222
-229
-136
-200
-214
-198
-187
-213
-168
-211
-198
-207
-203
-217
-160
-149
-151
-141
-147
-187
139
98
114
126
86
33
188
94
126
169
82
109
171
147
111
17
143
48
171
72
40
107
55
12
44
12
137
171
31
115
196
87
175
23
175
104
165
177
163
164
86
81
23
-2
62
216
328
282
9
-1
251
288
279
-1
-1
182
304
334
352
-4
45
60
293
340
183
-5
30
11
278
338
283
-5
49
22
262
214
102
-6
84
211
295
270
233
-5
44
59
42
33
33
53
50
49
50
55
41
58
48
48
59
55
56
74
46
57
59
58
56
68
44
54
44
46
53
64
43
54
52
56
57
66
52
56
53
56
54
63
-132
-133
-141
-128
-131
-62
-101
-175
-40
-74
-67
-91
-180
-202
-212
-232
-278
-179
-241
-282
-297
-266
-222
-213
-135
-211
-205
-235
-239
-169
-196
-199
-178
-164
-200
-195
-153
-125
-72
-65
-86
-157
29
3
23
1
5
22
32
26
31
43
18
49
50
64
43
41
8
26
70
22
18
38
3
30
55
5
6
146
38
5
37
73
87
27
28
2
13
242
286
220
191
69
70
45
140
144
131
18
202
221
175
231
180
226
203
219
221
98
46
239
252
326
210
159
180
291
134
226
165
159
188
218
218
301
198
88
195
251
310
282
302
297
329
373
-41
-13
-25
-24
-44
29
-86
-112
-111
-87
-119
-62
-101
-134
-132
-128
-110
-81
-75
-113
-117
-121
-142
-85
-96
-114
-162
-117
-110
-86
-57
-94
-110
-99
-132
-60
-62
-84
-92
-109
-100
-106
-10
-20
-9
-26
-34
-10
-20
-56
-56
-50
-64
-83
-11
-28
-47
-53
-40
-49
-20
-55
-37
-52
-59
-53
-21
-24
-31
-53
-65
-71
-36
-57
-61
-63
-82
-62
-39
-63
-75
-52
-42
-33
350
444
438
272
371
304
234
301
422
477
428
470
213
293
289
507
339
358
159
285
244
276
394
271
174
343
499
404
344
294
205
190
287
397
394
217
87
-9
34
101
-5
77
175
333
327
261
324
189
24
120
154
44
155
78
35
221
320
319
361
52
31
116
162
323
432
191
114
238
431
291
237
203
104
245
322
450
294
214
43
20
50
32
102
67
-141
-164
-127
-136
-155
-136
-135
-120
-103
-121
-71
-119
-103
-114
-128
-209
-142
-187
-107
-153
-143
-220
-228
-163
-97
-158
-173
-113
-183
-161
-129
-116
-132
-161
-125
-130
-45
-57
-74
-76
-62
-109
-47
-60
-26
-8
61
-31
-137
-108
-47
-35
-12
-76
-97
-76
-18
41
25
-81
-119
-115
-75
-56
-23
-91
-90
-78
-50
-38
-43
-85
-121
-112
-59
-31
-65
-112
-189
-171
-170
-172
-168
-207
-92
-35
-89
0
-20
6
35
92
-6
82
125
119
36
46
160
153
127
160
45
54
148
110
73
185
0
50
130
184
71
130
-65
110
134
143
142
158
14
73
120
131
194
129
-9
19
33
-3
-1
-3
-6
-5
-3
-6
-3
-2
-8
-3
11
49
75
129
-5
-3
-3
35
65
44
-4
-2
-3
-1
-3
76
-4
-2
29
132
108
22
-4
-2
15
33
53
75
2
1
0
0
0
1
3
3
0
49
0
4
2
3
1
0
4
5
1
4
3
2
3
6
1
4
4
2
2
6
2
5
4
2
4
5
3
3
0
0
2
6
9
7
6
1
5
5
5
3
0
1
4
8
4
3
0
4
6
9
4
3
2
3
6
8
6
7
5
5
4
8
5
2
0
0
0
2
5
4
2
1
1
6
-200
-214
-227
-240
-301
-137
-270
-334
-343
-312
-356
-296
-280
-344
-361
-375
-261
-266
-262
-311
-260
-350
-336
-170
-278
-292
-345
-376
-305
-275
-258
-260
-330
-347
-312
-247
-194
-188
-235
-203
-168
-87
65
29
18
25
33
30
53
44
40
35
22
68
58
37
48
61
90
70
69
83
66
59
77
70
68
47
44
37
45
77
89
75
63
66
96
76
86
90
84
75
78
98
-30
-27
-30
-11
-29
-52
-31
-15
38
90
38
-19
-24
52
-18
-7
-9
-57
-36
-15
-11
-12
-10
-68
-18
-12
46
-16
-9
-61
-43
-22
-11
-13
-9
-58
-23
-33
-19
-19
-37
-67
-28
123
155
33
107
31
99
250
343
343
344
250
79
263
322
358
345
242
50
199
305
425
344
262
57
259
336
280
286
201
-30
224
222
287
379
236
-16
-35
-25
34
8
-31
32
34
39
47
42
36
35
59
59
61
65
61
28
37
63
61
55
58
26
59
68
63
55
50
18
52
63
71
51
42
21
50
61
56
55
45
20
36
45
52
49
35
32
5
17
101
4
4
84
164
223
188
49
3
5
3
48
46
4
1
34
108
128
163
104
1
1
65
81
4
20
5
74
121
85
106
158
9
2
1
2
2
61
4
-28
-23
-15
-14
22
-18
-38
-25
-23
-19
-24
-22
-31
-27
-33
-10
-19
-17
-45
-38
-41
-11
-12
-12
-28
-19
-25
-13
-30
11
-21
-32
9
100
60
-13
-48
-43
-38
-31
-38
-44
-99
-95
-60
-46
-43
-59
-76
-68
-42
-33
-35
-50
-76
-74
-61
-47
-47
-57
-80
-49
-22
-46
-56
-55
-78
-59
-38
-26
-33
-54
-52
-35
-19
-29
-21
-51
-87
-66
-58
-50
-68
-76
-24
-42
-68
-49
-44
-43
-76
-82
-62
-72
-83
-84
-53
-64
-49
-55
-43
-83
-40
-86
-88
-86
-73
-87
-28
-80
-76
-64
-68
-79
-34
-76
-56
-45
-65
-55
-44
-40
-19
-33
-23
-53
-86
-104
-113
-123
-70
-98
-183
-218
-228
-227
-280
-179
-159
-233
-222
-231
-216
-228
-154
-295
-280
-235
-276
-255
-180
-276
-243
-231
-242
-248
-152
-305
-270
-254
-234
-197
-191
-302
-245
-280
-224
-197
-46
-51
-42
-37
-37
-39
-20
10
86
-14
-11
-28
-29
75
133
-3
-5
-40
-29
-2
-7
7
64
-37
-39
-14
8
-11
-4
-32
-33
-14
-3
-24
-3
-33
-14
111
88
143
134
-7
12
-29
-31
-32
-40
-35
146
-9
5
75
107
10
137
130
78
53
112
64
119
-13
47
133
127
49
60
87
61
81
41
-8
74
-17
49
54
85
8
236
169
215
187
202
70
30
50
67
90
149
179
104
312
292
254
285
245
112
173
218
312
302
217
52
141
226
292
207
280
115
113
274
287
217
202
1
130
168
72
110
80
60
167
74
122
44
215
251
200
124
92
112
186
234
227
159
140
208
258
292
345
268
180
229
256
304
359
245
232
245
311
263
296
250
253
271
275
241
228
141
117
164
231
319
298
257
243
312
340
21
73
3
9
64
156
4
0
66
37
7
38
64
4
5
8
7
49
59
5
3
5
0
55
49
126
192
93
41
0
38
6
9
9
13
8
90
166
174
172
214
200
106
171
261
198
77
187
109
98
62
66
42
135
65
108
173
211
224
172
57
188
341
304
213
153
55
143
215
212
224
130
94
157
189
143
284
179
16
103
103
97
82
152
-99
-108
-88
-112
-102
-133
-134
-151
-99
-87
-78
-129
-126
-130
-92
-121
-119
-121
-124
-144
-114
-140
-128
-129
-114
-134
-119
-116
-132
-137
-131
-129
-94
-79
-99
-121
-144
-147
-109
-101
-112
-143
-71
-107
-125
-105
-113
-89
-75
-85
-93
-68
-44
-52
-95
-78
-87
-80
-85
-78
-97
-95
-89
-100
-90
-100
-73
-65
-45
-63
-79
-89
-89
-92
-76
-58
-76
-87
-101
-106
-83
-78
-76
-100
-48
-40
-28
-40
-42
-58
-34
-36
-12
111
41
-28
-46
-34
47
-11
99
-47
-39
-39
63
16
2
-41
-33
-49
58
37
54
-48
-39
-38
2
22
37
-51
-2
115
157
221
98
96
-153
-186
-181
-115
-122
-168
-255
-224
-218
-205
-218
-248
-262
-293
-288
-209
-220
-231
-240
-213
-235
-241
-240
-220
-245
-216
-219
-219
-235
-232
-180
-182
-167
-199
-181
-214
-216
-194
-223
-250
-207
-240
110
221
202
145
90
129
213
346
368
317
263
289
248
326
385
437
445
349
213
402
445
434
402
408
158
264
417
375
391
349
263
336
389
338
440
316
260
369
360
370
368
475
-105
-87
-135
-145
-165
-87
-113
-129
-85
-58
-68
-88
-62
-124
-82
-62
-105
-89
-86
-118
-29
-20
-93
-103
-94
-164
-86
-61
-114
-118
-39
-100
-65
-61
-50
-74
-9
15
14
37
8
13
-53
-43
178
183
96
-30
-40
-28
85
23
39
-77
-36
-35
-16
-33
-36
-91
-53
-61
-7
-28
-58
-78
-37
-51
-26
-6
-48
-51
-52
-68
-13
-52
-37
-80
-59
-47
-63
-35
-39
-43
117
49
59
104
44
154
99
44
37
58
8
44
107
84
17
21
13
42
71
12
12
78
2
67
90
40
98
117
3
58
115
19
100
25
12
50
115
84
20
57
68
80
-44
-40
-44
-43
-43
-41
-47
-46
-42
-41
-37
-43
-41
-35
-32
-37
-36
-42
-46
-46
-37
-36
-37
-39
-42
-43
-34
-34
-36
-42
-42
-40
-34
-36
-38
-40
-45
-42
-39
-43
-41
-46
-31
62
-7
-16
-16
140
43
4
-70
8
15
104
46
-56
-93
-50
15
81
33
18
-33
2
1
80
53
-25
-83
-108
-26
19
43
-79
-80
-118
-57
83
252
228
126
148
164
213
2
2
2
3
3
3
2
3
3
2
2
2
3
1
1
3
2
2
3
1
2
1
1
2
2
2
3
2
1
2
3
2
2
2
2
2
0
56
65
96
102
0
-80
-30
-1
-22
-49
-20
-33
11
-25
-24
68
-6
-4
186
145
128
120
-21
-26
66
223
179
17
45
-40
-8
136
213
122
14
-43
-3
12
10
-23
-15
-36
68
51
34
-7
-10
425
498
466
410
463
322
521
632
700
644
570
236
476
482
646
538
374
334
499
456
521
494
466
327
430
445
497
588
475
309
350
373
473
497
452
338
373
364
447
511
528
297
2
10
7
2
4
6
4
9
6
10
7
15
2
77
53
125
174
52
0
6
5
0
105
49
43
60
0
4
13
17
6
3
1
1
5
11
1
1
6
12
1
6
-85
-58
-85
-52
-85
-158
23
0
39
27
17
-41
-81
-111
-109
-102
3
-75
-6
40
-58
-132
-60
-96
-91
-67
-76
-125
-96
-15
-44
-11
-67
-39
-47
-11
-61
-196
-249
-280
-155
-107
231
71
51
166
150
296
309
62
223
123
1
141
88
29
21
4
82
28
245
13
15
7
15
2
180
13
20
42
11
34
242
18
19
27
21
4
250
272
266
208
253
210
-44
-72
-59
-46
-32
-42
-50
-78
-43
-51
-29
-62
-47
-26
-6
-8
-30
-47
-44
-52
-26
-5
-20
-51
-37
-37
-29
-6
-13
-51
-29
-73
-20
-2
-32
-70
-45
-44
11
-4
-7
-26
63
70
18
21
21
53
83
79
34
67
36
100
96
39
51
41
70
155
115
102
87
86
90
146
91
68
71
88
75
111
97
106
104
110
117
171
185
182
178
177
209
222
-88
-52
-52
-19
-58
-81
-56
-11
94
36
14
-100
-94
-109
-41
-31
-62
-152
-124
-108
-37
42
-28
-156
-97
-120
-53
-67
-57
-138
-115
-142
-90
-97
-62
-163
-158
-136
-157
-131
-135
-184
60
28
15
24
46
16
43
178
220
184
190
71
157
419
133
49
31
18
87
242
274
88
21
26
170
186
228
190
163
168
237
228
63
22
214
201
5
22
72
162
88
152
40
81
33
20
32
35
21
44
25
37
14
31
53
46
78
3
33
50
45
47
35
71
9
44
76
56
19
17
13
58
39
16
96
15
15
55
8
37
78
157
36
24
19
21
11
7
19
26
23
26
33
26
28
18
22
28
21
29
22
2
21
9
7
12
20
2
27
14
14
24
23
9
8
46
19
77
60
177
7
7
11
5
6
100
101
234
159
20
109
301
135
125
11
78
5
168
171
182
90
1
173
193
181
207
220
109
118
237
120
154
103
117
150
177
108
168
140
92
117
299
286
386
352
306
345
318
-33
-32
-48
-38
-41
-29
-33
-41
-28
-37
-35
-38
-33
-51
-18
-30
-36
-49
-25
-48
-40
-28
-39
-48
-37
-54
-36
-37
-39
-41
-25
-50
-38
-46
-52
-53
-31
-33
-26
-23
-29
-38
-165
-197
-186
-178
-210
-184
-145
-202
-259
-252
-194
-178
-176
-226
-293
-334
-301
-203
-201
-250
-275
-337
-338
-211
-176
-260
-312
-270
-259
-199
-219
-264
-298
-310
-322
-224
-117
-162
-168
-165
-187
-150
57
82
99
100
142
42
-45
-41
-10
22
35
-27
-103
-48
-40
-23
-51
-74
-99
-2
-6
-69
-13
-62
-78
-16
-58
-85
-82
-38
-111
-92
-79
-12
-1
-95
-138
-129
-118
-96
-94
-64
230
297
287
273
150
198
443
519
544
392
484
359
235
116
112
134
90
91
192
95
165
109
78
91
274
186
168
103
256
176
167
139
71
148
175
102
200
159
114
191
208
150
85
85
110
135
93
66
97
30
29
25
17
37
82
49
25
50
43
58
75
64
61
33
49
43
67
77
50
15
18
66
104
46
3
109
24
37
24
112
209
255
163
84
-173
-138
-99
-117
-120
-181
-270
-214
-245
-257
-157
-234
-213
-62
-43
-154
-110
-250
-194
-169
-129
-117
-138
-202
-224
-119
-97
-28
-81
-192
-176
-130
-90
-79
-126
-182
-232
-196
-192
-195
-207
-211
-174
-201
-127
-79
-151
-175
-116
-47
-88
-138
-115
-142
-96
-7
-57
-44
-40
-117
-129
-55
-41
-48
-42
-94
-103
-92
-24
-27
-12
-87
-109
-79
-71
-91
-85
-117
-90
-23
-27
-61
-26
-79
-19
28
83
67
47
-95
-152
0
75
169
17
-64
-58
-26
90
-2
14
-87
5
98
108
-23
0
-59
-20
27
96
-15
57
-19
2
-40
-32
-55
111
-2
-94
-85
-144
-81
-74
-11
-16
-18
-16
-17
-9
-8
-10
-11
-19
-28
-9
16
-17
-16
-27
-20
-13
-7
-15
-3
-11
-10
-7
-10
-12
-11
-11
-11
-8
-17
-14
-5
-14
-1
-20
-17
11
67
31
54
-4
50
32
97
62
136
117
69
1
10
59
112
100
59
-22
-19
67
58
-3
-11
-21
-19
-17
-21
-17
-3
-29
-13
-35
-25
-8
-2
-18
-5
-4
17
-17
-3
-26
-37
-34
-31
-27
-33
-75
-85
-82
-64
-85
-90
-90
-95
-82
-84
-107
-112
-94
-110
-75
-60
-59
-131
-51
-122
-80
-63
-86
-127
-68
-155
-96
-91
-69
-93
-57
-97
-71
-84
-46
-120
-94
-103
-78
-88
-94
-109
-22
-18
-46
-41
-12
-42
-13
119
121
130
83
-18
47
139
326
256
185
-7
30
183
212
218
222
106
4
61
290
182
163
64
-1
104
143
64
97
29
-27
32
29
108
67
57
107
188
83
37
119
92
277
300
442
476
447
345
97
261
459
454
492
297
151
259
326
422
439
288
159
158
418
335
338
261
181
108
238
291
354
178
88
154
317
296
297
151
29
6
139
0
4
126
137
257
74
56
262
67
138
166
303
378
488
323
151
308
382
383
505
348
171
266
281
344
391
220
0
347
289
324
444
354
121
329
365
367
394
222
191
202
171
261
279
138
161
266
312
272
297
301
146
212
135
192
236
230
222
298
152
151
198
157
146
233
122
133
89
226
219
290
223
176
250
256
211
316
292
195
246
267
130
72
216
220
133
111
250
106
15
9
1
26
154
273
159
189
73
125
168
172
115
149
194
131
170
179
28
95
107
109
40
22
35
31
26
30
203
160
129
97
88
125
43
7
7
84
60
95
112
1
72
41
72
32
4
38
38
12
22
31
42
18
99
79
4
26
33
5
224
129
33
35
89
2
57
54
44
36
146
151
140
76
113
63
-122
-136
-165
-164
-148
-123
-78
-112
-82
-111
-96
-83
-75
-57
-47
-69
-67
-126
-57
-52
-47
-57
-75
-129
-79
-83
-78
-80
-109
-102
-68
-45
-55
-93
-19
-107
-79
-45
-68
-67
-74
-86
200
17
123
318
312
279
50
5
82
132
85
13
181
30
13
74
63
59
118
35
12
17
25
23
170
79
30
2
6
24
232
84
21
43
108
43
319
382
457
356
317
271
127
175
63
22
55
173
21
-5
49
78
-15
-7
0
-28
31
-4
91
64
51
28
27
66
50
16
-1
-17
-5
-24
-16
-16
64
-12
-9
-13
-12
28
154
219
167
219
204
183
-1
-1
-1
-2
-1
-1
98
-1
-1
-1
-1
-1
48
-1
-1
-1
-1
99
25
84
137
-1
-1
60
6
8
20
94
-1
95
-1
102
80
-1
93
130
178
188
218
226
194
100
273
241
251
296
209
336
141
122
1
77
63
18
289
276
159
80
177
88
252
259
284
140
83
170
239
71
19
26
60
146
202
185
98
58
28
86
196
276
157
128
108
140
30
87
-9
-80
-33
-7
104
296
217
98
185
186
49
285
208
139
174
208
50
275
116
156
287
248
45
280
197
169
192
248
25
257
154
145
243
270
63
189
181
202
234
172
-69
-25
53
-28
-17
-31
-94
3
110
124
87
47
-79
-46
76
15
20
25
-56
-34
53
-26
19
-24
-71
58
41
81
-9
-56
-78
34
69
27
111
21
-86
-70
-43
-30
42
-92
74
64
143
142
192
194
80
96
58
-27
35
66
69
54
24
141
140
149
72
43
89
241
205
81
95
102
68
83
35
12
10
-21
6
72
0
15
36
34
52
30
20
-41
-59
-92
-133
-132
-143
-67
-15
-13
-57
-39
-31
55
-22
-31
-40
-58
-7
66
-18
-11
-7
-64
-47
24
-16
-49
-66
-33
-30
-15
-35
-45
-72
-80
-65
-32
2
114
122
125
123
97
-206
-187
-267
-279
-258
-137
-155
-121
-109
-63
-121
-119
-74
-148
-90
-132
-206
-153
-97
-138
-148
-178
-172
-141
-129
-175
-104
-92
-126
-162
-142
-187
-230
-246
-227
-120
-152
-190
-210
-196
-159
-97
9
-9
-13
-18
-19
-20
16
-14
-14
-11
-15
-14
17
-11
10
-5
-12
-4
-2
-20
-16
-26
-12
-2
-10
-15
-16
-13
-5
-9
-14
-14
-21
-15
-18
68
23
-6
-4
-5
-6
-3
-125
-151
-145
-141
-136
-135
-128
-144
-115
-120
-90
-128
-118
-144
-117
-92
-111
-145
-121
-171
-133
-120
-106
-141
-96
-143
-128
-111
-126
-149
-137
-155
-126
-119
-127
-159
-153
-141
-111
-115
-120
-170
-34
-66
-7
55
-24
-58
-35
-22
-28
90
41
-24
-71
-62
-17
-38
-74
-100
-77
-40
-19
-63
-69
-90
-43
-68
-103
-72
-14
-61
-44
-40
-40
-78
-99
-85
-53
-59
-98
-74
-120
-41
-137
-124
-99
-141
-141
-189
-229
-290
-292
-271
-332
-308
-247
-294
-309
-329
-371
-292
-213
-305
-405
-326
-306
-281
-243
-281
-321
-365
-358
-245
-226
-297
-246
-191
-227
-223
-110
-180
-150
-160
-168
-138
-80
14
-8
-66
-66
33
10
7
-29
-60
-15
6
-41
95
1
-122
-96
85
-38
79
54
-54
-56
95
-3
114
-13
-20
-35
100
-75
49
-53
-47
-21
61
-19
38
-52
-24
87
4
139
298
220
188
184
148
403
511
635
650
525
414
189
436
611
750
667
401
329
363
383
528
623
346
327
489
501
409
505
364
227
290
406
558
502
292
143
177
249
152
248
169
115
110
95
56
52
66
-122
-126
-246
-186
-148
-90
-128
-198
-263
-264
-224
-156
-128
-201
-253
-356
-339
-191
-123
-183
-277
-303
-300
-240
-146
-225
-288
-261
-276
-127
-75
-208
-240
-188
-208
-53
234
364
470
391
386
294
243
277
323
266
331
325
186
416
485
509
496
215
154
227
285
416
421
274
182
311
394
262
315
280
109
175
195
287
255
217
29
-4
-4
-2
-4
1
-43
7
128
243
149
68
-13
-17
102
33
43
-46
-3
89
269
355
362
-6
60
73
268
402
330
46
44
3
162
166
232
-8
53
80
172
247
161
-28
-38
-18
43
6
15
-57
-59
-114
-142
-80
-110
-49
11
-78
-71
-33
-50
-7
13
-66
-94
-132
-178
-39
21
-89
-150
-162
-167
-82
-9
-88
-133
-122
-129
-55
10
-32
-45
-50
-93
-20
12
-93
-94
-60
-53
-80
-68
-96
-114
-102
-94
-76
-64
-89
-101
-113
-112
-91
-66
-89
-110
-112
-112
-103
-87
-99
-111
-106
-93
-101
-87
-108
-117
-111
-121
-105
-79
-103
-105
-123
-111
-98
-88
-92
-104
-111
-118
-113
-56
-62
-46
-45
-48
-36
-62
-91
-90
-80
-75
-68
-63
-45
-75
-70
-79
-73
-61
-88
-89
-102
-85
-76
-47
-63
-83
-78
-70
-71
-66
-86
-96
-96
-127
-92
-93
-130
-115
-129
-133
-114
-24
-28
-23
-21
-21
-32
-10
-2
-3
-1
112
-7
-13
-8
-4
-9
-11
-18
-21
-10
-15
-9
-6
-13
-12
-11
-3
-7
-10
-12
-17
-13
-12
-10
-10
-14
-19
-22
-24
-15
-21
-16
142
180
86
-3
60
158
177
304
262
318
208
373
192
201
107
-2
96
178
196
272
252
193
84
216
87
139
80
59
74
185
209
243
174
102
248
296
344
381
354
405
339
473
-26
-10
-27
-12
-11
-17
-9
57
321
343
261
45
-18
-1
141
106
53
18
-15
62
146
114
94
2
-18
62
68
138
156
36
-5
168
245
200
195
90
-23
-4
12
0
14
-25
-132
-114
-141
-184
-151
-149
-152
-128
-118
-96
-112
-118
-136
-129
-121
-107
-93
-117
-132
-112
-102
-114
-110
-110
-145
-122
-124
-120
-114
-137
-136
-102
-115
-98
-98
-115
-127
-102
-100
-95
-118
-135
45
131
183
214
201
123
39
199
174
212
284
103
42
229
231
224
216
31
43
225
218
62
33
-17
67
213
245
323
258
71
116
179
112
149
87
-10
-25
-30
-34
-47
-27
-39
-33
-10
-3
-23
-25
-34
-51
-28
-18
53
18
-37
-43
-20
-9
-7
-1
-43
-39
-10
170
16
-13
-32
-41
-20
-5
-2
-10
-39
-40
-22
-13
-30
-19
-34
-53
-44
-45
-56
-45
-51
-65
-56
-90
-94
-80
-63
-72
-71
-36
-51
-63
-65
-77
-57
-20
-28
-26
-46
-54
-13
-3
21
-7
-60
-101
-44
6
-16
-1
-51
-60
-29
6
-16
-15
-77
-62
-38
-27
-23
-20
-38
39
30
-12
-19
0
56
60
15
-4
29
85
112
-27
-63
-64
-66
-64
64
-32
-67
-89
-47
-35
74
-36
-46
-10
81
-24
65
-20
-32
-21
-28
-38
-9
235
246
225
221
224
266
10
0
0
27
0
0
205
81
22
0
0
0
94
0
50
0
0
0
251
60
19
0
20
0
107
50
81
89
22
0
217
195
192
136
149
140
258
286
360
339
363
193
97
65
48
70
55
75
85
40
45
31
25
18
85
19
19
42
40
45
95
39
3
22
25
28
90
26
137
134
65
29
56
15
61
46
43
18
50
39
54
35
5
57
-10
-7
18
46
75
-7
-17
-4
-9
-12
-11
-36
-23
24
32
-11
-3
-27
-20
-21
-26
-5
-7
-27
-19
-7
-5
-18
-1
-18
-19
-18
-4
17
-13
-18
-16
-7
11
-3
12
-19
-76
-74
-86
-74
-85
-93
-76
-73
-92
-79
-90
-100
-85
-98
-93
-91
-89
-85
-76
-71
-72
-84
-82
-79
-83
-91
-105
-101
-89
-91
-89
-77
-82
-85
-89
-84
-80
-80
-74
-77
-73
-73
28
83
37
16
-20
81
8
104
182
284
250
145
73
244
360
387
356
260
107
295
308
302
293
241
78
244
320
242
322
195
111
278
296
266
308
248
85
177
122
147
118
170
354
430
385
351
378
348
190
248
251
338
267
145
186
265
269
164
266
172
239
318
263
265
254
225
202
338
279
183
250
219
205
201
180
135
201
171
92
-8
-73
-65
35
96
-143
-112
-158
-149
-153
-132
-141
-153
-155
-134
-101
-99
-150
-90
-109
-164
-125
-151
-117
-110
-152
-114
-138
-132
-127
-132
-144
-98
-119
-106
-127
-95
-52
-54
-84
-107
-89
-102
-90
-77
-71
-119
-48
-53
-53
-75
-53
-76
-54
-41
-38
-48
-48
-71
-47
-73
-59
-68
-66
-64
-56
-55
-69
-63
-63
-59
-53
-56
-52
-51
-61
-57
-44
-47
-44
-46
-31
-38
-66
-72
-69
-63
-56
-72
375
357
301
222
389
290
404
457
320
329
527
419
482
681
606
484
528
488
469
653
659
558
537
557
490
531
582
704
594
521
418
493
511
414
466
491
488
638
666
653
661
560
134
172
239
181
136
118
106
244
214
239
288
227
23
204
253
233
211
177
12
317
275
316
212
109
76
255
312
341
287
198
98
232
212
265
297
149
123
271
239
274
207
248
-138
-205
-150
-88
-137
-184
-38
62
22
-16
-103
-80
-87
-67
-12
58
-2
-4
-76
-7
-12
-9
78
69
-114
-26
4
-64
-53
-11
-119
-25
-34
-55
-59
-78
-103
-23
-55
-30
-20
-18
-61
-45
-37
-55
-24
-49
-119
31
-65
-46
-76
-68
-91
-61
-91
-111
-58
-117
-69
24
9
20
-45
-94
-115
-39
-42
-19
-52
-87
-51
45
76
29
42
-12
-9
144
114
128
155
114
177
43
12
26
44
2
237
282
229
87
31
33
202
221
418
230
202
74
276
372
416
373
428
234
182
79
146
154
190
103
107
243
332
284
235
121
479
700
653
718
700
470
-111
-67
-86
-89
-32
-122
-12
29
42
20
-45
-25
-8
36
188
123
95
-46
23
47
97
219
175
-1
-6
-24
91
81
114
18
-5
135
175
148
232
-10
13
187
234
201
121
-15
96
197
150
108
139
169
-30
-23
-3
3
60
-9
28
152
28
-15
-24
-30
3
4
-10
-16
-6
-32
-12
-36
-65
-53
-18
-26
-24
-32
-54
-77
-61
-26
-23
-5
-9
-38
-26
-58
-10
-9
-10
-11
-10
-8
-10
-13
-16
-14
-12
-7
-9
-11
-12
-12
-9
-5
-9
-9
-9
-9
-10
-5
-9
-10
-9
-7
-7
-5
-6
-8
-7
-6
-7
-3
-3
-2
-2
-3
-4
-1
-22
62
-5
-17
-32
39
-51
-11
114
142
23
94
-59
-39
-30
-15
105
85
-31
-22
-21
-9
-22
-11
-31
-18
83
82
79
7
-23
7
21
44
-30
-13
8
91
80
53
-13
91
161
134
208
196
203
23
-58
-59
68
220
105
-58
-26
-41
15
28
19
-109
24
-58
-28
-126
-28
-125
28
-60
-40
-39
-28
-101
-12
-122
-88
-89
-84
-100
-85
-126
-113
-106
-83
-131
-16
-37
-36
-56
-43
-35
-27
-26
6
25
-24
-39
-35
-39
-19
-26
-53
-43
-30
-29
-30
-30
-20
-47
-29
-26
-20
-40
-34
-37
-34
-31
-20
-45
-22
-34
-17
-28
-23
-15
-24
-30
143
145
130
151
34
82
15
34
-69
-84
-91
-18
148
110
9
65
34
20
107
69
58
24
-22
38
70
-2
11
124
48
-29
132
94
49
93
13
73
7
-53
-14
-43
-71
71
-43
-35
-42
-26
-38
-32
-40
-8
-22
-21
-12
-10
-50
-29
-28
-16
-33
-37
-61
-32
-39
-26
-52
-41
-50
-39
-7
-8
-14
-39
-39
-34
-21
-15
-32
-34
-47
-34
-31
-28
-41
-34
201
164
150
122
165
154
209
288
224
289
263
333
254
185
168
218
197
328
247
289
284
235
189
293
280
282
264
295
244
232
285
310
226
212
249
246
242
265
287
288
262
293
-11
-7
-9
-8
-17
-16
-22
-9
-22
-11
-22
-20
-22
-26
-25
-27
-19
-19
-16
-10
-4
-23
-27
-21
-24
-23
-27
-6
-18
-24
-19
-9
-11
-22
-22
-11
-2
170
94
22
53
117
-56
-40
-57
-69
-54
-50
-23
-15
-29
-16
-20
88
-29
-20
-14
-7
-2
50
-27
-10
-19
39
-10
-3
-25
-10
-20
-6
-25
-13
-25
-20
-14
-6
-5
3
-24
-20
-26
-19
-20
-22
15
44
51
34
23
37
45
5
17
8
31
51
135
160
77
88
205
221
110
91
115
127
223
252
214
152
189
72
221
235
40
251
187
211
161
201
110
240
286
212
231
191
34
-65
-70
-31
-30
-5
181
20
-29
29
165
174
233
71
47
-39
-68
90
185
134
162
56
1
128
147
36
6
68
3
107
180
206
162
60
133
182
202
283
238
272
175
133
280
220
273
339
352
384
270
102
180
158
217
190
295
223
390
325
305
226
320
213
273
374
290
179
272
182
264
285
263
271
357
280
374
368
312
222
229
183
189
237
166
123
-160
-183
-172
-173
-164
-201
-155
-206
-181
-157
-172
-183
-134
-153
-108
-108
-104
-155
-128
-161
-136
-107
-101
-159
-131
-158
-137
-147
-139
-146
-151
-177
-128
-123
-125
-161
-123
-144
-114
-122
-128
-148
-34
-19
-33
-44
-28
-27
-56
-24
-26
-37
-13
-36
-60
-13
15
-25
-7
-29
-10
101
22
-15
30
17
-30
-25
-31
45
0
-3
-44
-29
-34
-41
-37
-35
7
147
118
189
179
171
-12
-59
-83
-21
-58
-71
27
88
26
15
78
-16
20
-2
-43
-59
-89
-63
-7
0
-30
-28
-56
-83
-4
-2
42
73
11
-40
-22
-40
-23
-81
-67
-33
131
104
101
163
95
20
42
60
97
68
77
71
26
5
34
53
54
48
38
69
76
74
88
63
50
51
69
64
71
53
58
75
61
62
70
67
56
45
58
55
56
44
20
17
12
17
8
23
72
-86
-52
-14
-187
-74
-7
-296
-322
-228
-376
-264
7
-331
-348
-404
-408
-147
-19
-377
-367
-376
-480
-228
-40
-391
-515
-554
-492
-158
16
-234
-346
-330
-347
-108
-63
-304
-312
-313
-392
-124
235
261
255
228
94
72
23
243
67
64
95
-12
161
198
-38
134
3
52
-37
245
179
59
60
73
-12
179
167
102
-7
75
111
223
117
171
181
139
-16
-75
-96
-54
-100
77
-48
-33
-6
-26
-26
47
-42
-58
-72
-75
-29
-39
-38
-9
-43
-58
-25
-31
-49
-35
-26
-30
-63
-25
-43
-46
-16
-17
-32
-37
-50
-55
-53
-64
-81
-53
-1
-25
-47
-34
-57
-33
29
45
60
29
30
5
48
78
54
48
45
44
42
85
68
64
48
63
36
64
46
57
71
61
41
83
64
57
64
63
29
55
44
55
58
57
22
20
15
17
16
49
-29
-24
-81
-99
-109
-74
-96
-80
-99
-110
-86
-90
-68
-84
-120
-135
-147
-81
-72
-106
-171
-182
-158
-109
-85
-110
-143
-114
-121
-95
-87
-95
-118
-101
-113
-42
-52
-77
-46
-59
-31
-47
-109
-117
-137
-166
-148
-119
-64
-66
-85
-116
-76
-75
-82
-68
-113
-102
-89
-78
-100
-109
-91
-91
-73
-81
-99
-92
-86
-90
-96
-94
-132
-113
-122
-136
-112
-118
-111
-117
-133
-125
-120
-112
-69
-34
-6
39
38
-9
-102
-102
-109
-86
-71
28
-157
-148
-103
-131
-51
-56
-141
-119
-144
-135
-89
-69
-142
-77
-103
-64
-56
-48
-54
42
37
-47
-41
-49
-33
5
-49
-49
-48
-27
-83
-62
-82
-58
-45
-69
-64
-69
-41
-84
-65
-82
-80
-138
-111
-89
-49
-91
-81
-121
-57
-105
-69
-103
-67
-119
-68
-91
-112
-111
-110
-98
-60
-59
-63
-108
-99
-113
-102
-126
-108
-148
6
10
175
247
271
7
25
0
163
60
79
9
12
7
102
365
202
1
6
0
55
133
294
7
5
75
190
82
110
8
8
51
110
205
238
14
24
14
6
14
19
38
-60
-31
-35
-32
-32
-78
-55
-28
-83
-85
-81
-88
-28
26
-64
-95
-80
-90
-49
40
-6
-56
-65
-81
-43
-24
-6
-8
-28
-62
-51
-18
-54
-74
-55
-99
-73
-81
-104
-101
-105
-49
-96
-98
-126
-127
-126
-73
-78
-148
-135
-152
-153
-101
-124
-164
-186
-169
-153
-111
-121
-158
-161
-153
-156
-116
-126
-156
-161
-150
-158
-130
-121
-134
-143
-114
-134
-109
-97
-110
-116
-114
-113
-110
21
15
5
4
8
27
29
18
73
245
68
19
26
22
5
9
3
18
20
22
14
26
20
23
13
20
15
13
10
15
13
22
20
16
5
18
31
31
35
33
26
32
292
405
322
214
287
335
203
367
411
472
390
296
180
342
479
437
436
363
181
405
487
384
368
375
166
334
509
489
469
330
239
376
398
394
399
385
260
422
415
428
434
441
-2
4
7
17
22
-5
43
15
15
39
84
126
-4
80
262
247
212
107
-1
95
156
81
245
145
-2
69
121
219
172
174
41
67
169
147
272
105
41
143
181
177
172
146
7
-18
-28
-38
-42
-40
-26
138
134
94
68
19
83
177
114
95
132
101
9
234
207
102
59
94
46
222
297
232
126
93
55
148
97
75
97
107
30
91
5
1
75
54
-61
-52
-30
70
4
-32
-92
-39
-40
-38
9
-26
-42
4
173
215
139
33
-68
80
176
108
96
11
-43
48
130
98
89
58
-25
154
101
225
74
27
-169
-63
-31
-23
-84
-126
-6
-36
-34
-79
-94
-56
-92
-21
-52
-40
-97
-92
-100
-187
-118
-168
-175
-75
-147
-204
-163
-180
-201
-82
-148
-131
-139
-134
-184
-111
-109
-99
-89
-91
-120
-19
-80
-72
-95
-66
-38
-39
23
51
58
60
63
28
0
32
41
73
57
32
30
60
59
51
42
21
29
48
44
41
41
30
28
50
50
48
48
42
27
19
28
30
26
32
9
7
12
16
18
23
-10
-6
-8
-9
-11
-9
-12
-5
-5
-8
-8
-9
-9
-7
-9
-7
-10
-5
-13
-16
-13
-10
-11
-7
-12
-8
-4
-7
-9
-6
-15
-9
-8
-6
-7
-7
-15
-16
-14
-13
-13
-12
421
897
906
806
845
791
259
872
998
985
930
744
294
947
1281
1200
1078
652
315
819
1094
1000
1220
956
333
731
1005
1074
1087
915
353
838
888
772
814
805
274
972
968
909
844
747
18
43
3
0
2
52
2
65
243
180
75
129
62
161
221
238
95
156
55
79
77
75
146
98
23
181
253
171
52
94
69
145
168
235
67
179
0
52
228
137
154
146
43
92
122
242
89
94
86
108
168
90
26
49
190
293
270
289
305
232
208
292
386
295
367
224
246
310
287
306
216
206
218
443
521
443
461
256
109
248
468
378
304
24
24
26
-39
-19
-9
35
124
172
107
18
12
50
55
87
-6
-54
31
76
155
284
189
62
33
67
89
146
142
175
143
92
169
146
-4
-29
169
163
131
149
168
150
205
178
63
105
160
23
2
-20
26
17
177
209
245
-32
-9
-2
127
80
49
-33
-27
-36
-2
35
111
-25
-30
-25
-1
6
23
-35
-45
-35
15
-25
-7
-34
-9
-5
-1
41
-1
-39
-100
-134
-144
-146
-178
-90
-151
-199
-222
-208
-213
-198
-107
-145
-145
-190
-221
-201
-128
-190
-152
-157
-224
-161
-172
-213
-263
-229
-233
-218
-162
-175
-157
-229
-242
-152
-77
-61
-67
-41
-54
-82
-41
-11
-17
-30
-36
-46
-23
34
18
42
-4
-30
-29
-28
-18
20
-3
-35
-37
-9
48
29
-13
-34
-29
-18
-5
-24
-7
-46
-31
-35
-19
-11
-22
-29
-57
-37
-26
-23
-37
-23
-16
-17
-14
-18
-18
-15
-22
-27
-14
-15
-14
-21
-15
-13
-10
-6
-8
-18
-14
-14
-6
-5
-3
-18
-12
-15
-3
-3
-9
-14
-14
-17
-11
-15
-7
-21
-18
-13
-11
-9
-16
-21
-144
-127
-183
-164
-146
-193
-203
-214
-222
-226
-212
-211
-185
-211
-197
-148
-143
-170
-191
-182
-164
-144
-146
-180
-180
-145
-124
-121
-139
-187
-178
-104
-60
-20
-99
-169
-199
-214
-171
-175
-157
-191
336
454
428
437
464
555
203
230
266
249
247
140
306
440
372
439
407
181
207
170
211
267
315
250
292
242
327
274
332
154
138
121
71
225
129
70
118
39
-12
-4
-7
-6
-146
-108
-89
-78
-77
-87
-177
-89
-63
-3
-110
-178
-169
-156
-148
-141
-184
-163
-163
-102
-79
-169
-184
-161
-180
-178
-174
-158
-158
-181
-144
-122
-121
-156
-164
-174
-166
-118
-115
-127
-130
-126
217
261
372
357
421
383
-8
83
250
200
29
81
16
10
159
207
215
172
51
24
61
152
150
110
74
150
167
138
169
35
100
189
153
270
206
126
-39
-5
62
41
51
47
231
285
378
370
290
231
148
46
94
63
38
13
172
268
94
59
135
58
203
196
121
136
50
64
178
105
73
28
2
28
164
59
109
92
88
88
59
53
107
152
116
83
-21
-6
-13
-4
-4
47
-37
-38
-29
-43
-27
-47
-40
-16
-12
-5
-9
-36
-23
-32
-30
-20
-19
-31
-19
-35
-26
-4
-23
-26
-26
-28
-21
-6
-7
-17
-34
-21
-17
-33
-29
-50
343
315
262
359
320
246
211
296
385
364
355
172
97
111
257
233
201
89
118
215
109
141
163
36
37
106
102
205
215
122
134
181
249
212
226
100
88
130
110
196
179
52
405
297
559
533
630
455
421
383
454
437
675
419
460
575
518
560
608
411
527
654
663
707
707
426
574
623
576
599
583
427
486
653
657
568
470
347
471
481
448
469
352
315
195
393
374
369
301
160
154
390
307
344
430
264
265
506
367
343
257
214
206
449
385
299
285
223
277
378
310
289
328
230
234
369
182
231
311
192
204
265
267
197
267
201
0
161
98
3
104
15
1
15
96
55
92
0
4
2
0
1
0
2
2
1
1
0
0
2
3
4
25
43
91
1
1
0
9
0
27
3
1
2
2
1
0
1
-31
-37
-14
38
34
-38
-46
-48
-30
-50
-30
-65
-42
-16
-15
-10
-8
-42
-35
-32
-22
-35
-6
-53
-32
-26
-16
-4
6
-46
-49
-47
-25
-44
-46
-75
-42
-38
-18
-44
-36
-61
-7
-9
-10
-11
-11
-5
-11
-12
-11
-13
-11
-8
-9
-11
-13
-9
-10
-9
-12
-16
-10
-10
-12
-8
-12
-16
-11
-12
-14
-9
-11
-14
-11
-12
-13
-10
-12
-11
-11
-10
-12
-7
115
193
152
121
209
141
144
130
273
270
246
21
70
113
175
211
293
78
75
78
170
192
238
45
106
103
163
179
234
54
10
123
139
201
128
14
115
182
196
207
111
10
-53
-63
-48
-49
-46
-63
-74
-98
-62
-73
-86
-93
-66
-80
-55
-62
-58
-77
-37
-78
-78
-86
-60
-74
-45
-86
-81
-91
-61
-75
-52
-72
-84
-76
-78
-78
-55
-61
-48
-56
-55
-61
-132
-91
-109
-118
-94
-108
-75
-61
-81
-88
-44
-114
-71
-86
-59
-56
-58
-137
-69
-26
54
-25
-71
-122
-101
-110
-39
-1
-57
-137
-74
-2
38
-2
-46
-65
-122
-136
-80
-84
-87
-158
178
349
481
461
586
234
282
856
1064
1122
1012
732
199
791
1009
961
943
565
252
851
931
931
823
474
281
793
1017
945
977
460
313
696
838
825
816
490
48
248
450
392
487
260
-142
-154
-129
-78
-93
-137
-179
-221
-124
-142
-161
-177
-165
-186
-133
-134
-174
-174
-147
-208
-181
-170
-170
-167
-164
-187
-188
-163
-158
-177
-149
-176
-131
-103
-165
-173
-146
-130
-94
-111
-97
-162
-118
-106
-118
-125
-123
-72
-127
-111
-91
-112
-120
-80
-128
-111
-96
-90
-72
-55
-126
-69
-72
-86
-88
-52
-115
-82
-60
-80
-80
-62
-108
-75
-97
-102
-78
-66
-136
-109
-122
-109
-84
-68
-117
-128
-137
-121
-117
-111
-133
-144
-137
-162
-164
-144
-154
-187
-169
-161
-170
-173
-133
-172
-168
-147
-155
-167
-145
-176
-165
-157
-166
-163
-133
-139
-125
-108
-118
-143
-121
-128
-106
-108
-112
-138
16
13
21
20
24
16
13
79
5
10
12
10
16
12
11
19
8
14
18
8
5
16
14
10
17
17
13
14
10
16
22
16
17
26
22
15
16
9
10
10
4
8
-14
-120
-90
-78
-67
-4
54
-86
-104
-99
-70
-78
-72
-146
-152
-127
-136
-104
2
-112
-116
-161
-139
-92
-43
-153
-181
-105
-90
-130
-59
-128
-165
-202
-222
-169
71
71
86
46
29
-11
93
55
8
122
94
45
87
28
-12
9
99
-1
-12
-104
-99
-94
-89
-90
-37
-63
-66
-35
-66
-63
-40
-98
-64
-104
-53
-74
-44
-64
-96
-85
-92
-96
69
13
-40
-11
-43
-16
1
1
0
1
1
1
13
11
13
12
12
11
9
14
22
20
17
14
11
19
16
21
20
15
7
16
21
16
20
15
11
16
14
15
18
12
10
11
13
13
14
13
-87
-73
-60
-61
-55
-73
-96
-93
-61
-52
-44
-82
-91
-75
-36
-35
-61
-88
-103
-121
-89
-67
-68
-77
-88
-80
-70
-75
-72
-74
-94
-69
-29
-29
-54
-69
-115
-113
-92
-81
-96
-113
147
187
321
408
301
196
120
-1
74
164
278
90
143
169
341
311
270
111
212
82
188
253
147
84
164
87
83
196
178
72
180
61
70
22
56
121
58
-19
46
9
-11
-16
58
103
102
57
53
70
65
80
27
64
49
62
86
130
98
67
109
116
84
156
139
91
62
142
82
66
88
105
77
109
60
66
39
53
39
95
127
125
153
176
143
188
-35
-65
-64
-34
-33
-50
-5
-4
108
65
25
-11
-14
-34
29
0
-14
-1
-21
-22
-11
64
35
-3
-23
-19
-19
-11
-21
19
-10
43
138
82
47
66
36
146
175
293
226
71
36
33
78
53
164
122
-9
-54
-42
-11
-25
-70
-18
64
119
-25
54
-61
3
21
-35
1
44
13
-19
-23
-1
-26
73
-17
-13
-48
-65
-53
-75
-48
-34
-36
-40
-15
-40
-41
42
108
127
109
191
214
40
191
316
322
104
117
168
421
437
404
398
236
100
272
276
366
460
290
79
337
450
246
309
289
130
220
204
294
293
201
40
105
101
81
149
150
63
31
26
-29
36
-5
192
179
259
192
199
81
71
174
275
281
231
89
88
209
208
231
323
121
76
130
190
149
253
88
48
167
229
210
291
53
139
159
155
236
231
108
93
81
45
22
66
67
57
3
51
10
29
9
45
55
17
43
81
48
88
11
4
11
37
21
81
13
59
32
34
30
50
26
58
73
22
10
66
85
110
84
73
14
2
2
17
3
111
0
5
4
3
2
2
5
2
1
3
4
3
5
1
1
2
4
5
5
1
2
6
5
4
5
1
2
4
4
4
3
5
6
6
7
6
6
34
119
220
311
252
56
-16
45
162
333
195
-15
28
149
150
60
26
-20
89
97
152
-22
-49
-39
31
-8
-14
54
10
-7
62
-18
-6
-8
-12
-12
-43
-75
-61
-68
-64
-57
-1
-2
108
147
50
-2
-3
-5
-4
-5
-4
-8
-4
-4
-3
-5
-5
-8
-5
-5
-5
-6
-7
-7
-4
-6
-5
-6
-5
-6
-5
-6
-6
-5
-5
-6
-5
-7
-7
-7
-7
-9
-44
-1
59
-3
30
-20
110
365
434
318
421
311
57
476
412
392
414
237
148
441
407
465
500
269
117
459
470
446
444
268
61
311
296
292
423
203
26
143
77
93
143
99
216
340
445
403
352
279
67
257
366
410
310
182
24
156
233
294
281
-18
9
100
177
288
197
-25
38
103
41
104
92
-11
119
45
161
78
129
-41
-69
-19
-40
-48
-33
-124
-124
-104
-147
-160
-175
-115
-123
-152
-131
-119
-131
-145
-118
-150
-178
-174
-196
-145
-117
-164
-164
-192
-191
-144
-127
-140
-151
-169
-169
-159
-141
-141
-146
-145
-152
-124
-112
-130
-107
-120
-116
-119
-73
-84
-69
-89
-119
-65
-85
-122
-111
-113
-97
-108
-77
-73
-61
-38
-51
-97
-94
-103
-52
-48
-63
-74
-55
-95
-72
-103
-84
-69
-76
-141
-118
-115
-104
-98
-106
-86
-96
-98
-117
-80
-53
-14
-14
-41
-30
-53
-60
-10
-11
-39
-23
-31
-45
86
-14
-4
14
-9
-41
56
-27
-52
-9
-15
-47
26
90
-4
-22
-7
-51
-17
-39
-43
-10
-23
-65
-78
-91
-85
-75
-34
93
38
132
170
100
156
-14
-41
-13
-4
-17
-19
-28
-37
-12
-13
-8
-39
-18
-61
-24
-22
-33
-41
-8
-39
-38
-7
-17
-30
2
-50
-26
-26
-29
-27
-27
-25
-15
-20
-38
-35
278
371
457
375
337
203
118
24
134
247
144
23
74
58
118
44
22
49
7
26
73
137
50
93
81
58
41
26
1
47
86
81
235
140
67
138
44
84
79
84
38
0
-26
-1
-30
-29
-9
-20
8
166
192
213
167
198
-22
2
189
258
227
147
-4
17
118
171
177
139
-14
48
228
228
177
126
-8
128
172
225
241
204
-51
-16
-18
-9
-23
-35
-93
-73
-15
-10
-18
-70
-88
-47
-20
-61
-21
-97
-79
15
60
51
28
-95
-78
-52
13
120
45
-85
-71
-58
-4
111
-7
-63
-75
-46
42
90
-8
-88
-63
31
43
73
-4
-40
-111
-125
-126
-114
-117
-91
-47
-72
-105
-99
-50
-4
-31
133
-10
-34
-17
61
-57
93
24
-1
-36
55
-42
101
149
79
64
79
-32
25
-22
-27
-42
-25
-78
-104
-105
-87
-106
-48
118
8
98
75
72
185
117
148
58
73
82
156
79
76
1
28
50
131
88
159
35
35
1
146
96
5
155
158
4
113
65
95
83
190
38
59
70
7
4
21
15
34
-97
-43
-38
-54
-26
-66
-121
-66
-57
-18
8
-41
-126
-41
-38
-78
-61
-88
-125
-22
-56
-83
-92
-115
-118
-48
-59
-33
-74
-75
-71
-65
-65
-28
-41
-95
-130
-110
-90
-104
-117
-157
-54
-106
-110
-141
-95
-122
-21
-63
-90
-86
-55
-75
-20
-13
-5
-43
-39
-30
-13
-49
-48
-40
-14
-11
-13
-21
-50
-70
-22
-25
-27
-44
-24
-29
-58
-60
18
-17
-6
-11
58
1
207
196
282
279
313
236
219
298
314
296
404
352
214
412
307
316
291
418
221
444
318
239
400
355
248
501
431
335
406
376
209
416
368
290
292
198
82
138
175
130
174
84
-6
-10
-27
-33
-36
-11
-29
6
-29
-30
-30
-6
-23
-21
-59
-55
-35
20
-38
-13
-32
-54
-49
19
-42
-25
-29
-28
-34
13
-36
-9
-24
-30
-40
54
-35
-33
-52
-47
-40
-8
-88
-61
-26
-25
-16
-92
-122
-55
24
114
98
-44
-134
-71
16
-17
10
-89
-115
-45
-22
-15
-21
-81
-126
-76
-20
-6
60
-52
-83
-53
15
-7
6
-85
-93
-42
-25
-24
-40
-66
0
0
0
0
58
1
2
74
28
0
31
2
2
1
1
54
10
1
2
1
1
12
7
2
1
1
13
20
1
2
1
2
0
17
0
2
1
1
0
33
47
1
45
76
-19
69
37
165
35
127
91
89
76
145
58
150
91
105
149
46
99
64
98
4
-17
75
77
-24
-24
-7
106
40
114
23
-1
16
-31
81
34
18
54
-7
36
110
-39
-33
-51
-36
-55
-47
-30
-24
-11
-7
-27
-57
-31
-48
-50
-56
-74
-57
-32
-54
-51
-64
-80
-59
-34
-68
-102
-87
-73
-74
-35
-55
-68
-72
-55
-39
-17
-8
-5
59
42
-20
-110
-188
-141
-122
-126
-160
-87
-110
-126
-168
-125
-108
-93
-147
-113
-106
-98
-119
-83
-125
-96
-119
-80
-104
-74
-128
-115
-85
-119
-116
-101
-116
-113
-96
-97
-140
-69
-56
-72
-57
-61
-76
-71
-96
-30
-18
-6
-37
-80
-100
-97
-107
-74
-83
-52
-65
-80
-63
-80
-86
-63
-81
-53
-35
-38
-89
-69
-90
-76
-51
-97
-101
-64
-64
-70
-78
-94
-120
-82
-34
-35
-12
-52
-96
-100
-102
-116
-116
-105
-91
-104
-140
-144
-132
-120
-131
-132
-165
-126
-151
-99
-139
-101
-138
-139
-143
-135
-135
-92
-136
-147
-130
-127
-151
-103
-145
-138
-138
-152
-129
-54
-86
-95
-102
-88
-112
-50
-22
-23
-30
-12
-35
-22
78
-4
63
51
111
-25
-25
-8
12
7
-24
-46
-18
6
156
35
-8
-48
-8
67
79
24
-21
-20
28
14
-5
91
-6
-29
-9
-42
-43
-44
-21
-113
-136
8
85
-80
-58
-55
-148
-121
-126
-119
-106
-53
-97
-157
-140
-83
-142
-84
-124
-35
-52
-161
-138
-41
-77
-115
-133
-118
-127
-27
-94
-128
-142
-121
-76
-39
-53
-55
-45
-73
-99
403
383
240
152
252
325
163
96
141
270
238
143
255
387
214
108
179
40
277
307
246
159
246
125
221
204
74
115
180
93
219
184
143
77
78
42
204
282
244
174
203
122
-16
-66
-57
-54
-110
-71
-70
-101
-110
-153
-200
-160
-76
-196
-112
-182
-214
-76
13
-29
-130
-184
-212
-93
-77
-131
-173
-189
-193
-88
-33
-20
-124
-111
-151
-29
1
-31
-44
-30
0
21
-33
-33
-34
-42
-37
-36
-48
-54
-55
-40
-54
-53
-40
-43
-58
-65
-53
-52
-40
-48
-46
-62
-63
-48
-39
-52
-60
-63
-52
-56
-35
-44
-49
-51
-52
-43
-34
-47
-58
-57
-58
-42
-37
-81
-29
-64
-21
-72
-51
-113
-73
-67
-80
-77
-34
-65
-31
-29
-34
-58
-7
-68
-42
-50
-24
-65
-31
-62
-44
-45
-46
-70
-14
-74
-14
-26
-54
-81
95
106
134
128
81
22
-356
-238
-462
-545
-498
-377
-304
-275
-367
-364
-380
-195
-345
-303
-340
-285
-316
-217
-334
-435
-418
-330
-228
-291
-372
-246
-214
-266
-253
-313
-405
-402
-291
-184
-188
-253
-292
-305
-277
-356
-320
-290
176
193
146
131
132
296
434
333
127
-5
240
332
374
425
163
229
190
345
260
310
253
309
311
383
265
353
251
250
209
276
220
392
364
321
222
313
320
356
431
359
383
329
147
28
11
265
163
319
347
15
152
228
121
306
257
75
30
143
58
155
344
235
92
6
81
181
386
127
37
25
152
319
433
22
90
121
31
125
253
146
57
48
65
45
-38
-43
-75
-61
-73
-57
-7
29
-13
-18
-11
-19
-16
-5
-17
-26
-46
-49
-34
-13
-20
-22
-37
-39
-37
-35
-17
-31
-44
-40
-34
-15
-14
-17
-23
-30
-29
-20
-17
-8
-14
-28
-224
-252
-196
-225
-274
-216
-14
-77
34
53
10
-40
-15
-6
67
25
-26
-20
-59
-104
-68
-49
-21
-8
-82
49
64
-99
-76
-46
-64
7
-13
-75
-83
6
-124
-212
-205
-141
-162
-156
-1
37
29
96
69
-1
14
192
82
80
-1
-1
61
88
-1
-3
-3
-3
21
92
-1
-2
-4
-2
-1
-1
-2
-4
-3
-1
16
-1
-2
-1
-2
-1
-1
-2
-4
-4
-2
-1
147
34
-34
-2
-17
39
82
-23
-15
-51
-59
-1
148
1
99
71
-10
59
144
-4
-21
-53
-31
80
79
-12
-11
-21
-14
114
72
-19
-12
-35
-19
7
117
96
175
214
250
250
69
59
40
35
36
51
57
52
87
62
72
38
66
84
69
94
80
41
67
49
37
22
52
13
75
58
81
75
65
29
41
22
25
13
38
0
18
13
29
3
14
200
-136
-162
-190
-149
-205
-75
-94
-75
-175
-260
-259
-201
-131
-274
-386
-334
-358
-153
-206
-357
-434
-323
-324
-137
-212
-322
-360
-342
-395
-231
-265
-315
-341
-393
-440
-197
-139
-177
-236
-218
-291
-108
-136
-179
-164
-136
-157
-147
-149
-181
-158
-183
-134
-167
-119
-142
-177
-193
-196
-202
-135
-177
-177
-180
-191
-209
-110
-175
-138
-156
-162
-183
-124
-181
-148
-191
-173
-197
-88
-81
-91
-86
-108
-133
66
219
92
3
7
224
94
153
24
5
47
223
12
6
51
84
29
45
48
14
32
33
41
79
104
20
60
53
31
46
89
42
73
85
59
5
140
174
42
3
88
263
93
63
87
64
61
107
113
79
112
122
107
109
107
89
108
150
108
112
91
84
110
118
106
122
98
81
103
101
82
119
106
101
101
98
100
107
89
109
106
118
89
97
-204
-230
-226
-223
-231
-195
-137
-215
-194
-153
-137
-166
-182
-221
-149
-187
-154
-184
-169
-193
-196
-218
-184
-188
-190
-224
-260
-234
-211
-187
-198
-213
-227
-245
-230
-192
-162
-119
-119
-137
-150
-192
-27
-36
-23
-7
-16
-13
80
158
116
213
338
238
-9
74
112
127
76
60
-27
16
111
151
73
65
13
117
76
109
65
171
-7
-8
12
-3
81
86
-17
-3
-15
-10
-16
-20
121
75
153
176
165
128
185
6
172
157
112
27
140
81
142
139
89
85
181
50
73
85
75
30
134
53
128
90
178
66
142
172
128
195
154
132
108
4
26
7
166
104
-165
-208
-224
-232
-185
-206
-156
-174
-136
-113
-110
-131
-182
-225
-146
-119
-146
-138
-198
-193
-180
-169
-127
-162
-184
-167
-129
-92
-124
-158
-181
-163
-106
-113
-124
-155
-174
-160
-110
-86
-139
-172
-36
-34
-31
-31
-36
-29
-46
-68
-47
-33
-52
-65
-44
-58
-27
-40
-33
-57
-43
-68
-37
-44
-48
-51
-43
-67
-57
-51
-49
-59
-40
-52
-28
-32
-47
-40
-31
-31
-20
-25
-18
-44
-57
-105
-99
-83
-80
-108
-99
-135
-113
-136
-120
-109
-103
-132
-141
-96
-117
-93
-108
-158
-147
-77
-75
-101
-103
-113
-106
-94
-91
-95
-53
-101
-81
-63
-93
-117
-101
-125
-96
-96
-133
-136
-71
-119
-137
-139
-98
-72
-72
-181
-156
-186
-210
-147
-65
-131
-133
-162
-134
-82
-40
-106
-163
-158
-119
-82
-62
-130
-179
-216
-139
-137
-44
-90
-144
-133
-138
-99
-32
-69
-97
-101
-95
-96
-40
-57
-35
-75
-40
-33
-35
36
90
-23
102
-52
-51
146
180
85
73
-51
-60
22
85
-1
114
-32
-28
-4
21
113
110
-21
-111
-110
-69
-90
-79
-134
-74
-16
32
31
37
-37
30
-16
-110
-123
-135
-81
26
-338
-420
-435
-206
-64
50
-11
-200
-255
-161
-37
74
3
-274
-297
-111
18
144
41
-88
-197
-194
57
32
-126
-240
-81
-132
-22
-30
-492
-534
-467
-393
-107
-220
-138
-138
-155
-173
-197
-189
-109
-146
-149
-137
-166
-194
-185
-161
-173
-158
-184
-230
-173
-99
-71
-160
-189
-224
-180
-140
-135
-197
-181
-184
-143
-112
-143
-77
-102
-173
-102
-87
-77
-107
-129
187
192
60
19
96
189
187
168
341
339
356
276
197
291
338
258
330
286
246
283
337
293
276
204
246
289
305
348
251
245
134
240
239
311
297
188
130
159
177
265
238
81
6
68
89
48
9
63
14
23
74
202
129
21
27
30
3
76
53
62
26
17
74
86
53
70
85
9
20
44
56
57
20
44
35
17
44
57
143
70
78
61
141
1
271
120
11
129
94
160
52
95
185
188
133
121
57
95
25
60
146
34
80
196
317
188
32
23
40
109
140
178
169
38
32
241
230
72
286
44
105
56
13
118
37
75
479
557
473
507
535
668
494
322
290
418
382
414
495
719
525
493
621
618
572
542
497
392
385
614
554
629
448
519
475
497
487
567
443
494
345
499
272
39
66
5
128
244
8
31
56
63
103
97
85
104
94
86
192
160
127
194
159
210
172
107
46
175
220
219
211
136
73
156
175
177
151
104
82
146
184
152
188
79
10
80
71
65
42
0
171
269
362
422
292
326
46
92
210
180
116
142
111
305
304
390
278
205
95
201
232
203
159
199
130
217
279
164
183
257
150
207
183
174
243
272
-41
-22
-32
-29
-38
71
-99
-102
-80
-105
-127
-110
-40
-49
-36
-22
-13
-48
-49
-6
-70
-58
-70
-82
-74
-28
-21
-34
-77
-66
-54
-52
-83
-77
-53
-60
-58
-52
-78
-80
-64
-59
-85
-123
-119
-81
-124
-99
-66
-43
-85
-74
-53
-96
-177
-161
-192
-227
-206
-180
-144
-166
-160
-174
-80
-148
-145
-102
-143
-106
-124
-134
-124
-161
-143
-112
-104
-123
-86
-90
-35
-43
-87
-108
-92
-37
-46
-75
-86
-139
-66
-34
-44
-60
-51
-59
-40
-5
30
96
82
-14
-37
-3
72
-28
15
-33
-37
-11
-6
-24
-13
-50
-24
-4
59
35
108
-40
-58
-28
-10
-20
-7
-35
-32
-20
-12
-11
15
-23
239
283
399
455
430
318
-3
85
266
256
129
66
-4
-2
135
176
216
-1
32
24
68
-3
3
18
83
-3
28
-3
63
99
80
4
57
50
31
48
-10
-2
-5
-6
-4
-2
-64
-100
-101
-70
-145
-45
-87
-97
-132
-190
-210
-163
-30
-153
-135
-120
-192
-130
-44
-148
-177
-180
-167
-140
-40
-128
-177
-165
-137
-116
-5
-55
-27
-45
-118
-96
-45
-66
-71
-68
-68
-60
