0.247830
-1.079113
0.065308
-0.631024
-0.371258
-0.584316
-0.267004
-0.737064
-0.084049
1.918827
0.379740
0.863334
1.289776
-0.733006
0.374131
-0.263266
1.345975
-0.090081
0.926483
0.805659
0.687863
0.252025
-0.443562
0.072933
-0.970960
-1.430465
-0.329356
-0.785061
0.899975
0.829787
-0.750217
-0.296055
0.435674
0.032613
-0.815732
1.776930
0.173884
0.759416
-0.228731
1.849389
-0.455239
-0.072654
-0.339546
-0.300342
0.817808
-0.648792
-0.518163
-0.295178
-0.671760
-0.095490
-0.728715
-0.055705
-0.279899
0.092210
1.254643
0.256363
-0.901071
-1.945003
1.544089
-0.432886
-0.163957
-0.776475
0.159038
-0.020036
0.550920
0.193447
0.498086
0.510306
0.568019
0.246670
0.149545
-0.024242
0.349288
2.783273
0.055269
-0.756040
-0.590462
-0.557107
0.079671
-1.011168
0.390939
1.472629
1.205878
-0.090752
0.563236
0.951242
1.131593
-0.402122
-0.404134
1.060531
0.267946
0.346364
-0.487670
-0.704438
1.822936
-1.383658
-0.458525
0.761090
-0.299674
-1.097593
-0.479803
-0.270837
-0.052130
-1.779672
0.569830
1.479740
-0.559541
-0.530728
0.146528
-0.021607
-0.131966
1.306068
1.096979
-1.973122
0.112967
-0.775691
-0.806721
-0.125151
-0.415957
-0.629142
-0.747611
-0.213828
-0.276774
0.646775
-0.469151
-0.350801
-2.170278
-1.014381
-0.410690
-0.163273
-0.005776
1.095805
0.564047
0.452471
1.649470
-0.942184
-1.070217
-0.658707
-0.402408
-0.015973
0.279359
0.497819
1.472309
0.924700
-0.799042
0.283539
-0.330360
1.310441
-1.422333
-1.120063
-1.859679
-0.562497
-0.006156
0.218520
0.323254
0.589675
0.793455
0.139562
0.807095
0.437116
0.282377
0.523203
-0.726802
-1.107593
-0.662597
0.103911
1.518992
0.312789
-0.050042
-0.794698
-0.271384
-0.022939
0.121603
0.232721
1.470276
-0.794367
-0.592913
0.464593
0.311375
-0.197662
-0.592221
-0.190638
0.266343
-0.154552
-1.003998
0.997924
-0.720301
-0.708561
1.518247
0.065134
-0.036623
-0.019225
-0.372446
2.554492
0.181586
-0.441135
-1.463665
0.174911
-0.865288
1.097060
1.686374
-1.027964
0.425311
0.864790
-1.892574
-0.481910
0.163593
-0.045337
0.580291
-0.239143
0.259257
-1.266106
0.196870
0.172525
-1.000324
0.310460
0.340312
1.674016
0.021132
-0.816549
0.264633
-0.401579
0.031944
0.031553
-0.521954
0.115190
-0.334151
0.083749
-0.838861
1.194553
0.797825
0.223963
0.757749
0.858440
-0.332796
-1.611845
0.446015
0.056226
1.943672
-1.555324
0.198438
0.048579
-0.119692
1.143960
1.104562
0.620556
-0.214522
-0.358028
-0.180456
-0.803509
-1.113709
-0.362179
0.648806
0.407914
0.677367
0.064909
-0.792015
-0.271691
-0.041351
-0.062283
0.548070
0.532348
0.059703
0.353249
0.567339
-1.432828
1.658950
0.467686
-1.683234
1.348703
0.063921
1.993207
0.583803
-0.533026
0.676171
0.074258
-1.532210
-1.204393
0.074517
0.057448
0.486432
-0.256005
-0.944605
0.162169
1.473853
-0.128889
-0.701292
0.377692
-0.369973
0.384167
1.264835
0.615070
-3.260560
1.257546
0.635208
0.539044
0.730167
0.534780
1.434025
0.370244
1.162291
-3.529706
0.786523
0.279185
0.754615
-0.072120
1.064915
0.036179
-0.842632
1.577340
0.448408
-1.193659
-0.021450
-0.039489
-0.360604
1.035101
0.256169
-0.977318
-0.898815
1.017031
1.103541
-0.134412
0.468014
1.680369
2.309269
0.801820
-0.761665
-1.915955
-0.863418
1.108435
0.309011
-0.050553
0.095805
-1.156801
-1.060387
-2.244627
0.501867
0.414219
0.671786
-0.941081
-0.190326
-1.067963
-0.315848
1.061155
0.076956
-1.021684
1.427842
-1.160194
-0.456320
0.909505
-0.239867
0.964017
1.007905
0.683963
-0.299277
-1.395167
0.115750
0.447999
1.395848
0.018482
1.786914
0.782933
-0.099175
1.113437
-0.485548
-0.553611
-0.509694
-1.553083
-0.461845
0.294508
0.942467
0.422520
0.858554
-0.767249
0.881815
1.184755
-0.219012
1.212133
0.755159
-0.067460
-0.702013
1.712318
-0.664891
-0.998739
1.332040
-0.428667
-0.934429
0.686418
1.673425
-0.141543
-0.678486
0.812057
-0.981082
-0.155320
0.379773
-0.176901
-0.335673
0.534470
0.167252
2.342866
1.146059
-1.711659
1.213836
-2.196745
0.087208
0.911758
-0.359068
-1.626942
1.772841
0.359619
-1.494060
-0.291870
0.651704
0.029883
1.430607
-1.142145
1.449038
2.019890
-0.729630
1.863129
-0.609999
-0.822927
-0.803172
-0.231844
-0.446367
-0.069214
-0.396158
1.208442
-0.836641
-0.432478
-0.392700
-0.300589
1.042729
-0.278782
-1.091450
1.217915
-0.285017
-0.705291
1.059550
-0.073973
-0.837609
0.130188
0.094659
0.156906
0.701426
0.575079
0.385968
0.000192
0.171300
0.014782
-0.204768
-0.745894
-0.190627
-0.300574
0.012039
-0.521599
-0.271334
0.425608
-0.635064
-0.189842
-0.315682
-1.606022
-0.267394
-1.674542
-0.206274
2.845836
0.718214
0.673078
-0.561322
-1.461336
-2.181459
2.049775
1.110637
-1.416866
0.626052
2.422502
-0.638071
-0.434863
-1.624785
0.146384
-3.090417
1.617178
1.618179
-1.074917
2.577189
-1.109701
0.181814
0.495405
0.907117
-1.122352
1.747433
-1.492126
-0.595336
2.332147
0.020848
1.722697
0.732909
-0.752077
0.676322
0.217584
-1.065377
0.373964
-0.201272
-1.627488
-1.546077
-0.872951
-0.283609
-0.087402
2.593325
-1.244789
0.057385
0.954578
0.113700
1.557454
-0.071797
-0.546869
0.695226
0.494767
-0.012655
0.011894
-0.153272
0.177065
0.133964
2.322910
0.332569
-0.242160
-1.040331
-0.131622
-0.337420
-0.054526
-0.324916
0.447955
0.165297
0.103823
0.188504
2.724997
0.062230
0.017248
-2.491796
-0.209955
-0.000075
1.159987
-0.929573
2.882148
1.839779
-2.404736
-0.397739
-0.572412
-1.123545
-0.320045
-1.673117
-1.226656
0.593798
0.480922
0.421192
0.664931
0.935351
0.218900
-0.603569
2.370111
-0.122061
3.080969
-3.861403
0.617421
0.559233
-1.042607
0.042262
1.956505
0.808128
0.174856
1.062460
-0.037534
0.279791
-1.281967
-1.548020
-1.170434
0.425438
2.056352
0.701375
-0.006495
-1.831127
-0.285508
-0.123321
0.100219
-0.159014
0.872765
1.299307
0.775852
-0.405307
-0.219224
-0.512378
-0.629890
0.341286
-0.425498
-0.447706
-0.300432
0.408980
-1.037301
0.323747
0.532609
0.297233
-0.336341
0.280631
-0.066659
-0.314990
0.236287
-0.784453
-0.581564
1.922187
0.089062
0.460086
-0.077342
0.452039
0.656678
-0.151726
0.759276
-0.259177
-0.194815
0.364056
-0.962805
-0.677147
0.320507
0.424777
-0.158036
0.619554
-0.901549
0.567515
0.138764
1.276631
0.185621
-0.155719
0.554404
-0.249961
0.536388
0.263617
0.645034
0.288804
0.514199
0.020179
-0.522891
-1.698337
0.753998
0.393802
1.338827
-0.312528
1.446368
0.231832
0.008257
0.245501
-2.138354
0.128119
0.287637
1.796076
-1.038054
0.257102
0.289561
0.834908
0.170845
0.523231
0.148465
-0.066683
-0.968754
-0.263128
0.036303
0.168008
0.027044
0.384880
-0.929314
0.412109
0.320479
-0.859058
1.194193
-1.385289
0.227041
-0.953576
-0.383723
1.477064
1.101411
-0.634315
-0.258516
1.904995
-0.552799
-1.171816
-0.172528
-0.111279
0.206234
1.528800
-0.090709
0.305691
0.045347
-0.171260
0.376820
-0.976303
-0.326468
0.234886
0.646899
-1.841682
1.465828
0.790754
-0.326934
-0.468658
-0.778883
-0.016089
-0.112108
-0.152009
-0.218941
1.263054
-1.009994
-0.805888
-0.218668
-0.279085
0.347380
0.776059
0.708740
-0.103577
-0.157941
0.601596
0.671611
0.404427
0.065428
0.127922
0.312948
-1.116626
0.420290
-0.837871
-0.288721
-0.881356
-0.258516
0.098611
-0.274637
0.925211
-0.142073
0.579220
1.090523
-0.947551
0.352637
-0.347254
-0.289915
-0.483084
-0.132777
-0.260645
-0.144579
-0.067808
-0.145078
-0.466836
-0.634954
-0.370044
-0.018178
-0.184804
1.209671
-0.211432
0.043227
1.485958
0.952640
0.459533
-2.195211
-0.477657
1.204719
-0.202412
-0.608748
0.850976
-2.211531
0.723940
0.675833
0.617134
0.720711
1.369302
0.722318
0.158423
-1.540900
-0.440075
0.276818
-1.656671
-0.208370
0.589537
-1.920746
-1.638721
2.247041
0.304063
-0.105570
0.325722
0.707783
-0.213308
-0.250691
-0.151828
-0.135018
-0.088148
-0.041463
-0.122017
-0.119904
-0.618281
-0.085102
0.809370
-0.391339
0.429014
1.985008
-4.085494
2.047178
0.871878
-1.756478
0.596356
-0.534752
0.243332
1.645071
-1.174933
-0.411660
1.167632
-1.001055
-0.485596
0.303595
-0.030965
-0.027027
-0.277859
-0.070607
-0.176478
-0.059936
-0.230179
-0.745472
-0.256147
-0.319238
1.686909
-0.020920
1.688965
0.768363
-0.123328
-0.144759
-2.315301
-1.526516
-0.480344
0.026056
0.080013
-0.385661
0.259480
-0.784069
-0.772449
0.149184
-0.695788
-0.556934
0.090269
-0.182115
0.365560
1.482571
0.196543
0.021548
0.937922
0.807139
-0.250348
-0.013503
-1.178247
-0.987193
2.022040
1.140029
-0.377816
0.410453
0.913789
3.658415
-1.729750
0.069314
0.850800
-2.201262
0.507054
-1.215136
-0.394253
-1.026563
0.058674
-1.971827
-0.290931
0.522196
2.035201
-0.055237
0.206022
0.338214
0.121849
0.551767
-0.156110
-1.381941
1.292372
0.668486
0.095714
-0.336297
-1.875096
-0.521918
-0.230844
-0.336914
0.000775
1.560811
1.609648
-0.519743
-0.715216
-0.758729
0.118207
0.075667
1.665987
1.265298
-1.651531
0.619150
-1.137290
-2.099563
-0.850508
-0.262010
-0.819123
0.521909
0.241293
-1.610832
0.220679
0.322372
-0.911414
0.040651
-0.358705
0.952882
-0.206066
-1.531336
-2.226047
1.297787
0.742081
0.230379
-0.897455
-0.415378
-0.358480
-0.994346
0.540525
-2.027574
1.753522
-0.973605
-1.326374
-0.930329
-0.087960
-0.571302
1.118612
0.212952
-0.466988
-0.371830
0.480670
-0.370771
0.862307
0.997858
-1.116664
1.969215
1.212898
1.768716
-1.402437
-0.978185
-0.608830
-0.917477
-0.186307
0.428112
0.745227
0.328255
0.599385
0.654655
0.628808
-0.340316
-2.457766
-0.658034
1.067905
1.312335
1.070407
-0.516489
-1.549465
-0.541672
-0.521556
0.024718
-0.457179
1.028755
0.239553
0.507829
0.653450
-1.165646
1.237173
-0.290880
-2.161132
0.176136
0.798571
0.883725
1.321960
0.612845
-3.389383
-0.798400
0.986100
2.287855
1.387165
0.382381
-0.089334
0.248373
-0.040379
3.505130
0.717761
-0.576995
0.119980
0.569707
-0.037134
-0.697708
-0.162562
0.270475
-1.186848
-0.075669
0.306433
0.293728
0.105756
-0.252407
-2.359471
-0.524646
0.251244
1.735211
0.482101
0.136463
-0.186323
0.209624
-0.371407
-0.116747
-0.426537
0.167356
0.198256
-0.168006
-0.602524
-1.635949
0.124698
0.472403
0.921994
0.532601
0.527573
-2.618714
1.321619
-0.356431
0.503983
-0.065241
1.178144
-0.240182
0.103669
1.668219
1.614495
0.351932
-0.469293
0.837531
-0.330066
0.159171
0.222064
0.123062
0.166041
-0.177942
0.121802
0.165220
0.185430
0.143801
-0.715691
1.413446
-0.465898
0.873352
-0.846228
1.011817
0.090325
1.123783
0.472976
1.281366
0.541603
-0.975397
1.188956
-2.370051
-0.351034
0.134756
-0.379204
-0.119489
-0.040677
0.209480
-0.100861
0.949998
2.800300
-0.117961
-0.309914
0.250188
0.081100
-0.198393
-0.196829
-0.096788
0.038326
-0.360975
-0.298279
-1.097761
-0.050080
-1.138512
-0.149083
-0.257144
-0.758807
-0.723390
0.848652
2.256011
0.354000
0.086398
0.066724
0.041031
-2.006403
-1.067219
0.488295
1.887890
-0.124493
-0.529741
0.520181
0.136483
-0.056822
0.537476
-0.129364
1.066352
0.027080
1.163926
0.424166
0.688082
0.388297
-1.766201
2.603414
-0.692814
-0.574288
0.132626
-0.123813
-0.124083
-1.589843
-0.467446
-0.188585
0.709912
-0.333801
-2.036976
-0.114570
-1.621053
-0.608435
-0.458530
-0.411590
0.123024
0.401408
-0.396027
-0.489773
0.642424
-1.029295
0.182299
0.113485
-0.497463
-0.838585
-0.462520
0.267965
-2.437283
1.064059
2.250537
-0.606981
0.543933
0.423236
0.580595
-1.205455
0.438336
1.486343
2.207819
0.159114
-0.367251
-0.303967
0.339509
