-207
-378
-256
-210
105
134
-101
63
436
356
83
64
403
-329
-13
330
-241
68
205
-60
523
120
-22
607
-341
-146
-333
-380
-151
102
157
245
308
-108
-67
-76
-449
-128
58
6
-179
183
309
37
298
344
265
254
501
-331
-219
209
243
233
-299
-55
-198
-78
-55
-291
109
-362
-23
-140
-192
-300
397
-276
-374
-227
-281
-110
759
265
-130
265
-141
-210
157
-146
101
66
345
278
-11
-161
417
-676
80
116
-70
402
-302
405
200
16
194
-428
-327
-222
306
52
-137
-492
347
187
-184
-80
369
99
-129
48
58
-569
173
-253
478
247
-140
-263
493
42
-79
-129
382
161
310
273
