-0.015167
0.075757
0.115693
0.052942
-0.043478
0.031863
-0.085134
-0.041775
-0.144694
-0.084330
-0.016361
-0.107264
0.046071
-0.122599
-0.070514
-0.026261
-0.033741
-0.009457
0.074330
0.019774
-0.026349
0.208586
-0.014029
-0.164062
-0.010050
-0.024382
0.003080
-0.039124
-0.054224
-0.058784
0.053458
-0.019372
0.065281
0.087939
-0.011049
0.100943
-0.023330
0.007834
-0.091298
-0.131696
0.094526
-0.016352
0.037535
0.068990
-0.114806
-0.039501
-0.063044
0.073460
-0.013057
0.016968
0.036015
0.090661
-0.009864
-0.178661
0.030986
0.098417
-0.002036
-0.074554
-0.018309
0.008570
0.150207
0.030015
-0.008543
-0.015720
-0.029151
-0.003062
0.043267
-0.112336
-0.146831
0.115880
-0.156516
0.086062
-0.034281
-0.074638
-0.030692
0.024986
-0.003303
-0.113617
-0.235552
0.213100
-0.015050
0.025635
0.014139
0.099468
-0.145204
-0.014027
-0.015812
-0.028007
0.117901
0.003655
0.011968
-0.055182
-0.196573
0.047801
0.072646
0.016013
0.065495
0.135890
0.210438
0.081443
0.196041
0.053337
0.032626
0.042592
0.175734
-0.006617
0.070207
0.057114
-0.167379
0.208068
0.048080
0.130391
0.031017
0.066600
-0.010649
0.102828
-0.094788
-0.073015
0.077058
0.172227
-0.074200
-0.227530
-0.176389
-0.133609
-0.120088
0.006618
-0.015254
0.223464
0.088421
0.063669
0.051951
0.016163
0.045531
-0.062517
0.050018
0.029199
-0.033810
0.046509
0.070409
0.076612
0.087125
0.044702
-0.055164
0.082557
-0.038586
-0.006573
0.065572
-0.007673
0.078240
0.073933
-0.071890
-0.118211
0.043947
-0.107508
-0.105157
-0.052842
0.082989
-0.032045
-0.010611
0.040785
0.108486
0.030383
0.091741
0.065444
-0.109605
0.037563
0.025750
0.098707
-0.032969
-0.044198
0.052801
0.088058
-0.121429
0.040517
-0.058815
0.098579
-0.011656
-0.042443
-0.020590
0.005171
0.022527
-0.010809
0.049764
0.048315
-0.068146
-0.095178
-0.076769
0.041541
0.002687
0.208346
0.124136
0.052770
-0.068742
0.055845
0.208957
0.073462
0.124564
0.159679
0.023801
-0.025350
-0.071693
0.045770
0.158538
0.002932
-0.050784
-0.059665
0.002722
-0.131504
-0.021722
0.082096
-0.023267
-0.060788
-0.121426
0.017395
0.019653
0.004203
-0.079965
0.175967
0.020532
0.076206
-0.062046
-0.176685
-0.097608
0.071786
0.016714
0.101002
-0.177887
-0.001806
0.080997
-0.063054
0.072221
0.018521
0.004483
0.133649
-0.018776
0.048465
0.004513
-0.161627
-0.048595
0.165828
0.003614
-0.143770
0.038223
-0.036404
-0.206504
0.060090
0.093241
0.158278
0.068297
-0.077086
-0.121085
-0.039289
-0.015352
0.081758
-0.130774
0.154364
0.160457
-0.075467
0.013192
-0.039980
0.032107
0.082357
-0.009395
-0.060894
-0.086979
0.003329
0.054655
-0.074542
0.125679
-0.047691
-0.085083
0.081056
-0.145346
0.173410
-0.072108
0.003021
-0.132564
0.040466
-0.021514
-0.152849
-0.001586
-0.197588
0.118610
-0.000922
-0.033145
-0.009107
-0.151109
-0.004536
0.175283
-0.127065
-0.165484
-0.181414
-0.017735
-0.115653
-0.112903
0.032330
0.035543
0.006310
0.036870
0.085691
0.052990
0.008253
0.037718
-0.015468
0.099319
-0.131129
0.094724
0.066607
0.065675
-0.055824
0.011609
-0.084930
0.095914
0.088722
0.008940
-0.019305
-0.148534
-0.005492
0.047321
-0.139812
0.100289
0.007767
-0.076494
0.034481
0.013747
-0.025600
-0.064887
-0.224566
0.001152
-0.116396
-0.056830
-0.079679
-0.012117
0.028300
-0.037640
-0.004260
-0.054998
-0.161632
0.059404
-0.008972
-0.149275
0.153371
-0.134270
0.084529
0.066164
-0.065404
0.062287
-0.040167
-0.046729
0.129361
0.021374
0.022773
-0.083275
-0.109813
0.031440
-0.053535
0.035242
-0.046612
0.059921
0.089696
-0.051997
0.009505
0.052912
-0.044432
0.074590
-0.069125
-0.009192
-0.010090
0.177046
-0.185263
-0.043642
-0.020005
-0.038604
-0.174436
-0.161833
-0.166780
0.026184
-0.057147
0.015850
-0.068457
-0.026920
-0.040572
0.101425
0.019412
-0.008789
-0.199045
-0.096633
-0.085180
0.104638
0.193921
0.063363
-0.033118
-0.032245
0.037948
-0.021009
-0.150998
-0.047946
-0.017756
0.083911
-0.024490
0.110856
0.021565
0.046645
0.020228
-0.070895
0.048225
0.175381
-0.084086
-0.303244
-0.120530
-0.256545
-0.129620
-0.122580
0.017982
-0.124252
-0.022562
0.038271
-0.017515
0.019155
0.122301
0.086459
0.140809
0.016759
0.045140
0.005362
0.030017
0.001336
0.019476
-0.079522
0.024718
0.068762
0.034584
0.086526
-0.036230
0.028017
0.138042
0.058992
-0.247254
0.062381
0.163533
-0.106362
0.268025
0.023758
-0.066342
-0.048173
0.075966
-0.255288
-0.006539
-0.022586
-0.002982
-0.134943
-0.101741
0.166933
-0.043720
0.066126
-0.044397
-0.193915
0.129941
0.009148
0.137254
0.044851
0.046855
-0.144426
0.176740
0.097211
0.119873
-0.056577
0.069093
-0.066976
-0.005714
0.025209
0.085927
-0.083406
-0.079002
0.131708
-0.188348
0.095402
0.061209
0.051016
0.034199
-0.146650
0.107980
0.100651
0.004867
-0.072745
-0.126194
0.048246
-0.022634
-0.067931
-0.031310
-0.067099
-0.009026
0.095220
0.165546
-0.023735
0.096329
-0.042791
-0.098326
0.013794
-0.009203
-0.246560
0.030576
0.083497
-0.240584
-0.040726
-0.020292
-0.120478
-0.019833
0.046299
0.016382
0.042516
0.033590
-0.005444
0.223854
0.005635
0.098503
0.061947
-0.117963
-0.035830
0.085146
0.004158
0.030266
-0.055334
-0.022182
-0.115343
-0.063200
-0.108931
-0.016415
-0.056209
-0.067381
-0.066744
-0.141764
-0.028921
-0.134676
0.174170
-0.078362
-0.091175
-0.038147
-0.005689
0.054895
0.041403
-0.077340
-0.002697
0.118467
0.106080
-0.052788
-0.187634
0.091089
-0.042230
-0.089319
-0.061265
-0.092065
0.047350
-0.070676
0.146062
-0.033368
0.052731
0.082410
0.144051
-0.104414
0.010957
0.098129
-0.103462
0.047072
0.073287
0.162741
0.007044
0.106562
-0.064387
0.054099
0.001586
-0.015450
-0.139561
-0.121210
-0.076701
0.075183
0.036492
0.106092
-0.096940
0.093804
0.014856
-0.038048
0.117693
-0.090611
-0.023299
0.041363
-0.108857
0.069865
-0.029212
-0.032140
-0.123897
-0.212011
-0.054466
-0.166297
-0.036475
-0.067532
-0.143773
-0.129047
0.098267
-0.015162
-0.015416
-0.115798
0.137624
0.054943
0.023079
0.143926
-0.141896
-0.024976
-0.310223
-0.156087
-0.158512
0.162581
0.076040
-0.175739
-0.010230
-0.081928
-0.173894
0.095074
-0.066941
-0.204520
-0.041829
-0.072495
-0.113489
-0.114915
0.109602
0.077383
-0.029883
0.081609
-0.096932
0.070479
-0.102055
-0.039132
-0.165293
-0.119978
-0.106938
0.057231
-0.016576
-0.149800
0.165477
-0.097422
-0.126156
0.172212
-0.061100
0.039893
0.080204
0.058041
0.080822
0.058266
0.087393
0.007425
0.138723
-0.045313
-0.023269
0.038107
0.222655
0.156578
0.020776
-0.016832
-0.090937
0.079564
0.102366
0.121416
-0.133585
0.078532
0.037517
0.054898
0.090259
0.212542
-0.129792
-0.089363
0.138944
0.126180
0.015503
0.006783
-0.044797
0.078502
-0.041840
0.285805
0.118164
-0.039670
0.060003
0.002062
0.056988
-0.079372
-0.111101
-0.030479
0.059904
-0.074329
-0.040737
0.008187
0.001820
0.110795
-0.082603
-0.067210
0.034697
-0.169605
-0.105888
-0.107536
0.089315
0.035913
0.071407
0.039916
0.041275
-0.064045
-0.012041
0.099586
-0.074879
0.222551
0.146874
-0.107936
0.027898
-0.124875
-0.238262
0.058444
-0.030658
-0.009536
-0.047431
0.034780
-0.010430
-0.025677
0.144403
0.166437
0.005637
0.094095
0.120253
-0.006353
-0.097428
0.034808
-0.084760
-0.013025
0.118514
-0.005887
-0.010378
0.036736
-0.044826
0.018511
-0.188389
0.032231
-0.008836
0.111307
0.091430
-0.141677
0.207377
0.026402
-0.056431
0.139415
0.017154
-0.068426
0.167868
-0.280390
0.085820
-0.042606
0.005427
-0.026091
-0.033433
-0.017469
-0.073916
-0.086883
-0.020705
-0.084744
0.011659
-0.129914
-0.112647
-0.033978
0.118254
-0.004325
-0.371045
0.214357
0.146349
-0.073432
0.022342
-0.134842
0.029315
-0.109727
-0.092049
0.051966
0.002941
-0.052088
-0.004472
0.203877
0.067099
0.006201
-0.010922
-0.081965
-0.053074
0.193898
0.011492
0.003429
-0.107659
0.163742
-0.101363
-0.178397
-0.057340
0.038118
-0.019169
0.028705
0.023399
-0.075951
-0.004485
-0.072022
0.046488
-0.017909
-0.077502
0.014544
0.024276
0.048864
-0.121632
-0.143009
0.051998
-0.033202
0.046667
0.135581
-0.018411
-0.030861
0.028993
0.022592
-0.033594
-0.088613
0.014241
0.012036
0.138066
-0.036528
-0.000804
0.117285
-0.071400
-0.107188
0.043156
-0.122928
0.088756
0.047621
-0.220725
-0.005957
-0.048553
0.107663
-0.035538
0.016549
-0.057004
0.113449
-0.251450
-0.004069
-0.037558
-0.099541
-0.262616
-0.115518
0.087810
-0.125735
0.082852
0.006548
-0.031429
0.133249
-0.024017
-0.043050
0.018678
-0.001506
0.005600
-0.034617
0.018727
-0.052739
-0.006310
0.006552
0.005812
0.063492
0.038988
0.009600
0.022187
-0.082534
-0.075088
-0.032843
-0.029262
-0.060145
-0.014278
-0.047647
0.021494
-0.037386
-0.060660
-0.111691
0.040438
-0.094162
-0.022728
-0.000997
0.268690
-0.010605
0.041195
0.041408
0.018141
0.093751
-0.198814
-0.080850
0.067328
-0.015560
-0.076788
-0.021210
-0.035119
0.063489
0.011360
-0.072604
-0.089809
0.017771
-0.044186
0.089390
0.072704
0.097807
0.095362
0.041539
0.216406
0.008838
0.126124
-0.082228
0.228492
0.030216
0.204074
0.034868
-0.050111
-0.076956
-0.037951
0.010220
-0.061082
0.041939
-0.041003
-0.029886
0.017076
0.073026
0.111443
0.074192
0.201414
0.094015
-0.001859
0.096136
-0.131196
0.053079
-0.122270
0.057648
0.175632
0.143173
0.059890
0.236106
0.002300
0.003076
-0.101044
0.036687
0.006336
-0.047000
0.085958
0.055588
-0.038656
0.018946
-0.138986
-0.076337
0.054919
-0.029705
-0.146264
-0.143998
0.007091
-0.071627
-0.020357
0.126437
-0.021674
-0.017591
0.186874
-0.067495
-0.105407
-0.010071
-0.210556
0.038461
0.045220
0.016338
0.066009
0.075264
0.056216
-0.033925
0.042361
-0.055620
0.037941
0.090360
0.193095
0.022960
-0.055969
0.014108
0.015461
-0.158186
0.203240
0.125557
0.093686
-0.023018
-0.008915
-0.201414
0.060481
-0.036545
0.012571
0.137265
0.009544
0.008411
0.119910
-0.019718
-0.067215
0.009431
-0.074723
0.077796
-0.047405
0.057763
0.002100
0.041676
0.216754
0.042949
0.178005
-0.008085
-0.033864
-0.077781
0.047025
-0.071797
0.002317
-0.097246
0.101195
0.029356
-0.049268
-0.186580
0.000918
0.052560
0.052283
0.007922
0.126381
0.100169
-0.030763
0.006711
0.001597
-0.045147
-0.048529
0.084394
0.141381
-0.062663
-0.058357
-0.062604
-0.127679
0.032588
-0.028737
0.019956
-0.122258
0.053634
-0.217560
0.047346
0.059211
-0.013118
0.122195
-0.014413
-0.103943
-0.058324
-0.206420
-0.034100
-0.012098
0.137678
0.244575
-0.043546
-0.124448
0.070548
-0.021894
-0.027517
0.003633
0.096898
-0.171799
0.089250
0.006815
-0.107816
0.147749
0.035123
-0.006900
-0.088497
0.225488
-0.008055
-0.028133
0.021750
-0.026620
-0.012675
0.002595
0.143079
0.064131
-0.101305
0.103839
-0.047497
0.020630
-0.098259
-0.036626
-0.055919
-0.022728
-0.060140
-0.099130
-0.061008
-0.217211
0.006802
-0.067624
-0.122871
0.131747
-0.105386
-0.074566
0.167011
-0.137854
-0.250357
-0.069366
0.150445
0.075717
-0.012595
0.000637
-0.023256
-0.074322
0.227623
-0.011711
0.241465
-0.016956
0.234667
0.021122
-0.020872
-0.117929
0.045294
-0.026432
0.222651
-0.027458
-0.079402
-0.066859
0.066076
-0.015497
0.036556
-0.039232
-0.016090
0.074251
-0.024995
-0.034303
-0.025101
-0.099667
-0.015318
-0.003023
-0.049479
0.219572
-0.097537
-0.051004
-0.033685
-0.016617
0.163931
-0.051073
0.027354
-0.149928
-0.030737
-0.079966
0.082255
0.068003
-0.014635
-0.043295
-0.030078
0.042186
0.064545
0.003179
0.086921
-0.042063
0.095737
0.068337
0.016897
0.009616
-0.035593
-0.104561
-0.012284
0.002489
-0.068525
-0.129219
-0.088561
0.020418
0.045156
0.002788
-0.033967
0.171573
-0.025682
-0.191340
-0.055441
-0.040053
0.028152
-0.102117
-0.034374
-0.004944
0.050073
0.013877
0.035751
-0.013089
-0.085929
0.041018
0.093694
0.015743
0.001786
-0.065463
0.092454
-0.100606
0.079715
0.110042
0.114079
-0.083416
0.080124
0.040063
0.080883
-0.065970
0.005808
-0.031885
-0.154195
0.056195
0.014346
-0.027241
-0.005333
0.039229
-0.063066
0.066726
-0.006948
0.016025
-0.011497
-0.067063
0.047239
-0.019070
0.038196
-0.009348
0.033629
0.125391
-0.166592
0.085503
-0.118902
-0.010787
-0.099512
-0.014416
0.028381
0.042056
0.134053
-0.014997
-0.065703
0.051443
-0.138136
-0.003951
0.008990
0.082011
0.037035
-0.015651
-0.028672
-0.046191
0.137282
0.107271
-0.004606
0.059486
-0.023200
0.035249
-0.064710
0.044973
-0.111970
0.060237
0.087983
-0.032570
0.045000
-0.023124
0.008977
-0.011470
-0.052273
0.014354
-0.065872
-0.079778
0.024251
0.029112
0.033609
-0.055601
0.109411
-0.028501
-0.055290
-0.093094
0.049454
0.017840
0.038115
-0.037844
0.088067
0.052094
-0.029674
-0.108742
-0.172327
0.035088
-0.028384
0.001102
0.086044
-0.166998
-0.037390
-0.036319
0.059918
-0.088016
-0.113626
0.034862
0.072353
-0.137374
0.047873
0.086354
-0.058734
0.068955
-0.131552
0.066853
-0.029279
0.026676
0.016012
-0.116551
0.053251
0.173178
0.056855
0.243602
0.056546
-0.172662
0.023104
-0.047464
0.030447
-0.210791
-0.052343
0.028351
-0.057148
0.071595
0.086592
-0.062975
-0.117830
-0.000741
-0.182702
-0.210140
0.096355
0.134890
-0.127633
-0.003170
-0.014201
-0.004012
-0.056155
-0.046642
0.049331
0.046595
-0.045647
-0.028760
0.017817
0.074246
-0.123329
0.050147
-0.027403
0.090560
0.028406
0.116001
-0.000508
0.038321
0.021068
-0.038506
0.139757
-0.232161
0.049943
0.246541
-0.033360
0.034856
-0.123809
-0.044923
-0.012001
0.122629
-0.014451
-0.047236
0.116539
-0.032228
-0.025630
0.076085
0.011966
0.002062
0.148772
0.039951
0.137148
0.015390
0.011253
-0.046804
-0.082530
0.037273
-0.001177
0.110422
0.047594
0.050085
-0.015183
0.004663
0.009254
-0.050348
-0.088790
-0.032369
0.178181
0.047283
-0.009268
-0.021143
-0.069863
-0.083130
-0.023229
0.294378
0.035330
0.023128
-0.060230
0.042242
0.001615
-0.062494
-0.054283
0.012377
0.011019
-0.104224
0.000997
-0.079688
-0.064586
0.001087
0.025645
-0.193027
-0.167426
0.011105
-0.074864
-0.093871
0.110946
-0.028556
0.001612
-0.178942
0.065354
0.025002
0.061173
-0.014549
-0.018069
0.009548
0.083816
-0.052769
-0.001164
0.032727
-0.086199
-0.057647
-0.149377
-0.168327
0.162823
-0.146313
-0.076206
0.326362
-0.057216
-0.032745
-0.123712
0.076099
0.015882
-0.039612
0.082921
-0.073084
-0.164297
-0.003079
-0.034517
0.023939
0.181548
0.072010
0.085105
-0.103051
0.042879
0.060309
0.115213
-0.057304
-0.096777
0.057852
-0.159961
0.016916
-0.032282
-0.007009
-0.007118
0.039910
-0.008014
0.052423
-0.049372
0.079440
0.142831
0.065870
-0.083696
-0.005007
-0.239410
0.119514
-0.068763
0.063461
-0.108382
0.014648
-0.026764
0.150461
0.029839
0.116779
0.025792
-0.092658
0.014411
0.194039
-0.074094
0.017036
0.069130
-0.086839
0.118884
0.086100
-0.095476
-0.111638
-0.008725
0.105861
-0.018379
0.288790
-0.021363
0.026988
-0.149422
-0.137458
-0.009508
0.169656
0.028473
0.032004
0.006141
0.014124
0.202696
0.041279
0.073497
-0.026656
0.085550
-0.048419
-0.109662
0.097199
-0.019284
-0.095467
0.022433
0.035332
0.174907
-0.062431
0.018762
-0.039379
-0.071807
-0.016022
0.187383
-0.056737
0.303854
0.080337
0.181604
0.032745
-0.011393
0.038195
-0.049795
0.212466
0.028296
-0.055587
-0.118941
0.020905
-0.046689
0.112481
0.068328
-0.094357
-0.029012
-0.108998
0.022107
-0.092604
0.039788
-0.021088
-0.128090
0.127264
-0.004828
0.080390
-0.006209
0.160604
0.098061
0.027497
-0.123142
0.102235
-0.093661
0.044806
0.099564
-0.051080
-0.073146
0.025874
-0.005251
-0.065115
-0.142844
0.030950
-0.005772
-0.066616
-0.215488
0.144345
-0.009578
-0.101855
-0.026674
0.140478
-0.008791
-0.016397
0.061618
0.088143
0.020369
-0.148823
-0.038017
0.106037
-0.002135
0.052782
0.242551
0.102464
-0.048266
0.164838
-0.102929
0.011312
-0.143010
0.160636
0.136242
-0.209050
0.162711
-0.078388
-0.028422
-0.131746
-0.012712
0.324330
0.052292
-0.025805
0.167548
-0.138038
-0.015184
-0.144360
-0.062561
0.123975
-0.111596
0.044986
-0.009217
-0.021555
0.039902
0.004819
0.010698
0.397473
0.034529
-0.045071
0.079782
-0.082005
0.029261
-0.098881
-0.155732
0.010982
0.104812
-0.062234
0.079353
0.426117
-0.389718
-0.079997
0.076314
0.022205
0.004880
0.086013
0.088685
-0.015281
-0.057278
-0.061694
0.142315
0.099492
0.131400
0.025696
0.017977
0.049206
0.280268
0.010161
0.073515
-0.028552
-0.011005
0.079921
-0.172942
-0.056009
-0.104761
-0.115596
-0.041992
-0.155504
0.017939
-0.044030
-0.023200
0.365108
-0.061349
0.095876
-0.107230
-0.043036
0.083252
0.066479
-0.031558
0.175996
0.048468
0.028184
0.051239
-0.030019
-0.050307
0.053202
0.001489
0.052853
0.052761
0.066780
0.033111
-0.056087
-0.145236
-0.024961
0.092625
-0.014090
0.100915
-0.041929
0.044232
-0.106191
-0.060928
0.039409
0.064052
0.009367
0.006382
0.028142
-0.122740
-0.085011
0.001083
0.072166
0.069675
0.111366
0.005166
-0.015913
-0.004809
0.010376
0.056766
0.075413
-0.006980
0.069908
-0.018409
0.096348
0.078770
-0.086755
0.085160
-0.011559
0.009170
-0.079455
-0.001467
-0.066018
0.028713
0.036967
0.055184
-0.041378
0.010528
-0.039504
0.102929
-0.007866
-0.029237
0.013512
-0.102287
0.027288
0.031745
-0.006234
0.114093
0.096178
0.001340
0.065217
-0.022912
-0.090598
0.048843
0.102738
0.027608
-0.055412
0.089170
-0.003952
-0.034767
-0.002744
0.073590
-0.015523
-0.045739
0.091445
0.038266
-0.023054
0.121717
0.086325
-0.067914
-0.010286
-0.027772
0.004840
-0.014174
-0.061746
-0.087374
-0.031747
-0.033064
-0.034017
0.001253
0.006138
0.026264
0.074855
-0.024462
-0.092608
-0.033223
-0.050487
0.014181
-0.058757
-0.090027
-0.048667
-0.018078
0.086690
0.024606
-0.045995
-0.081114
0.099682
-0.063033
-0.081482
0.050793
0.128175
-0.017463
-0.143520
-0.013416
0.092243
-0.055060
-0.015209
-0.137660
-0.027623
0.003035
-0.150869
0.075688
0.351478
0.094861
0.080614
-0.092840
0.056000
0.052719
-0.045808
0.099024
-0.053639
0.061428
-0.039189
0.026238
0.064110
0.047097
-0.049042
0.010192
0.040927
-0.017559
-0.052899
0.003866
0.009749
0.006175
-0.118149
-0.125929
0.014217
-0.053438
-0.099458
0.051255
-0.106440
0.066694
-0.101466
-0.095175
-0.007552
-0.034777
-0.047824
-0.035359
0.088828
0.084060
-0.108177
0.017032
-0.060952
0.210324
0.025687
0.001370
0.005946
0.170841
-0.054381
-0.126861
-0.013564
-0.077852
0.033005
0.024332
-0.086774
0.012841
0.081577
-0.014343
-0.020841
0.060918
-0.028922
-0.062343
0.019105
0.006866
0.195933
-0.055454
0.032920
-0.105436
0.076838
-0.145147
-0.051595
-0.000069
0.081321
0.026553
0.048933
-0.135574
-0.021220
-0.078777
0.095724
-0.164434
0.047650
-0.020835
0.093327
0.010946
0.032843
-0.075746
0.032441
0.011170
0.032118
0.007103
0.105882
-0.069127
-0.002851
-0.019805
-0.003410
0.032357
-0.019818
0.062132
0.130844
0.098655
-0.004833
-0.054470
0.058804
-0.054538
-0.120896
0.027227
-0.115967
0.023577
0.043918
0.010699
-0.045822
-0.124393
0.049424
0.236651
-0.013431
0.007025
-0.096828
-0.006171
0.003077
0.118927
0.008430
0.121405
0.051733
-0.092578
0.102720
-0.057227
-0.073256
0.107772
-0.039393
0.093999
0.050477
-0.045556
0.020478
-0.092000
0.036763
-0.098389
0.058269
-0.083256
0.119676
0.008707
-0.140930
-0.110049
0.068427
-0.018136
0.208832
-0.102672
0.019609
-0.008668
-0.398486
-0.140650
-0.105418
0.042327
0.010806
0.001504
0.062500
0.130604
-0.112034
-0.099655
-0.229318
-0.011784
0.017912
-0.033992
0.070054
0.011707
0.037245
0.064619
-0.160962
-0.031576
-0.025151
-0.036711
0.012572
0.023091
0.089072
-0.047942
-0.073954
-0.011796
0.023682
0.044978
0.061496
-0.046876
-0.130677
0.076189
-0.129687
0.100374
0.130327
-0.122672
0.003644
0.024527
-0.023137
0.041410
-0.029925
0.150568
-0.015009
-0.013970
0.115215
-0.045525
0.039314
-0.115386
-0.166010
-0.181429
0.049616
0.044522
0.136077
-0.144455
0.035212
0.059447
0.236119
-0.145804
0.178474
-0.101085
-0.079584
0.138351
0.032942
0.046225
0.062459
0.065309
0.048046
-0.035742
-0.150855
0.039698
-0.070934
-0.112962
-0.000673
-0.029065
-0.032119
0.085099
0.058245
0.177165
0.049879
-0.001210
0.161573
0.024147
0.038046
0.075750
-0.013897
0.144152
0.017762
-0.030826
-0.032045
-0.006789
-0.011017
-0.092396
0.093899
0.004652
-0.004127
0.000352
-0.046219
0.179298
0.044072
0.063979
-0.064412
0.321350
-0.051917
0.035352
-0.004229
0.078198
-0.056518
-0.040789
-0.131474
-0.029412
0.054540
0.054040
0.043743
0.127208
0.004411
-0.024895
0.028936
0.020288
-0.040650
0.083487
0.132275
-0.050682
0.084714
0.074015
0.044634
0.157690
0.001662
-0.058315
0.064158
-0.010080
-0.145415
-0.134252
-0.108789
-0.076945
0.012016
0.068935
-0.030661
-0.105660
-0.048902
0.078737
-0.045143
0.051663
-0.070217
-0.029129
-0.193640
-0.078602
0.146444
0.057925
-0.062849
0.187357
0.090263
0.029580
0.033874
0.070414
-0.010174
-0.066911
-0.052575
0.045678
-0.037529
0.047157
0.027547
0.055856
0.052206
-0.001331
-0.078094
0.066520
0.024108
0.069146
0.027033
0.088663
0.064029
-0.016045
0.002995
-0.122754
-0.063658
-0.130472
0.105669
-0.028482
-0.055394
0.041022
0.029269
0.075366
0.028738
0.082053
0.073993
-0.027356
0.062507
-0.017485
-0.057096
-0.020203
0.022091
0.137282
0.000929
-0.046943
0.140170
0.016500
0.062826
0.088597
-0.025045
0.050650
0.069153
0.004589
0.148357
0.071518
-0.068262
0.136436
0.127036
-0.053839
-0.103066
0.010814
0.062311
0.174995
0.111968
-0.095727
-0.021437
-0.006413
0.062763
0.136723
0.085899
-0.069387
-0.000402
0.046608
-0.317848
0.036236
-0.027935
-0.067613
0.018166
0.079810
-0.075228
0.041488
-0.095559
0.091923
0.102320
0.196936
-0.010206
0.031561
0.000376
-0.051292
0.007054
0.054559
0.023514
0.054447
0.076436
-0.185537
-0.110421
0.034798
-0.093348
0.016178
0.077429
0.035156
0.111379
0.086380
-0.057460
-0.001844
-0.143075
-0.073008
0.029155
0.102206
0.132666
-0.032506
-0.029251
-0.043389
0.170401
0.099030
0.126253
-0.031693
-0.020533
-0.016793
0.021666
0.118555
0.142031
-0.000982
0.034545
-0.003325
0.064810
-0.209005
0.028669
-0.058758
-0.012655
-0.068789
-0.199145
-0.006788
0.095071
-0.036622
-0.024344
-0.099048
-0.043568
-0.088545
-0.221447
-0.035722
0.062410
0.064222
-0.051258
0.072985
0.032208
-0.041039
0.027482
0.022098
0.103140
-0.073449
0.055131
0.001306
0.069957
0.094353
-0.080034
-0.030897
0.046635
0.123581
-0.004010
0.168419
-0.030383
-0.093007
-0.030277
0.056759
0.116743
-0.121857
0.019828
0.078377
0.033147
-0.260410
0.101622
-0.014208
-0.004402
-0.131129
-0.103614
0.034834
-0.071624
-0.048407
-0.035124
-0.089842
0.095468
0.025980
0.022767
-0.074815
-0.192268
-0.028212
0.124021
0.061005
0.035199
-0.163084
0.033377
0.062653
0.021620
-0.008942
-0.056564
-0.050010
0.043287
0.056760
-0.054382
0.039530
-0.142771
0.061968
0.128409
0.201276
0.108697
-0.009809
-0.009747
-0.201356
0.020005
-0.060544
-0.130701
-0.069018
-0.046704
0.006352
-0.186157
-0.172802
-0.126513
0.039784
0.014306
-0.002408
-0.022556
-0.126460
0.090954
-0.018337
-0.022508
0.040976
-0.002698
0.028818
0.078838
0.090349
-0.175884
-0.068944
0.140892
-0.022518
0.030974
0.096228
0.085522
0.059003
-0.122441
0.171908
-0.126159
0.025681
-0.123704
0.029879
0.011489
0.038264
0.089879
0.040351
-0.044896
0.038760
-0.114244
0.027840
-0.035382
-0.070091
0.045561
-0.025636
0.032379
-0.167680
-0.031369
-0.089904
-0.036748
-0.028907
-0.035947
-0.058589
-0.001036
-0.098375
-0.198282
-0.191893
-0.049913
-0.038104
-0.065321
-0.008783
0.045111
0.135494
-0.250683
-0.106850
-0.038909
0.013364
-0.053770
0.023745
-0.050693
-0.018515
-0.054020
0.088853
-0.172085
-0.081613
-0.003414
0.098778
-0.075042
0.084358
-0.163278
-0.029300
0.001020
0.068537
-0.036786
0.018744
0.045968
0.113170
-0.113522
-0.046588
0.021256
-0.253532
0.023575
0.012341
0.086932
-0.002264
0.126719
-0.058657
0.004488
0.084071
-0.032295
-0.039034
-0.151157
-0.051671
0.018682
0.075813
0.068282
-0.235603
-0.122245
0.109320
0.082190
0.024169
-0.105939
-0.080844
-0.078812
-0.070903
0.096407
-0.008770
0.183369
0.151511
-0.119434
0.046730
-0.039355
-0.036155
-0.083200
-0.010222
-0.133481
-0.109804
-0.127636
-0.073617
0.005213
-0.107074
-0.055487
0.015487
-0.041814
0.025118
-0.109910
-0.097248
-0.062376
-0.073180
-0.069489
-0.034962
-0.038142
0.023040
-0.078992
-0.049433
-0.050240
0.015163
0.058772
0.062522
-0.122500
0.099264
0.021942
0.089758
-0.004096
0.160813
0.022352
0.027400
0.047450
0.089146
0.054508
0.079819
-0.040959
-0.027860
0.006621
0.021570
-0.069270
-0.087034
-0.081776
-0.058319
-0.025840
0.086134
0.018358
-0.081289
0.049655
-0.068494
0.049378
-0.013768
-0.051267
-0.040102
-0.042853
-0.091674
-0.089387
-0.012061
-0.118973
0.030370
0.052048
0.028320
0.030280
0.070033
0.048157
0.101012
-0.027222
0.052813
0.062064
-0.011967
0.035647
0.043646
0.003973
0.031086
-0.031328
0.087441
0.027951
-0.040705
-0.088252
0.004741
0.097088
0.000255
-0.116584
0.069103
0.002781
-0.001291
0.062337
-0.055249
-0.041819
0.012911
0.080663
0.091391
-0.018245
-0.053166
-0.021647
0.137136
-0.027877
-0.009918
0.026543
0.036418
-0.050591
-0.072223
0.039994
0.040669
0.069080
-0.045634
-0.026225
-0.017511
-0.011631
0.103177
-0.082399
-0.071656
-0.103880
0.058503
0.035952
-0.021237
-0.002075
-0.002588
0.018683
-0.100124
0.038808
0.053033
-0.080680
-0.030024
-0.009255
0.022460
-0.068851
0.039625
0.105102
-0.018164
0.044658
-0.046291
-0.021888
-0.049700
-0.031027
0.124056
0.108499
0.019774
0.126930
-0.072068
-0.016630
0.043764
0.042701
-0.017997
-0.161630
-0.097680
-0.016433
0.026573
-0.101706
0.014577
-0.208056
0.041351
0.070384
0.078321
-0.027065
0.032801
-0.116226
-0.111957
0.000053
-0.047328
0.110075
-0.150774
-0.020534
0.056729
-0.009261
0.059395
0.019017
0.076365
-0.023728
-0.013207
-0.097388
0.094584
0.002584
0.078390
-0.155072
-0.053731
0.040814
-0.005497
0.203038
-0.019681
-0.187643
-0.017947
0.103128
-0.025815
0.054799
-0.026672
-0.044924
0.082871
0.037641
0.229649
0.008503
0.023322
-0.058749
-0.156181
-0.053256
0.097524
-0.112047
-0.063762
-0.077993
-0.100629
-0.049436
0.002776
0.025107
0.009847
-0.104835
-0.083536
-0.009602
0.065345
-0.131824
0.077411
0.040981
-0.001011
-0.025310
-0.039091
-0.074593
-0.060270
-0.138525
0.009567
-0.025100
0.029294
-0.075739
-0.030436
-0.047506
0.079078
0.039194
0.094704
0.057220
-0.048598
-0.218312
0.156025
0.145711
0.134825
-0.045317
0.152885
-0.190509
0.053193
0.007496
-0.068123
0.174002
0.063075
-0.016131
-0.059149
0.066114
-0.155169
0.106556
0.048605
-0.107376
-0.223664
-0.118236
-0.079781
-0.035532
0.018568
-0.148280
-0.057970
-0.057829
-0.018545
-0.003504
-0.236095
-0.238742
-0.052544
-0.298569
0.015885
-0.132500
0.147985
-0.002937
-0.154739
-0.020514
-0.063213
-0.024052
0.087085
0.141434
-0.041396
0.007202
-0.077319
0.102141
-0.138287
0.061259
0.086045
-0.083423
-0.049890
0.023694
0.054227
0.085772
-0.051500
-0.050688
0.033007
-0.111756
-0.042074
0.175616
-0.083897
-0.075198
0.050919
0.094751
0.090969
0.021903
-0.057214
0.000713
-0.035271
-0.123304
-0.210180
0.146538
-0.127346
0.083159
-0.115324
-0.064661
0.019054
0.090306
-0.027124
-0.005339
0.027019
-0.117863
0.009217
-0.082553
0.091039
0.106792
0.170760
0.092148
0.105283
0.158776
-0.058768
0.016380
0.053092
0.011417
0.128410
0.208961
0.041592
0.047584
0.003592
-0.141495
0.037138
0.022410
-0.022420
-0.065914
0.030158
-0.013863
-0.114762
0.017351
0.361653
0.068502
-0.036908
-0.063287
0.007991
-0.271974
0.099468
0.011083
0.017625
-0.104692
0.153516
0.126708
-0.024121
0.184803
0.011461
-0.034355
0.011117
0.000007
0.025170
0.052196
0.004908
0.055375
0.019959
0.023575
-0.136345
-0.018841
0.014693
-0.051049
0.024446
0.144478
0.059355
0.017438
-0.175556
-0.008461
0.053167
-0.013728
0.113249
0.001355
0.009357
0.074084
0.013610
-0.124422
0.139651
-0.045524
0.055316
-0.088586
-0.081236
-0.120127
-0.015153
-0.022118
0.065107
-0.032621
0.019588
0.159239
-0.114845
-0.064448
0.107146
-0.105132
-0.028584
0.007259
0.259527
-0.056516
0.142999
-0.094353
0.199164
0.047141
-0.014692
-0.059933
0.018363
0.126009
-0.004497
-0.226153
0.074827
0.210553
0.212054
-0.067843
-0.015043
0.058289
-0.015623
-0.126506
-0.184446
-0.014566
-0.005137
0.076337
0.053993
-0.056774
0.107168
-0.063048
-0.118355
-0.036660
-0.074850
-0.087754
-0.059906
-0.069617
-0.050210
0.052227
-0.022910
-0.035283
-0.018314
0.024105
-0.001981
-0.034261
0.124555
0.056028
0.077056
-0.109318
0.125964
-0.045096
0.021235
-0.109224
-0.039996
0.070168
-0.030046
0.022078
-0.034656
-0.202389
-0.028295
-0.069198
0.091823
-0.098205
0.128258
-0.156325
-0.026629
-0.042550
-0.107840
-0.087364
0.047516
0.027083
0.085284
-0.159314
0.096720
-0.020634
0.043398
-0.002497
-0.086497
0.015379
0.003042
-0.170237
-0.162300
-0.087176
0.088604
-0.063623
0.046460
0.036818
-0.146977
0.000173
-0.073048
0.005171
-0.024370
-0.087543
0.067215
0.162604
-0.068727
-0.015149
0.059423
0.005162
0.078839
0.025537
0.098574
0.002121
0.171228
0.023861
0.079577
-0.012241
-0.170638
-0.057274
0.061683
0.030760
-0.215965
-0.044687
-0.053073
-0.128442
0.099172
0.069116
0.168772
0.019759
0.015375
-0.011284
-0.140886
0.017048
-0.033395
0.019365
-0.045991
-0.060460
0.208790
0.032225
-0.023952
-0.009632
-0.089270
-0.006715
0.171832
-0.067165
0.125961
-0.114710
0.162549
-0.138418
0.133608
0.370895
-0.143419
-0.020568
0.024694
-0.042079
-0.007268
-0.016275
0.069173
-0.093249
0.143615
-0.051548
-0.404665
-0.275980
-0.100760
-0.007195
0.021550
0.124480
0.190313
-0.095294
-0.125060
-0.117367
-0.041434
-0.046328
0.416464
-0.136054
0.029595
0.144190
0.027894
-0.076526
-0.052617
-0.049028
-0.114172
-0.111375
-0.053576
-0.049154
0.015826
0.181111
-0.160690
0.018117
-0.054663
-0.005779
0.146950
-0.076237
-0.021942
0.043379
0.040132
0.096985
-0.102203
0.128094
-0.080239
0.065270
0.061269
-0.041636
-0.127361
-0.167999
0.098969
0.085963
-0.127792
0.089368
0.247055
-0.112826
-0.001090
-0.077365
0.108176
0.060121
0.051051
-0.030756
-0.050304
0.009696
0.021841
-0.055273
0.142837
0.111550
0.075588
0.080883
-0.022400
0.127036
-0.133943
-0.067692
0.096100
-0.113139
0.171071
0.014988
-0.151255
-0.013213
0.029652
0.012255
0.063555
-0.167368
0.024538
0.025712
-0.050219
-0.042354
0.139580
-0.160484
-0.080858
0.001404
0.202937
-0.045048
-0.005153
-0.051741
-0.248076
0.000457
0.082871
0.038119
-0.036552
0.052308
0.103286
0.214422
-0.180437
0.027434
-0.031612
-0.086856
0.185602
-0.009182
0.156441
-0.035817
-0.054614
-0.028965
0.020971
-0.010518
-0.063542
0.089150
0.066325
0.048672
0.186807
0.197421
-0.171916
-0.258573
-0.074020
0.122508
-0.145794
0.056029
0.170018
0.007994
0.001469
0.073553
-0.045030
-0.100859
0.099864
0.025553
0.089507
0.247080
-0.091205
-0.029902
0.049362
-0.057763
-0.107183
-0.071247
-0.105449
-0.047257
-0.225113
-0.155791
0.083779
0.016910
-0.229410
-0.075087
0.012739
0.045439
-0.068322
0.059213
-0.098651
0.066999
-0.222612
-0.087135
0.016172
-0.114294
-0.035897
0.008083
0.114486
-0.071980
0.048369
-0.059189
-0.022722
-0.069128
0.006200
0.079252
0.016687
0.045448
-0.053683
0.073370
0.100998
-0.091063
-0.080181
0.048789
-0.382007
-0.171568
-0.076617
0.145192
0.037756
-0.077662
-0.031238
-0.034900
0.008915
0.004054
0.022685
0.065271
-0.140930
0.146099
0.044260
-0.049232
0.009428
0.060039
0.102971
0.158616
0.104561
-0.019122
0.012427
-0.202865
0.091188
-0.010120
-0.031146
0.056768
-0.002662
0.139733
-0.110199
0.054226
0.038306
0.111294
-0.036231
0.132152
-0.088146
-0.035893
-0.037277
0.074910
-0.012320
0.056631
-0.099651
0.000427
-0.067675
0.166857
0.028721
0.189064
0.073504
0.048659
0.059546
-0.057186
-0.010133
0.086675
-0.075733
-0.032828
-0.215005
0.043129
-0.157749
0.017326
0.123310
-0.071364
-0.140035
0.036361
-0.025890
0.021963
-0.000208
0.133063
-0.002313
0.181746
0.103174
-0.150662
0.083624
0.164035
0.043975
0.049106
0.185159
0.014105
0.149848
0.035168
-0.032615
0.101955
0.076663
0.124983
-0.050937
-0.009983
-0.039557
0.045935
0.027997
0.065465
-0.117312
0.022007
-0.059254
0.012026
-0.150039
0.073874
-0.102080
-0.096173
0.081666
0.155273
0.006377
0.047084
0.030382
0.012194
0.011067
-0.065857
-0.067141
-0.171197
0.062663
0.030927
-0.065946
-0.071002
0.033763
0.055587
0.055400
-0.002776
0.061456
0.032429
0.052234
0.091967
0.029035
0.080471
0.034706
0.034805
0.009374
-0.056727
0.128800
0.104388
-0.201698
-0.065540
0.031022
-0.041463
-0.029876
-0.037651
0.041105
-0.148655
0.055685
0.042857
0.180222
0.067711
0.071594
0.140145
-0.037400
0.158393
-0.010423
-0.022267
0.040939
0.080107
-0.067462
-0.173412
-0.041540
-0.014323
0.026444
-0.017535
-0.119512
0.029246
-0.023091
-0.040147
-0.080306
0.110100
-0.110830
-0.052262
0.047002
0.010082
-0.051622
-0.046312
0.114856
0.017440
0.128697
-0.027818
-0.033483
0.100791
-0.017532
0.031171
-0.146097
-0.017821
0.110850
0.014940
-0.133049
-0.134886
-0.066794
0.014320
-0.011771
0.072053
0.011951
-0.084762
-0.069163
0.056740
0.030865
-0.081885
0.048949
0.129988
-0.013412
0.045759
0.008410
0.026852
-0.045708
0.040584
-0.073134
-0.032669
-0.127954
-0.070171
-0.137615
-0.111305
0.064058
0.242399
0.067159
-0.017432
0.163580
-0.045722
0.127092
-0.258383
0.059553
-0.123331
-0.076707
0.082467
0.018857
0.041498
0.040670
-0.021116
0.032017
-0.084542
0.006809
0.030084
-0.097835
-0.039307
0.042626
0.015326
-0.030503
0.014632
0.060948
0.058877
-0.032784
-0.040647
-0.045884
-0.032444
0.093060
-0.005080
0.010640
0.119589
-0.109283
-0.000153
-0.156382
0.019411
0.031054
0.078442
-0.096465
0.086913
0.028251
-0.068922
-0.013270
-0.004341
-0.017718
0.066180
-0.016323
0.214401
0.012569
0.000001
-0.088208
0.133853
0.005276
0.024598
0.025671
-0.062214
-0.101949
-0.000095
-0.003471
0.016794
0.168156
0.115499
0.065488
-0.011641
0.136912
0.034832
-0.005058
0.118058
0.016468
-0.132952
-0.017834
0.081357
0.029824
0.008737
0.065730
-0.080345
0.001538
-0.021574
-0.032607
-0.030472
0.077568
-0.006437
-0.029750
0.037836
-0.111876
0.022737
0.143958
-0.030468
-0.001194
-0.017709
0.022426
-0.037560
-0.062612
0.115511
0.035259
-0.035244
-0.004660
-0.070762
-0.030653
-0.027799
0.063430
-0.041326
-0.038653
0.087692
-0.034811
-0.035477
0.041761
0.071494
-0.054722
-0.021101
-0.026086
-0.000542
0.048664
0.014682
0.174758
0.076301
-0.105809
-0.027548
-0.017994
0.098595
0.054525
0.015615
0.037699
-0.083136
-0.024335
0.116864
-0.060458
-0.012671
0.009711
-0.107666
0.136077
0.022823
0.058164
-0.130969
0.031564
0.105307
0.043719
0.098907
-0.136413
-0.077277
-0.171328
0.067305
-0.088451
0.045355
-0.142059
0.078476
0.105797
0.024299
0.026232
0.151063
0.131960
0.058758
0.068722
0.046149
0.055753
-0.031489
0.063168
-0.001463
0.021274
0.048684
0.019302
0.240745
0.119149
-0.112611
0.000525
0.033247
-0.108334
0.105851
-0.042848
-0.008285
0.041928
-0.122608
0.072700
-0.052711
0.075007
-0.161477
-0.177694
0.201588
0.036466
0.060621
0.025016
0.014061
-0.042645
0.018579
-0.028448
0.074043
-0.165483
0.119550
0.099777
-0.075570
0.058111
0.163166
0.006790
-0.073454
-0.039926
0.107219
-0.081203
0.032325
-0.001310
0.007517
-0.060246
0.115453
-0.035685
0.039293
0.143290
0.043004
0.154793
0.033157
-0.035336
0.017657
0.160581
-0.111497
0.023990
-0.125607
0.019618
0.125032
-0.060588
0.022005
-0.050762
-0.108519
0.063532
-0.056336
0.018303
-0.024611
0.068345
-0.229174
0.082901
0.057164
-0.075148
0.102929
-0.047797
-0.073740
-0.105139
0.027503
0.023837
-0.127859
-0.111386
0.025875
-0.132739
0.024974
-0.040055
0.041401
0.033299
-0.095514
0.109112
-0.111081
0.079019
-0.018016
0.185723
-0.036649
-0.087139
0.090094
0.003249
0.032538
-0.083810
0.124309
-0.033556
0.032978
0.145602
0.106234
-0.004341
0.034096
0.090222
-0.009270
-0.021574
-0.049946
-0.179502
0.080468
-0.066158
-0.105846
0.218797
0.067944
-0.109456
-0.056944
0.046451
0.103807
0.013365
0.030967
-0.069649
-0.002150
0.082668
-0.032535
-0.087882
0.027795
-0.046411
-0.060694
-0.016664
0.108107
0.001253
0.105112
-0.111962
-0.073333
-0.047738
0.094118
-0.018928
-0.061317
-0.047764
-0.022881
-0.083954
-0.071216
0.072195
-0.150175
-0.102496
-0.124791
-0.028482
0.041371
-0.116877
0.122172
0.003358
-0.012953
-0.014519
0.064471
0.018957
-0.010839
-0.003202
-0.118979
0.057674
-0.181037
0.074247
-0.017919
-0.210795
0.074262
-0.053172
-0.127705
0.066662
-0.080013
-0.017782
-0.085448
-0.070560
0.013873
0.060272
-0.062059
-0.018063
0.005829
0.024272
-0.038323
-0.021142
-0.147972
-0.027827
0.091138
0.042491
0.027679
0.115599
-0.079438
-0.187597
-0.021210
0.049367
0.026421
0.191725
-0.038383
-0.004820
0.003389
0.066970
0.068785
0.050069
0.077950
0.139869
0.083187
0.050346
-0.110336
0.079976
-0.116695
-0.011041
-0.170860
0.006737
-0.093109
0.057183
-0.025212
-0.012910
-0.164220
-0.151218
0.109105
0.061328
0.154457
-0.046149
-0.089240
-0.098408
-0.174043
-0.138539
-0.104094
0.137568
0.141591
-0.129957
-0.044091
0.205614
0.082523
0.068984
0.038138
-0.030566
-0.114914
-0.039970
0.029924
0.033492
0.065018
0.164712
0.049980
0.011869
0.041378
-0.140092
0.086444
-0.056958
0.127407
-0.025506
-0.113400
-0.158611
-0.016686
-0.080456
-0.118449
0.057337
-0.029919
0.012562
-0.014166
0.088438
-0.103969
-0.048727
-0.042786
-0.023436
-0.021791
0.109683
-0.115790
0.034643
0.222617
-0.090874
0.062305
-0.108456
0.101127
-0.020132
0.039511
-0.020702
-0.033011
0.062608
-0.029917
0.001749
-0.107069
-0.008452
0.042124
-0.028637
-0.130043
-0.003927
0.044664
0.119459
-0.051471
0.028816
-0.092340
0.070373
0.025750
-0.000002
0.121930
0.068473
0.107678
0.040057
0.006515
0.010398
0.002480
-0.039496
-0.057874
-0.115412
0.110515
-0.026004
-0.012801
-0.018067
-0.084851
-0.033901
0.010936
0.185547
0.045852
-0.071273
-0.063903
0.132586
-0.107465
0.109368
0.007173
-0.043855
0.040956
0.078679
-0.113433
-0.270558
-0.103145
0.000013
-0.052113
-0.083541
0.034515
-0.086678
-0.136165
0.066983
-0.179321
-0.046084
0.064801
0.059625
0.078145
-0.074660
0.059158
-0.114198
-0.050667
0.029448
-0.005401
-0.014137
-0.011894
-0.056110
0.041804
0.141169
0.023470
0.102623
-0.059877
0.080924
-0.007845
-0.137881
0.112377
-0.174955
0.160465
-0.194365
0.062830
0.087794
-0.057228
0.171260
-0.131373
0.098778
-0.086444
0.059130
0.036966
0.063555
-0.078631
-0.125595
0.075756
0.108207
-0.057909
-0.007305
0.012406
0.006210
-0.025546
0.148886
0.115459
0.058253
0.045119
-0.002585
0.117401
0.003574
-0.039361
-0.030776
0.278915
0.002878
0.005463
-0.152353
0.001884
-0.091438
-0.060725
-0.025363
0.098649
0.104198
0.094722
-0.007459
-0.063629
0.019675
0.067069
-0.029245
-0.160658
0.014447
0.072942
0.208576
-0.039969
-0.076506
-0.045918
-0.083163
0.170254
0.029238
0.027576
0.036546
0.104157
-0.014493
-0.010712
-0.030634
0.015117
0.076113
-0.157209
0.209452
-0.101746
0.136938
0.010929
-0.160564
0.092933
0.035709
-0.038077
0.021938
0.001183
-0.048926
-0.034865
-0.052530
-0.097164
-0.025267
0.023211
-0.030230
0.044860
-0.000214
0.091487
0.000848
-0.082248
-0.064026
0.049205
0.015092
-0.044732
0.026912
-0.135665
-0.218639
0.050251
0.094544
0.080592
-0.106106
0.012685
0.152818
0.068253
0.082324
0.042582
0.080904
-0.109642
-0.039307
-0.108969
-0.077365
0.090892
-0.067886
0.012002
0.088518
0.060655
-0.065813
-0.026595
-0.055820
0.165453
0.011011
0.040217
-0.103574
0.027381
0.007945
-0.003184
0.069207
0.082368
-0.014425
0.040319
0.000029
-0.053230
-0.050678
0.073401
-0.215172
0.111173
0.135865
0.126655
0.072403
0.051414
-0.124150
-0.035797
-0.048264
-0.025615
-0.114095
0.097219
0.026640
-0.025790
0.119546
-0.019423
-0.084876
-0.052250
-0.102597
0.034061
0.032746
-0.056211
-0.055029
-0.033957
-0.043346
0.073444
-0.050912
0.046640
0.148376
-0.018598
-0.040318
-0.102590
0.115761
0.050951
-0.223829
0.019915
0.199737
-0.027161
-0.069001
-0.013608
0.006382
0.006876
0.052546
0.070981
0.163994
0.029911
0.035526
-0.206427
-0.132542
-0.004637
-0.160254
0.043189
-0.063305
0.028639
-0.092573
-0.049099
-0.099754
-0.003153
0.000544
-0.079562
-0.066640
0.013144
-0.010273
0.115084
-0.170591
0.083905
-0.024196
-0.011000
0.031249
-0.045628
0.019191
0.012827
-0.052763
0.050025
-0.034002
-0.067462
-0.068863
-0.090545
0.076322
0.101728
0.089299
-0.068672
0.086774
0.052745
0.018849
0.024919
0.039329
0.136427
0.113680
0.027492
-0.033829
0.138119
-0.027429
0.007316
-0.157797
0.050779
0.149371
-0.056714
-0.054058
-0.079505
-0.002614
0.141314
0.151926
0.080052
0.089069
0.095786
-0.071662
0.060320
-0.030473
0.093360
-0.030618
-0.000539
0.028238
-0.069267
0.087172
0.026773
-0.040004
0.125753
0.003541
-0.160503
0.010673
-0.039921
-0.036531
-0.072135
0.018234
0.026909
0.148991
-0.111427
0.007398
-0.092244
-0.033103
-0.037872
-0.064224
-0.093545
0.006248
0.081409
-0.046210
0.083847
0.172013
0.025369
-0.050187
-0.167161
-0.074574
0.049622
0.118779
-0.117795
-0.041502
-0.063106
-0.014749
0.001455
-0.008865
-0.013448
0.180048
0.020443
0.024687
-0.000801
0.029517
0.100212
0.018792
0.077097
0.084712
0.059007
0.047705
0.020273
-0.024459
-0.004201
-0.088765
0.068937
0.071546
0.052935
-0.087847
0.078289
0.020147
-0.081615
-0.131218
0.109029
-0.150542
0.074195
0.068407
0.016499
-0.132960
0.113144
0.064205
-0.215015
-0.032839
-0.034456
0.086863
0.076196
0.116703
-0.235057
0.102909
0.047744
0.055563
-0.132935
0.125800
0.004404
-0.044648
-0.060345
0.005858
-0.012024
-0.071894
0.165230
0.012535
-0.053271
0.008790
-0.008953
0.062041
0.026573
0.017877
0.180482
0.171700
0.049373
0.142918
-0.114223
-0.111980
-0.199573
0.002552
0.029393
-0.020619
0.005717
0.177411
-0.240680
-0.020794
-0.080730
-0.278910
-0.093772
0.053551
-0.030344
0.137641
0.046172
0.108924
0.068034
0.024231
0.005620
0.156979
0.024298
0.192969
-0.038673
0.085836
-0.051842
-0.057173
0.055119
0.030465
0.178832
0.006279
-0.115590
0.142861
0.256522
-0.078335
-0.189768
-0.073057
0.103942
0.055283
-0.092331
0.088583
-0.076105
-0.066222
0.049752
-0.000429
0.018572
-0.094799
0.058121
0.040670
-0.098183
-0.019942
0.106225
0.052354
-0.030580
-0.048168
0.090160
0.193880
-0.103036
-0.072413
0.044518
0.103037
0.003969
0.021539
-0.088985
-0.046933
-0.010189
0.121308
-0.105466
0.068900
0.028637
0.173623
-0.075878
0.109871
0.067726
0.004874
-0.063902
-0.001267
-0.062552
-0.003219
-0.017121
-0.061405
0.074115
-0.107449
0.178409
-0.042521
0.007891
-0.073005
-0.002803
-0.003740
-0.011750
-0.083847
-0.036104
-0.031368
0.104468
0.012310
-0.050378
-0.029831
0.010106
-0.123804
-0.044089
0.041942
-0.054958
0.033397
0.077559
0.131023
-0.099208
0.006942
0.007224
-0.037847
0.009579
0.050356
0.190087
0.084779
-0.051354
-0.002788
0.063176
0.125467
-0.028167
0.007807
0.089185
-0.072529
0.104228
-0.073298
0.003855
0.118256
0.165719
0.153405
-0.066066
0.061798
-0.079447
-0.001843
-0.080851
0.105613
-0.100453
-0.179565
0.004753
0.078829
-0.016902
0.041522
0.008729
0.111771
0.060852
0.150593
0.023102
0.006824
0.133172
0.009643
0.024810
-0.362844
0.065949
0.040364
0.011801
0.015491
0.070298
0.110640
-0.013973
0.163938
-0.007902
0.029450
-0.097178
-0.046963
0.233827
0.064766
-0.066377
0.017442
-0.026393
-0.031242
-0.031008
-0.006669
0.004073
0.029209
0.180447
0.047134
0.149475
-0.141188
-0.013614
-0.004774
0.118519
-0.050482
-0.130019
0.043970
0.071795
-0.093806
0.072996
-0.040823
-0.029866
-0.071013
-0.063847
0.154107
-0.061173
-0.028716
0.135366
-0.140226
0.088190
-0.059622
-0.072366
0.008615
-0.050626
-0.078171
0.038711
-0.046061
-0.014732
-0.053939
0.067116
0.088379
-0.014857
-0.207803
0.107546
-0.068425
-0.085423
-0.073938
0.045070
-0.030275
-0.153710
-0.096836
-0.093815
0.019835
0.109467
-0.055261
0.045694
0.127496
-0.082117
-0.212787
0.040165
-0.027167
0.024378
-0.141470
0.071556
0.025038
-0.047849
0.011541
0.017701
-0.040475
-0.044603
-0.049995
-0.014349
-0.144156
-0.010250
-0.127670
0.057667
-0.008876
0.132096
-0.036866
-0.045848
-0.114545
-0.070097
-0.107505
-0.068565
-0.057196
-0.149339
0.174098
-0.107499
0.104164
0.071918
-0.111607
-0.090601
-0.115966
0.000615
0.047650
0.106919
-0.140094
-0.035135
0.072578
0.154440
-0.068759
0.109897
-0.156299
0.157436
0.140763
0.059647
-0.089691
0.063769
0.063438
-0.286263
-0.222015
-0.071109
0.075323
0.023583
-0.100813
0.029257
-0.007061
0.012379
0.023914
-0.109717
0.044167
-0.025766
0.190154
0.184307
-0.038383
0.039172
0.064330
-0.090072
0.018639
-0.121505
-0.072267
0.201167
0.005505
-0.108872
-0.003001
-0.030870
-0.050281
0.160211
-0.227062
0.140396
0.003982
-0.001491
0.005629
0.140230
-0.191602
0.084827
-0.059961
0.083826
-0.049514
0.055756
-0.212034
0.006765
0.141512
0.010487
-0.038135
0.082733
0.057655
-0.059498
0.075812
0.016907
-0.150321
0.131531
-0.105080
-0.087576
0.067443
0.107184
-0.022983
-0.011839
-0.042062
-0.021537
0.166813
-0.015665
0.070608
0.029227
0.149615
0.137877
0.184748
-0.025939
-0.216463
0.077859
-0.118950
-0.146234
-0.256983
0.082414
-0.031244
-0.008395
0.128364
-0.129577
-0.075125
0.129764
0.169533
0.029166
0.090885
0.006104
0.118549
0.012229
0.153725
-0.005666
-0.066001
-0.016690
0.044411
-0.046164
-0.153395
-0.024337
-0.072756
0.008778
-0.010589
0.135597
0.030140
-0.015960
-0.006772
0.003198
0.142906
0.106484
0.051275
-0.011190
0.077363
0.061661
0.048016
0.022650
-0.023004
-0.058765
-0.029277
0.090626
0.041368
-0.003353
0.050382
-0.075590
-0.105425
-0.039445
-0.100070
-0.026446
0.190796
0.148279
-0.221027
-0.110821
0.010159
0.209224
-0.159533
-0.059273
-0.165487
-0.136077
-0.061611
-0.023438
0.049478
0.037708
0.034540
0.221660
-0.078435
0.089239
-0.131680
0.192820
0.020817
0.253076
0.009432
0.093575
0.080309
0.004647
0.218634
-0.103474
0.049492
0.079887
-0.013317
0.042672
-0.068340
-0.096703
0.121219
0.110391
0.043414
0.225236
-0.045331
-0.056928
-0.059194
-0.072793
0.009905
0.017014
0.211465
-0.055347
0.130908
-0.040511
-0.071453
-0.057217
0.030765
0.169597
-0.017983
-0.052472
0.116129
-0.107471
0.023061
-0.075633
0.139299
0.097071
-0.286487
-0.073745
0.078049
0.176061
-0.074880
0.035713
0.090347
-0.078735
-0.113508
0.089229
0.064274
-0.005564
0.144090
0.087489
0.009437
-0.161482
-0.013588
0.084322
0.036640
0.100349
-0.272938
0.117399
0.006442
0.057060
0.059861
0.043765
-0.364675
-0.090950
0.107778
0.023589
-0.064059
0.058249
0.069981
-0.037296
0.072352
-0.115810
0.029097
-0.106214
0.204644
-0.007475
-0.028111
0.208273
-0.009492
0.123970
0.019235
-0.142421
-0.082519
0.114457
0.097335
0.032361
0.006556
0.006811
0.093234
0.000701
0.054963
-0.075913
0.016512
-0.147761
-0.011425
-0.055954
0.074522
-0.042512
-0.016914
0.298909
0.021285
-0.049178
-0.043771
0.062614
0.096501
0.104710
-0.026710
0.043402
0.022604
-0.085702
0.027514
0.041342
0.047586
0.058196
-0.020333
-0.000590
-0.122076
0.011371
-0.007038
-0.038592
0.029931
-0.004980
0.113026
0.092979
0.093045
0.052813
-0.007116
-0.135733
-0.005573
0.028159
-0.201375
0.026854
0.075415
-0.020030
-0.076531
0.145667
-0.067278
0.088698
0.150871
-0.118251
0.144858
0.039724
-0.029331
0.009255
0.022319
0.059872
0.075314
-0.050507
-0.157054
0.043193
0.075057
0.034497
-0.105552
-0.099072
-0.122452
0.104354
0.063175
0.061876
-0.020015
0.037782
-0.058565
0.072640
-0.044957
-0.018001
0.173238
-0.065572
-0.116117
0.015236
0.007220
0.045489
0.063120
-0.045898
0.039671
0.075429
0.045847
-0.098878
-0.056055
0.007894
0.079283
0.029051
0.015632
0.216029
-0.010327
0.016919
-0.026385
0.045695
-0.054242
0.045742
0.022104
0.177676
-0.148118
-0.117750
-0.044846
0.009449
0.036122
-0.058123
-0.018735
-0.034986
0.079099
0.008970
-0.042183
-0.035843
0.080844
-0.019747
-0.056333
-0.011782
0.042031
-0.099194
0.043339
-0.024925
-0.050022
-0.035535
-0.081085
-0.021283
0.114567
0.037313
-0.029791
-0.094753
-0.192798
0.138094
-0.006469
-0.237326
-0.109163
0.005424
-0.006791
0.018833
-0.138815
-0.056361
0.024290
0.156140
0.252761
0.020768
-0.024596
-0.097309
0.072785
-0.054923
-0.005205
0.182524
-0.276281
0.108235
-0.056498
-0.110182
0.076268
-0.064199
-0.196894
-0.143560
0.030189
-0.067197
-0.043953
-0.155865
0.005733
-0.149929
-0.207713
-0.094439
-0.038619
-0.052826
0.072430
0.023082
-0.060300
-0.076785
-0.063040
-0.057663
0.035001
0.062513
-0.090289
0.034801
0.039357
-0.008590
0.012657
-0.017573
-0.032297
0.010150
-0.048088
0.068467
0.099631
-0.001629
-0.114301
-0.030758
-0.015955
-0.005146
-0.222567
-0.003832
0.001334
0.137302
-0.017473
-0.071467
-0.105856
-0.135011
0.067585
0.081604
-0.111114
-0.031506
0.132463
-0.092263
-0.004917
0.189242
-0.070892
-0.006147
-0.077668
-0.065862
-0.023552
-0.025350
-0.014837
-0.014927
-0.077053
-0.139804
0.102011
-0.006939
-0.059583
0.023467
0.004535
0.164503
-0.087431
0.030752
-0.062367
0.046239
0.016250
-0.033348
0.045908
-0.001510
0.016660
0.013090
0.052027
-0.149384
0.009073
-0.071653
-0.015100
0.038459
-0.095547
-0.098970
-0.125200
-0.009482
-0.006527
-0.087137
-0.044191
-0.029672
-0.083805
-0.068669
-0.141879
-0.033873
0.033948
-0.072276
-0.013681
0.043610
0.109414
0.035105
-0.021055
-0.007002
0.072166
-0.071407
-0.032538
-0.016582
-0.082788
0.094882
-0.129725
-0.211899
-0.063870
0.032773
-0.098633
0.141105
-0.068488
-0.036760
0.115357
-0.099204
-0.021647
-0.151748
-0.043168
-0.002325
0.135920
-0.178340
0.091963
-0.209227
-0.138323
-0.079740
-0.056112
-0.017128
0.013927
0.051035
0.008189
-0.007823
0.058724
-0.066781
0.037196
0.015692
0.062909
-0.022210
-0.087878
-0.036663
-0.023461
-0.067002
0.127746
-0.019746
-0.050465
0.076754
-0.002708
-0.110456
-0.068137
-0.003231
-0.004193
0.068801
-0.091721
0.030129
0.073167
0.064547
-0.112230
0.017297
0.023498
0.054694
-0.103797
-0.071676
0.024026
0.050854
0.009731
-0.022548
-0.026043
-0.014362
0.033407
0.066740
-0.081265
0.014565
0.031195
0.036966
0.157737
-0.024280
0.015660
-0.038847
0.010285
-0.094323
0.009656
0.059055
-0.105770
0.085479
-0.041502
0.056463
0.020256
-0.045175
-0.048046
-0.034241
0.092476
0.063388
0.130923
-0.095253
-0.100930
-0.038583
0.006572
-0.024007
0.116296
0.047780
-0.205691
0.098634
-0.045315
0.046908
0.000998
-0.073872
-0.004082
0.042255
0.082496
-0.021215
-0.003976
0.041862
-0.018635
-0.029160
0.045589
-0.051495
-0.019697
0.099330
-0.011475
0.078745
0.052052
0.041249
-0.095761
0.067652
-0.011980
0.014629
0.080700
0.064404
0.023862
0.032086
0.031626
-0.034568
-0.029224
-0.121900
-0.054362
-0.000137
-0.009714
-0.149612
0.117710
0.010197
0.122248
0.108377
0.044615
0.072792
-0.071465
-0.023745
-0.119132
0.054871
0.332133
-0.087758
-0.061953
-0.016136
-0.024081
0.021527
0.069477
0.085101
0.020594
-0.003101
-0.000796
0.069526
0.006599
0.003367
-0.055677
-0.054069
-0.005455
-0.146877
0.192916
-0.070387
-0.064803
0.119533
-0.139074
-0.063690
-0.050576
-0.241173
-0.026068
-0.065120
-0.026483
0.104426
0.107718
-0.047605
0.054501
-0.028217
-0.058579
-0.126318
-0.178312
-0.036210
0.180367
0.129620
-0.068378
-0.074924
0.090096
0.119965
0.097229
-0.078267
0.048557
0.075905
-0.019009
0.028705
0.071443
-0.034166
0.050987
0.014142
0.042208
0.098728
-0.197424
0.061198
0.001540
-0.100111
0.141996
0.029833
0.055976
-0.102388
-0.003850
-0.027768
-0.080870
0.069144
0.037785
-0.119830
-0.042448
-0.084701
-0.040637
0.032217
0.046465
0.026220
0.008166
0.088693
0.073796
0.062290
0.014072
0.058705
0.052947
-0.154698
0.061004
0.146346
0.086760
-0.105576
-0.013666
-0.005986
-0.041501
0.050216
0.057424
0.016727
-0.000104
0.030198
-0.065733
-0.014564
0.042457
0.062405
-0.099453
-0.093475
0.018730
-0.095550
-0.068654
-0.137457
-0.044683
0.181726
0.047316
0.025431
0.011675
-0.080843
0.105964
-0.010625
-0.140766
0.008497
0.037416
-0.065296
0.012786
0.106874
0.055962
0.035925
0.160765
0.063192
0.049204
-0.046485
-0.109143
-0.000775
-0.115074
0.032016
0.051031
0.073483
0.091028
0.091425
-0.000632
0.127531
-0.029332
0.120610
0.029292
-0.106729
-0.078046
0.121714
-0.089647
-0.140431
0.032973
0.070777
-0.002557
0.020950
0.107930
0.085025
0.030194
0.132732
-0.192964
0.147254
0.194582
-0.024539
-0.087666
-0.095978
0.080657
0.051190
0.018248
-0.038037
-0.033193
-0.098790
-0.006091
0.015456
-0.029194
-0.107710
-0.107476
-0.015046
-0.098504
0.083485
0.109751
0.071169
-0.084347
0.032017
0.073524
0.030559
0.005147
0.018725
0.179810
-0.024170
-0.135192
-0.014552
0.186483
0.005672
0.029206
-0.095615
-0.109122
0.135446
0.150673
0.016800
0.092463
-0.037387
-0.010574
0.024972
0.034253
-0.049886
-0.185620
0.035808
-0.080135
0.075281
0.137859
-0.074916
0.022721
0.187325
-0.080039
0.029339
-0.188944
0.166332
-0.206225
-0.012245
-0.045714
-0.169292
0.101729
0.065064
-0.066004
0.048014
0.188654
0.164010
0.021010
-0.005770
-0.025914
-0.037192
0.122067
0.076221
-0.005081
-0.046715
-0.016829
0.004421
-0.217185
0.048606
-0.185923
-0.007038
0.126208
0.001024
0.188772
0.200111
-0.053948
-0.003010
-0.012765
-0.045115
0.113969
0.137844
0.096985
-0.035518
-0.260493
-0.005413
0.227514
0.212380
-0.037940
0.033565
0.044835
-0.127851
-0.198114
0.010654
-0.042575
0.029785
0.095961
-0.009736
-0.017017
0.013630
0.054087
-0.015168
0.107135
-0.017830
-0.022005
-0.125712
0.025075
-0.063311
0.024632
-0.013089
-0.043864
0.057998
0.129833
-0.026058
-0.012213
-0.000939
-0.012834
0.051446
0.041208
-0.140526
-0.062675
-0.006833
0.059719
0.078278
-0.110224
-0.097467
0.031937
0.310676
-0.043580
0.118142
-0.117510
-0.022981
0.084484
-0.096604
-0.029404
0.016623
0.068886
0.063537
-0.188558
-0.054572
0.031718
-0.011323
-0.031813
-0.031409
0.029078
-0.070573
0.117473
-0.058335
-0.006416
0.043732
-0.185643
0.019249
0.060584
0.000477
0.050122
-0.058605
-0.108515
0.002440
-0.144348
-0.167298
0.035645
-0.087029
-0.075951
-0.044231
0.123838
-0.010333
0.187905
0.051535
-0.055123
-0.016547
0.082728
-0.078379
0.029868
0.063202
0.087302
0.044918
-0.088783
-0.081315
-0.013543
-0.110937
-0.133290
0.065301
-0.110530
-0.016421
-0.087998
-0.011818
-0.124969
0.014912
-0.038611
-0.028278
0.178625
0.017046
-0.130277
-0.008741
-0.037937
-0.002838
-0.142572
-0.072530
0.083761
0.024119
-0.061756
-0.056047
-0.196838
0.066886
-0.043534
-0.130929
-0.022641
0.197453
-0.010788
-0.236854
0.040047
0.181531
-0.035147
0.078194
-0.023541
-0.039212
0.087313
0.042426
0.069297
-0.015710
-0.002839
0.049889
-0.194332
0.062376
-0.030512
0.014630
0.090936
-0.078373
0.064332
-0.049557
-0.022660
-0.096307
0.031120
-0.073621
0.054304
0.070457
0.043981
0.004735
0.117327
-0.067117
-0.084775
-0.167745
-0.060104
0.015787
-0.099068
-0.059243
-0.307131
0.076778
0.010851
0.091023
-0.018771
-0.043941
-0.043659
-0.063918
-0.103249
-0.010110
0.082041
-0.066392
0.060134
-0.029272
0.094534
-0.037920
0.077673
-0.037626
0.003401
0.129630
-0.005974
-0.000490
-0.020322
0.077946
-0.189294
0.057617
-0.072570
0.103115
0.151271
0.069478
0.128190
0.079049
-0.103775
0.169839
-0.020746
-0.087128
0.037663
-0.046137
-0.003511
0.171360
-0.025008
-0.026059
-0.018680
0.043168
-0.149273
0.065393
-0.146176
0.059063
-0.085173
0.021443
-0.064760
0.134077
0.103384
0.020318
0.055117
0.000098
-0.034861
-0.100786
-0.021463
0.181866
0.010249
0.122639
0.037705
0.080331
0.056592
-0.025678
-0.005480
0.041287
-0.007607
0.113287
0.038520
-0.045427
0.041499
0.078162
-0.023093
-0.079271
-0.029729
-0.007506
0.075901
0.022863
-0.064004
-0.021484
-0.029351
-0.044762
-0.039794
-0.017815
0.005908
-0.050305
0.038851
-0.022914
0.158097
0.154407
-0.045725
-0.005202
0.254148
0.065139
0.007152
-0.021054
-0.031393
-0.039131
0.161412
0.056507
-0.096715
-0.004043
-0.073990
-0.011527
-0.099301
0.074473
0.044534
-0.121523
-0.064304
-0.080118
-0.005964
0.001168
0.042488
-0.032117
0.144237
-0.038270
0.006477
-0.210153
0.077095
-0.110918
-0.097681
-0.007133
0.093697
0.005436
-0.083109
-0.083914
-0.088075
-0.011880
0.091968
-0.074799
-0.088510
-0.028261
0.001603
0.065064
0.033433
0.092266
-0.060182
0.080164
-0.148759
-0.092994
0.119369
0.025794
-0.065642
0.019592
0.060845
-0.073362
-0.038283
0.015829
-0.104041
0.044730
0.041032
0.052017
-0.017524
0.024116
-0.003388
0.050325
0.066596
0.020608
-0.097195
0.015854
-0.039307
0.016530
0.036810
-0.024346
0.027496
0.158204
0.055445
-0.050764
-0.024532
-0.064827
0.022676
-0.016769
-0.012937
0.070017
0.037584
-0.041062
0.010333
0.030037
0.020739
0.045486
0.160133
0.056443
0.013539
-0.069130
-0.032910
0.041967
-0.129409
-0.101345
-0.006651
0.024991
0.000999
-0.001858
0.030501
-0.152471
0.008176
0.096015
-0.091974
0.029301
0.015825
0.208528
0.018584
-0.067779
0.018031
-0.050108
0.033487
0.034148
-0.056632
-0.102890
-0.084189
-0.017791
-0.081317
0.036167
-0.014269
0.068607
0.166732
0.041707
-0.204532
0.111057
-0.011286
0.005313
0.073870
0.148770
-0.026384
-0.082384
-0.062137
0.039098
0.028337
-0.055059
-0.018840
-0.077621
0.128845
-0.032340
-0.101411
-0.093437
0.052915
0.054022
-0.082037
0.026374
-0.048123
-0.008538
0.074365
-0.006577
0.176760
0.036540
-0.021449
0.051238
-0.098497
0.008884
0.056176
0.108598
0.060849
0.017757
0.105849
-0.020545
0.049934
0.009082
0.066857
0.118044
0.077506
-0.050495
0.096429
-0.089311
-0.168508
-0.128399
0.025050
-0.041088
0.039528
-0.032330
-0.144643
0.047410
0.070662
-0.002079
-0.051755
0.009869
-0.031330
0.011408
-0.002419
0.033508
-0.104307
-0.083871
-0.074316
-0.088791
-0.030904
-0.101872
-0.040061
0.083468
0.065955
-0.056910
0.039907
-0.006054
0.007202
-0.089367
-0.000157
0.108467
0.089330
0.008178
0.042729
0.094344
-0.001197
-0.087469
0.014413
0.029808
0.091461
0.021381
0.091740
-0.061395
0.007457
-0.006034
-0.083139
-0.039543
0.200309
-0.052154
-0.047822
0.071324
-0.029085
0.005147
0.045708
-0.006529
-0.070442
0.087944
0.057378
-0.047622
0.052589
-0.056817
-0.046723
0.072161
-0.065406
-0.146171
0.049355
0.086025
0.053869
0.042692
0.062038
-0.014045
0.048896
0.054370
-0.089249
-0.012146
-0.125906
-0.201594
0.017818
-0.040983
0.009548
-0.125543
-0.003892
0.063457
-0.018260
-0.036188
-0.159810
-0.025370
-0.079399
-0.107688
-0.117323
0.002257
-0.165614
-0.052726
0.056765
-0.038092
0.043984
0.025705
-0.020931
-0.244157
0.038251
-0.085770
-0.023371
0.018914
-0.018892
0.071337
0.048836
-0.008661
-0.207929
0.079629
0.041259
-0.005511
-0.080406
0.039295
0.049758
-0.119285
-0.031396
-0.005088
0.116068
0.119955
-0.113503
-0.007441
0.016355
0.005263
0.035711
0.090696
-0.001027
-0.089584
0.075641
-0.059044
0.048702
-0.035802
0.138278
-0.029363
0.024082
0.069272
-0.128717
0.044469
0.075830
-0.051030
-0.049628
0.011050
0.099051
-0.017263
-0.048798
-0.082149
0.130548
-0.006610
-0.094969
-0.081213
-0.051873
0.064900
-0.032394
0.004463
0.047676
-0.028174
-0.072610
-0.049656
-0.047911
0.060966
-0.016056
0.009648
-0.077137
0.054851
-0.037319
0.048322
-0.062826
0.060758
-0.136352
-0.014123
-0.084473
0.034280
-0.119087
0.153457
0.122139
0.036893
-0.015145
-0.022113
-0.006099
0.057348
-0.083265
-0.040257
-0.049761
0.138679
-0.003264
-0.006300
-0.017307
-0.003434
0.083687
-0.000997
0.009097
0.054849
-0.039510
0.089494
-0.032003
0.039564
0.046957
0.059034
-0.123434
0.051961
-0.036915
0.041969
-0.092650
-0.041318
0.029926
0.083982
0.052014
-0.105203
0.006791
-0.015315
0.114654
0.124032
0.071524
0.025169
-0.242143
-0.075451
-0.010744
-0.037857
-0.044277
0.017251
-0.135350
0.140579
0.143103
0.076263
0.112521
-0.083070
-0.020011
0.068391
0.029349
-0.173583
0.015095
-0.107242
0.037135
-0.007808
0.030355
0.067030
0.042553
0.108016
-0.128636
0.053075
-0.016539
0.067256
0.018674
0.108149
0.092863
0.129236
-0.024973
0.034980
-0.030971
0.056696
-0.207555
0.271271
-0.128959
-0.027577
0.029092
-0.121296
-0.065745
0.123503
-0.112693
0.019573
0.121295
-0.051454
0.144792
-0.056763
0.000870
-0.079752
-0.008056
-0.032340
-0.123016
-0.053996
0.114770
-0.021390
0.056567
0.027558
-0.025714
-0.017910
0.060664
-0.035648
-0.060177
-0.100897
0.061091
0.041371
0.124701
-0.038255
-0.081442
0.037172
0.003998
0.107146
0.065998
0.026973
-0.117340
0.058749
-0.075183
0.222018
-0.030385
-0.067899
0.022088
0.105029
-0.090357
-0.049564
0.156627
-0.188866
0.065401
0.045762
0.053861
0.074045
-0.065983
-0.073460
0.096656
0.178010
0.004191
-0.020495
0.099622
-0.058661
-0.038324
-0.198733
-0.003790
-0.079291
-0.107892
0.080271
-0.117655
-0.014131
0.015278
0.021798
0.037231
0.081933
0.050396
-0.061171
0.127205
0.036102
-0.082220
-0.119563
0.054586
-0.030493
0.000030
0.083546
0.055103
0.061555
0.039121
-0.022319
0.037344
-0.038739
-0.132732
-0.056955
0.000417
-0.117277
-0.098828
-0.084474
0.105829
-0.196486
0.009059
-0.000725
0.018245
-0.023761
-0.090477
0.047223
0.049945
0.129301
0.054765
-0.078952
0.075077
-0.035289
0.021761
-0.040459
-0.044924
-0.157956
0.047151
0.049980
0.069802
0.100691
0.062925
-0.027141
0.084943
-0.075126
-0.100152
0.094354
0.064305
0.169238
0.020059
0.044941
0.076882
0.014805
0.114777
-0.067401
0.002543
-0.041116
0.036891
-0.059909
-0.178075
-0.017337
-0.010859
-0.027690
0.109593
0.019998
-0.103589
0.123310
0.035875
0.053641
-0.096322
-0.011781
-0.017658
0.055538
-0.129904
0.010169
-0.093794
-0.068239
-0.054072
0.083693
0.307893
-0.007374
-0.056919
0.082444
-0.140669
0.009988
0.024058
-0.113486
-0.014671
-0.078499
0.096428
0.038799
0.113213
-0.060974
0.003021
-0.061676
-0.057386
-0.080197
0.062852
-0.021978
-0.039684
0.146330
-0.036154
0.022124
-0.010988
0.039859
-0.045231
-0.023959
0.048150
0.073240
0.144134
-0.068616
-0.018424
0.146966
-0.105768
-0.107948
0.030653
-0.025966
-0.002736
-0.053427
0.130017
-0.135739
-0.022337
0.098138
-0.158413
-0.054423
-0.088269
-0.035521
0.057945
0.004016
-0.044948
-0.022191
0.021222
0.111091
0.107508
0.012907
-0.037172
-0.040175
-0.077412
-0.061972
-0.021952
0.023726
-0.003676
-0.029239
-0.105264
-0.105830
0.032322
-0.017415
-0.076838
0.040119
-0.135428
0.005392
0.033531
0.073542
0.138252
0.057810
0.184956
-0.153112
-0.014975
0.018792
0.036955
0.088287
-0.083796
0.010427
-0.025729
-0.191972
0.101830
0.012827
0.016840
-0.065075
0.309897
-0.023925
0.046787
0.026385
-0.026748
-0.067509
-0.141844
0.167730
0.127071
-0.136629
0.012737
0.007400
-0.027831
0.085820
0.036273
0.067934
0.055402
-0.284636
-0.127031
0.066493
0.033226
0.057016
0.081604
-0.201300
-0.010353
-0.065219
0.024384
-0.114776
-0.054053
0.244207
0.107819
-0.300639
-0.017411
-0.040132
-0.020151
0.211703
-0.132928
-0.135563
0.026577
0.036520
-0.094492
-0.075246
-0.012523
-0.008193
0.039035
0.067478
-0.067243
0.118977
0.089050
0.148393
-0.075536
-0.074043
0.077729
-0.192197
0.024585
-0.039432
0.088542
0.049074
-0.014941
0.100267
-0.128904
-0.028805
-0.164611
0.054874
0.116140
0.127811
-0.078263
0.111192
-0.014531
-0.081684
0.080375
-0.145152
0.069728
0.137182
0.024355
-0.023215
0.064396
-0.172037
-0.064479
-0.075971
0.031656
-0.080017
-0.248262
-0.082043
0.060122
-0.022438
0.079209
0.076394
-0.048831
-0.134842
0.047324
-0.007325
0.025187
-0.014260
-0.151933
0.063851
0.020553
0.211194
-0.101942
0.160089
0.009058
0.037315
0.013621
-0.065357
0.088372
0.060829
0.061151
-0.034734
-0.089002
-0.003610
-0.055772
0.013185
0.011053
0.060137
-0.033014
0.077588
-0.012027
-0.126580
-0.111501
0.055114
0.030891
0.019952
0.083870
0.044371
0.083788
-0.092672
0.081077
-0.040903
0.063870
-0.008205
0.104903
-0.034911
-0.099369
0.070253
-0.111010
-0.097008
-0.059369
-0.095754
-0.004903
0.141294
-0.096400
0.165981
-0.007967
0.198620
0.009533
0.188439
0.108006
0.027804
-0.008464
-0.044986
0.076881
0.053263
0.009531
-0.042431
-0.059542
0.010375
0.008216
0.015984
0.176157
-0.037860
0.067439
-0.013816
0.053712
0.037830
0.020172
-0.073073
-0.064017
-0.018676
-0.013788
-0.111282
-0.052341
-0.055582
0.026386
-0.001105
0.031027
-0.075528
-0.121808
0.065651
0.018310
-0.010021
-0.063392
-0.101833
0.160610
-0.060883
0.003427
-0.050176
-0.071213
-0.072281
0.112271
0.009313
0.101078
0.049479
0.037827
0.151217
-0.083386
0.019106
-0.055914
0.031372
-0.041958
0.033381
-0.022082
0.089939
-0.012516
0.122211
0.022353
-0.049956
-0.036680
-0.039244
0.004252
-0.108886
-0.022223
0.151038
-0.152219
-0.029607
-0.103839
0.027309
-0.012400
0.134541
-0.025720
0.051401
-0.036449
-0.071938
0.017029
0.060219
-0.108125
0.029458
0.030490
0.164039
-0.118621
0.014708
-0.000629
-0.001250
-0.067216
-0.139796
0.082710
0.015559
0.112039
0.056941
0.018686
0.102851
0.173465
0.053786
0.043660
-0.065388
0.035711
0.036827
-0.006965
-0.024055
0.106762
-0.022306
-0.141694
0.029418
-0.029593
-0.044559
-0.122782
-0.033066
-0.119095
-0.031263
0.144196
0.086695
-0.055607
-0.041527
0.172425
0.048584
0.140745
-0.025924
0.054143
0.006004
-0.065263
0.055561
-0.024789
0.056672
0.045411
-0.030282
-0.061423
0.076841
-0.008166
0.014964
-0.025336
0.069959
-0.034071
-0.041093
-0.092224
0.072403
-0.040735
-0.034904
-0.040698
0.128299
-0.019334
-0.074031
0.154497
-0.076360
0.014497
0.001943
-0.071788
0.011933
-0.053805
-0.035197
0.029695
-0.097063
0.045857
0.011880
-0.024856
-0.013684
0.176121
-0.057944
-0.017984
-0.031093
-0.109134
0.025583
0.015410
0.168688
-0.107988
-0.048785
-0.048575
-0.009656
-0.118346
-0.008252
0.270152
-0.107974
-0.083020
0.093365
0.085391
0.113725
-0.018576
0.062040
-0.117408
0.078853
0.081443
-0.049403
-0.114606
-0.098142
-0.043688
0.147959
0.053307
-0.058218
0.051926
0.174875
0.072060
-0.183040
0.152077
0.035622
-0.065106
0.085194
0.018561
-0.016200
-0.047658
-0.025034
-0.059505
0.007595
-0.012192
0.147151
0.149750
-0.020658
-0.036143
0.091930
-0.241624
-0.058733
-0.058284
-0.050664
0.048926
0.041727
-0.058106
-0.189929
-0.106234
-0.014042
0.017545
-0.027512
0.071919
-0.101389
0.128814
0.024879
0.106951
-0.049875
0.026276
-0.130560
-0.040523
-0.105501
-0.121444
0.024318
0.074914
-0.242062
-0.070174
0.130219
-0.116069
0.023265
0.085373
0.021765
0.035029
-0.055863
0.115638
0.047379
0.135067
0.176191
-0.030865
0.111129
0.022221
-0.023588
0.059036
-0.024597
-0.033429
-0.270707
0.065675
-0.014662
-0.042976
-0.020173
-0.015974
0.023839
-0.042937
-0.093620
0.098650
0.057815
-0.072750
0.081223
0.085640
0.017516
0.063611
-0.048601
0.242592
0.012510
0.062896
-0.049398
-0.015653
0.024270
0.140189
0.001916
0.090573
0.010665
0.160383
0.161788
-0.068651
0.106943
0.028610
0.073671
-0.085667
-0.041048
0.252393
0.078427
-0.014578
0.089949
-0.002109
-0.028110
-0.055024
-0.137338
0.018968
-0.001993
0.070347
-0.066163
-0.103056
-0.118135
-0.056609
0.017829
0.066607
-0.006975
0.026977
0.053418
0.209214
0.024547
0.031709
-0.027011
0.004518
0.007582
-0.051352
0.164003
0.013736
0.027476
0.090665
0.105219
0.013204
0.141755
0.011333
0.003382
-0.002765
0.143577
-0.014114
0.062286
0.011859
0.245671
0.026881
-0.011028
-0.057528
-0.059857
-0.013886
-0.082762
-0.244813
-0.169189
-0.163674
-0.052989
0.199030
-0.106608
0.002074
0.048425
0.131198
-0.008641
0.126520
-0.065359
0.070459
0.250936
-0.001644
0.205101
0.082776
-0.086379
-0.095371
-0.103610
0.096845
-0.010809
0.162805
-0.116306
0.135313
-0.072259
0.040815
0.172259
-0.148976
-0.056488
0.085068
-0.059725
-0.077332
-0.043140
-0.084195
0.118522
-0.011474
-0.005901
0.130300
0.093259
0.100156
-0.206148
-0.069311
-0.013041
-0.000092
-0.082888
-0.170034
0.036253
-0.071562
-0.002504
0.093381
0.033857
-0.100792
0.081089
-0.093970
0.069334
0.015703
-0.009876
0.069477
0.104961
-0.106037
0.072570
-0.005707
-0.052761
-0.018803
-0.040946
-0.039439
0.104268
-0.003421
0.005800
0.069743
-0.066286
0.050098
-0.102570
-0.039881
-0.049537
0.008028
0.047002
0.035702
-0.146281
0.119342
0.022920
-0.153943
0.078234
-0.017734
0.115108
0.068337
0.092408
0.039894
0.140087
0.049014
0.015170
0.043087
-0.150692
0.095344
-0.194921
0.046852
-0.079434
-0.044086
0.143874
-0.076003
-0.135758
0.023986
0.038367
0.028059
-0.035335
0.053347
0.082401
0.078827
0.028422
-0.017688
-0.038237
0.020025
0.058213
0.119976
0.119143
-0.047807
0.035169
-0.047350
0.192042
0.012885
-0.152929
0.031819
0.054489
0.151834
-0.126118
-0.031541
0.126237
0.108580
-0.028516
-0.046041
-0.058228
0.034052
-0.086339
0.027072
-0.104891
-0.090672
-0.141032
0.048520
0.050988
0.096071
-0.051068
-0.005946
0.000658
-0.106135
-0.172474
-0.185356
0.103709
-0.263951
0.165786
0.099728
-0.081373
0.001244
-0.001412
-0.060317
0.027441
-0.014480
-0.039022
0.098065
0.055572
0.040698
-0.067427
0.102110
-0.000666
-0.161300
0.084569
0.166033
0.011854
0.015744
-0.059710
0.031288
0.029414
-0.096433
0.230669
-0.278790
0.072904
-0.012416
-0.007000
-0.032326
0.038428
0.012151
0.166878
0.016987
0.054693
-0.011810
-0.046511
-0.036505
0.049014
0.053665
-0.114588
-0.113240
-0.090168
-0.113233
0.267029
-0.089185
0.003354
-0.098370
-0.064321
0.029058
-0.076648
0.002352
0.120418
-0.022719
-0.099001
-0.235069
0.095064
-0.054046
0.046367
0.021585
0.070715
-0.217158
0.041468
0.056752
-0.049345
0.079420
-0.298587
0.297454
-0.064365
0.136468
-0.059442
-0.046559
0.097149
-0.018119
0.045722
0.006731
0.040539
-0.064890
-0.008420
-0.103456
0.165306
0.011365
-0.024526
-0.012694
-0.014248
0.002367
-0.010653
0.007709
-0.000780
-0.006158
-0.024125
-0.170908
0.013599
-0.084584
0.060384
0.028219
0.066777
-0.015857
-0.064740
-0.130854
0.095817
-0.008194
-0.048040
0.023499
0.246319
-0.061651
0.108332
0.152560
-0.112242
0.079796
0.054692
0.057381
-0.232546
0.006631
-0.088406
-0.221624
0.001262
0.003683
-0.016687
0.084256
0.059221
0.188971
0.027339
-0.056675
0.004114
0.021775
-0.001963
-0.067718
-0.092901
0.029225
-0.056584
0.097810
-0.059716
0.080449
-0.039143
0.115382
-0.015774
0.107746
0.078760
-0.021867
0.006639
-0.033539
-0.013851
-0.086471
-0.012639
0.019994
-0.076061
-0.073213
-0.065902
-0.077986
-0.001808
0.101891
0.080109
-0.058815
-0.029732
0.047591
0.048922
-0.027770
-0.029378
0.029474
-0.022912
-0.006445
0.011896
-0.066517
0.009427
-0.045164
-0.169364
-0.090502
0.028638
0.010032
0.050962
0.104879
0.014328
-0.026616
-0.089487
-0.066095
-0.169572
-0.013947
0.020133
-0.027239
-0.049008
0.005671
0.018956
-0.074050
-0.071777
-0.086556
-0.038544
0.068542
-0.032964
0.005788
0.015187
0.009597
-0.042990
0.113744
-0.005739
0.006064
-0.053533
0.021045
-0.033454
-0.074874
0.138453
-0.084782
0.109902
-0.120701
0.001516
0.018283
-0.062048
0.053809
-0.134880
-0.000251
0.015129
-0.025252
-0.047445
-0.009124
0.001284
0.052393
0.069172
-0.092562
-0.066587
0.086411
0.055685
-0.012322
0.105608
-0.028444
0.025226
-0.015901
-0.167827
0.052520
0.101428
-0.053372
0.014146
0.008411
0.086315
-0.094984
0.133754
0.230061
0.021291
-0.156042
-0.084507
-0.089422
0.006794
0.014004
0.180593
0.140323
-0.072854
0.113735
-0.047974
-0.146829
0.084901
-0.017291
-0.065495
0.042766
-0.057702
0.110363
0.056797
-0.005236
0.169654
0.040894
0.013208
0.000742
-0.086540
-0.042871
0.168005
0.108000
0.049520
-0.043100
-0.083300
-0.024896
-0.093554
-0.011191
-0.092709
-0.076749
-0.089576
0.134526
0.129617
-0.115898
-0.030089
-0.049191
0.192198
0.093857
-0.016467
-0.241942
0.046348
0.020078
-0.086425
0.102541
-0.025830
0.034075
0.160781
-0.141921
-0.027403
-0.050479
-0.062152
-0.147230
-0.181306
-0.121077
0.110616
-0.184639
0.095027
0.087422
0.085734
-0.186681
-0.013828
0.058509
0.022191
0.006643
-0.017614
-0.070179
-0.142562
-0.105920
0.022708
-0.156606
0.022428
0.130079
-0.045555
-0.076885
0.002819
-0.075113
-0.013223
-0.066658
0.032197
-0.050336
-0.042860
-0.022475
0.028892
-0.123509
0.130803
-0.001602
0.156803
-0.026977
-0.116081
-0.155391
0.037129
-0.010114
-0.051623
0.012139
-0.068342
-0.129773
-0.129486
0.058668
-0.125932
0.121661
0.003208
-0.049018
-0.085457
-0.091470
-0.015593
-0.020609
0.056067
0.067109
-0.056391
-0.162717
-0.049296
-0.065244
0.118581
0.091403
-0.155287
-0.028883
0.076465
-0.186197
0.262657
-0.000670
0.036877
-0.217078
0.130530
0.039504
-0.043947
-0.018885
-0.001987
0.140482
0.107014
-0.192234
-0.173554
-0.101935
0.005730
0.050501
-0.103891
0.128471
0.101497
0.015465
-0.082121
-0.026499
-0.002187
0.053451
0.011449
0.012696
-0.004405
0.094138
-0.073047
-0.116921
0.035358
-0.112500
-0.061746
-0.150404
0.053316
0.130640
-0.051612
-0.288220
0.152607
-0.047195
-0.036457
-0.064086
-0.044662
-0.000883
-0.004488
0.072294
-0.005402
0.034095
0.101581
-0.001388
0.123712
0.093545
-0.121899
0.019253
-0.078209
-0.129698
-0.058742
0.016461
-0.002922
0.003429
0.063112
-0.031517
0.105032
-0.012520
-0.078766
0.048004
-0.141119
-0.121073
-0.141723
0.121486
-0.067842
-0.038367
-0.191907
-0.032809
-0.030789
-0.034062
-0.099547
-0.032517
0.058138
0.018376
-0.013952
-0.020059
-0.028570
0.023457
-0.121982
-0.059815
0.081253
0.182123
-0.159150
0.192370
0.044142
0.065482
-0.036020
-0.000356
0.065036
-0.099961
-0.135622
0.075710
0.054846
-0.002619
-0.042935
0.100697
-0.000179
-0.015332
-0.052419
-0.027669
0.093946
-0.013028
-0.082709
0.050540
-0.037362
0.017419
-0.102910
-0.072281
-0.073910
0.042813
-0.015411
0.001545
-0.005670
-0.079413
-0.026191
0.060619
-0.055213
0.026690
-0.284387
-0.070942
-0.063387
0.090671
-0.097813
-0.085788
0.222808
-0.137913
-0.096232
0.041692
-0.023653
-0.149029
-0.045411
-0.118058
-0.035378
-0.040541
-0.004924
-0.101688
0.153933
-0.072415
-0.182830
-0.049097
0.033427
0.081061
0.064967
0.128507
0.001949
0.066842
-0.029775
0.099489
0.058894
-0.073457
-0.039950
0.034339
0.126273
0.245365
-0.002862
0.011094
0.052194
0.141244
0.095808
-0.014006
-0.076293
-0.153158
-0.016316
0.031268
0.052646
0.035031
-0.002745
-0.030278
-0.118363
0.023838
0.027274
-0.120604
-0.056956
-0.145496
-0.055740
-0.121621
0.050722
0.094144
0.047699
0.091860
-0.149937
-0.052379
-0.111662
-0.011977
-0.108623
-0.127650
0.117751
-0.031389
-0.129606
0.001161
0.091379
0.193888
-0.005465
0.043374
0.012605
0.020246
-0.040123
-0.055042
0.008420
-0.009143
0.060320
-0.032237
0.085774
0.005125
-0.055295
0.008227
-0.058374
-0.036741
-0.030321
-0.028715
0.059020
-0.098456
0.232432
-0.140458
0.035072
0.141766
-0.012273
-0.087650
0.172370
-0.006988
-0.184775
0.000893
0.015183
0.063106
0.022126
-0.037987
0.003510
0.035523
0.036341
0.029214
0.035871
0.032959
-0.214066
-0.091476
0.016326
-0.002153
-0.140295
-0.069980
-0.053296
0.221032
0.029220
-0.068731
0.047042
0.034058
-0.001008
0.073202
-0.156129
-0.160539
-0.170171
0.223982
0.092499
0.093021
-0.074369
0.088218
-0.074662
0.017046
0.000471
0.005645
0.060201
0.005086
0.067413
0.010870
0.134349
0.224318
-0.000149
-0.071688
0.144608
0.103602
-0.011280
-0.144463
-0.080378
-0.281038
-0.033396
-0.019528
-0.114549
-0.221821
-0.119151
0.079030
0.009875
-0.057801
0.038939
-0.243582
-0.028680
0.119966
0.048007
-0.046302
0.255294
-0.142025
0.034910
-0.100408
-0.123310
-0.181782
-0.081145
0.152119
0.025437
-0.037364
-0.013993
0.038641
0.063499
-0.190177
-0.040910
0.179454
0.156034
0.097687
-0.046442
0.094296
0.034463
0.021023
0.011047
-0.082108
0.164928
-0.125099
0.180640
-0.023229
0.105169
-0.217788
-0.043113
0.119042
-0.007145
0.045196
0.008607
-0.073111
0.085872
-0.026994
0.069437
0.109629
-0.029439
0.087428
-0.076143
-0.158570
-0.087427
0.033479
0.140553
0.205431
0.043889
-0.207946
-0.070613
0.027947
0.084825
0.102596
0.049495
-0.011321
0.016289
0.127672
-0.065927
-0.007620
0.130076
-0.017941
-0.178437
-0.025812
-0.135773
-0.054125
0.157422
-0.025982
-0.111068
0.153121
0.097261
0.230898
0.058047
-0.021955
-0.006665
0.169735
0.011732
0.048852
-0.135992
0.203737
0.034901
-0.190475
0.048876
-0.011993
0.075592
0.111484
-0.064036
0.026279
-0.059956
-0.257284
0.052208
0.061770
0.123283
0.013819
-0.028788
-0.149893
0.088242
0.035861
0.042457
-0.006660
-0.193473
-0.013932
-0.030792
-0.132603
-0.004561
0.088943
0.024725
0.045125
-0.054078
-0.087619
-0.062703
0.057940
-0.049131
0.151006
-0.030242
0.183826
0.047464
0.034650
0.205308
0.128844
-0.305413
-0.123558
-0.059209
0.072679
-0.109975
0.154795
0.065541
-0.136798
-0.185944
-0.095024
0.150686
0.023534
-0.169540
-0.003985
0.050948
0.058492
0.004450
0.132647
-0.100262
0.130084
-0.052516
0.024556
0.073206
0.071054
0.065745
-0.022412
-0.154700
-0.130104
0.122146
0.042803
-0.068649
-0.110485
-0.014276
-0.111969
0.065037
-0.125664
0.043439
0.116076
-0.143400
0.148307
0.067144
0.009871
0.013522
0.018583
0.012901
-0.030263
-0.116696
0.023197
-0.004207
-0.035511
0.046098
-0.113206
0.022773
0.112993
0.030340
0.241099
0.063193
-0.046238
0.003670
0.011416
0.033915
-0.007228
-0.079143
-0.126388
-0.078705
0.104539
-0.022672
0.055160
-0.004820
0.025739
-0.009712
-0.018683
0.044205
0.027569
0.063266
0.180721
0.030545
-0.036595
-0.071176
0.090700
-0.028136
0.055887
-0.013047
0.053390
0.075859
0.049992
-0.079797
0.020599
0.028333
0.138702
-0.064969
0.000990
0.050413
-0.142731
0.141892
0.050685
-0.135123
0.025371
-0.084005
0.091248
0.142145
-0.082897
-0.001747
0.007534
-0.032651
0.109742
0.091778
0.031426
-0.009081
-0.124890
0.163790
-0.118950
0.163050
-0.016499
0.023898
-0.024067
-0.050741
0.004821
0.075548
0.045815
-0.024742
0.190558
-0.097792
0.008865
-0.138855
0.052168
0.039745
0.032371
0.023404
0.027961
-0.181214
0.022829
-0.160738
0.047610
0.090209
-0.021628
0.055135
0.030134
-0.166974
-0.095171
-0.058497
-0.030678
-0.075448
-0.109014
-0.070735
-0.184567
-0.173039
0.192151
-0.129875
-0.110871
-0.116164
-0.016932
0.000181
0.074683
0.085550
0.107993
0.151091
-0.029559
0.095006
-0.059691
0.111494
-0.001049
-0.052027
-0.034530
-0.027430
0.129881
0.067179
-0.056290
0.061735
-0.032681
-0.033494
0.139421
-0.064174
0.021551
-0.016271
-0.269184
0.183927
-0.132806
0.002908
-0.069803
-0.024276
-0.049647
-0.192627
-0.003820
0.124601
0.098010
0.228261
-0.099565
-0.049269
0.016916
0.201698
0.031521
-0.048476
0.023734
0.110683
-0.093521
0.099959
-0.057640
0.112600
-0.074047
0.080988
0.038520
-0.039921
-0.082067
-0.013972
0.183216
0.106294
0.027094
-0.010103
0.168743
0.007338
-0.030086
0.039423
0.034538
-0.085490
-0.292876
-0.026433
0.053164
-0.026204
-0.061573
-0.034094
0.069487
-0.024644
0.050905
-0.193234
0.036911
0.030132
-0.033787
0.122226
-0.030154
-0.149987
-0.056650
-0.005739
0.122560
0.112538
0.120901
0.092249
-0.107465
-0.007825
-0.131154
0.038901
0.076528
-0.141020
-0.041569
0.096945
0.066106
0.067886
0.050563
-0.048762
0.046512
-0.125360
0.057165
0.014005
-0.063463
-0.386655
0.039074
0.056510
0.069643
-0.122675
-0.041430
-0.021088
0.057091
-0.100559
0.104914
0.126121
-0.023611
-0.259158
-0.079497
-0.003567
0.008321
-0.037879
0.077839
-0.168561
-0.125112
0.060657
0.051094
0.192380
-0.277958
-0.048386
-0.028009
-0.019676
-0.185727
0.091336
0.043699
0.132223
0.008452
0.028367
-0.066315
-0.035681
-0.065265
0.015967
-0.170198
0.024817
-0.011653
-0.032102
-0.042670
-0.004612
-0.009972
0.065656
-0.077782
-0.029801
-0.062443
-0.289557
0.109004
-0.125960
-0.017059
0.020442
0.022381
-0.088423
0.019387
-0.121384
-0.008369
-0.066316
0.040187
0.118941
0.078893
-0.019841
-0.031708
-0.081500
-0.102339
-0.185191
0.090900
0.013150
0.100269
-0.144263
-0.190645
0.079663
0.018660
-0.032057
0.123020
-0.022036
-0.043296
-0.009749
0.136437
-0.080686
-0.153630
-0.208537
0.038622
-0.069296
0.006628
-0.192775
-0.151653
-0.006674
-0.210993
-0.009627
0.076750
-0.177133
-0.120040
0.115145
-0.048030
-0.176684
0.096312
-0.025571
-0.081275
0.015389
-0.029738
-0.193553
-0.092191
0.027824
-0.276961
-0.105745
-0.011424
-0.016104
0.003399
0.079670
-0.019613
-0.114698
-0.190275
-0.078715
0.224223
-0.087101
0.009054
-0.053758
0.089781
0.068520
0.023305
0.010825
-0.104003
-0.015379
-0.018674
0.006138
-0.085589
-0.056778
-0.021980
0.018736
-0.020313
0.082278
-0.004855
0.009158
0.018446
0.108504
0.134513
0.060163
-0.067080
0.089536
0.004615
-0.013461
-0.081079
0.070088
0.163025
-0.000231
0.112825
-0.260474
0.021547
0.091079
-0.046890
0.019828
0.020618
0.088183
0.165608
0.005001
-0.012733
0.017345
0.097386
0.003716
0.092747
0.005155
-0.030719
-0.037585
-0.021712
0.050456
-0.022919
0.113959
-0.026849
0.007717
0.068872
-0.025739
-0.161783
-0.001584
0.041939
-0.232296
-0.140168
-0.069132
-0.015581
-0.106035
-0.010666
0.057683
0.037958
0.030914
-0.152878
-0.045797
-0.072952
0.077125
-0.003682
-0.067564
-0.067805
0.050324
-0.025594
-0.022517
0.002447
0.212442
0.027663
-0.040817
0.057400
0.082372
0.226809
-0.026662
-0.101423
0.046176
-0.025520
-0.006061
0.078343
-0.125309
-0.011248
-0.011546
0.043328
-0.073018
0.083286
0.151467
-0.092163
-0.093811
-0.080040
-0.034819
0.009820
0.009050
-0.075764
-0.014267
0.074568
0.108140
0.075684
-0.098814
-0.083370
-0.135075
-0.145524
-0.011163
-0.026628
-0.063571
0.124138
-0.177419
-0.020165
-0.103731
0.071918
-0.076682
-0.077476
0.219751
-0.055833
