388
264
376
444
399
447
230
109
72
186
150
152
250
58
106
160
45
32
241
35
66
115
148
115
305
132
32
56
1
133
229
144
69
91
138
103
330
70
143
121
172
187
140
205
248
258
277
212
301
279
320
352
356
346
204
164
228
173
207
237
270
209
195
321
237
249
186
205
134
210
200
208
171
269
296
294
249
321
279
317
262
320
324
324
170
164
126
97
22
140
138
198
46
43
-2
75
202
59
69
126
196
228
165
104
251
99
55
249
73
163
95
107
57
107
154
173
12
35
74
251
311
200
265
253
267
346
121
0
58
44
39
76
8
13
47
58
76
20
3
29
63
50
66
29
16
42
75
95
67
30
36
30
36
55
46
8
185
73
61
18
53
62
41
111
122
74
12
67
-37
-40
-56
-66
-67
-50
-12
-22
-21
-16
-13
-7
-20
-28
-29
-32
-21
-9
-17
-17
-17
-20
-20
-14
-17
-13
-11
-20
-22
-19
-35
-26
-26
-24
-19
-20
-23
-19
-26
-12
-20
-15
-2
-5
-2
33
-2
-2
-5
-9
-5
-4
-6
-7
-5
-7
-7
-8
-10
-9
-5
-9
-11
-9
-10
-7
-3
-7
-10
-11
-11
-6
-3
-6
-10
-7
-8
-4
5
-1
-1
-3
-2
-3
30
17
42
49
39
40
85
29
106
136
125
120
80
57
124
127
123
127
103
40
54
58
48
104
91
85
73
65
83
91
112
113
82
67
96
130
127
71
71
85
97
109
199
157
242
286
194
203
50
38
138
214
184
102
11
177
72
100
153
16
39
106
103
186
123
111
21
56
142
138
114
145
29
123
270
275
120
25
48
13
5
4
8
55
-91
-102
-140
-140
-107
-101
-35
-61
-89
-92
-51
-24
-35
-53
-51
-45
-55
-41
-38
-54
-63
-49
-25
-30
-48
-53
-36
-37
-48
-47
-75
-58
-47
-55
-77
-57
-17
-25
-28
-32
-41
-8
-14
-8
-16
-16
-13
-7
-11
-7
-21
-27
-14
12
1
-4
-15
-6
-9
27
-2
-7
-3
20
-4
26
46
-5
-5
-6
-2
12
-1
54
58
78
99
126
-24
-22
-23
-15
-19
-7
2
122
28
22
114
161
7
120
18
22
25
26
18
87
1
35
62
14
71
93
96
90
109
100
8
184
275
175
145
52
32
139
228
295
38
49
21
9
57
47
64
76
-2
-9
-12
-13
-7
10
-11
-15
-13
-15
-15
-10
-10
-19
-21
-17
-14
-13
-10
-19
-21
-17
-15
-13
-5
-16
-14
-16
-14
-12
-2
-14
-17
-16
-12
-12
-10
-15
-16
-15
-14
-12
22
115
139
109
121
49
76
191
191
187
167
108
36
157
231
231
212
97
38
110
182
189
198
95
48
190
225
200
172
73
9
91
93
86
104
57
196
72
121
0
87
3
122
241
329
392
420
389
49
379
545
672
641
426
144
368
584
661
509
326
158
521
757
740
511
356
158
509
782
859
695
384
8
185
234
299
116
68
18
188
217
195
37
89
36
156
255
271
339
279
36
243
283
308
266
167
132
339
461
526
504
321
220
316
495
427
423
385
105
242
401
366
242
298
36
203
314
301
204
104
4
86
303
186
250
135
137
21
5
75
2
123
87
20
17
28
38
23
261
124
99
6
20
14
344
72
138
90
10
5
228
5
145
71
18
164
278
32
34
78
1
180
103
26
73
40
0
10
-35
-22
-56
-53
-43
-41
-2
46
-8
-31
-69
-62
-2
17
-37
-101
-70
-91
0
10
-15
-28
-24
-72
-27
-30
-12
-14
-2
-68
-12
21
36
-8
-16
-41
-31
-43
-53
-49
-69
-69
24
39
11
11
29
15
1
44
183
201
201
2
109
256
251
275
20
11
130
216
221
188
61
0
131
209
236
253
118
0
2
76
72
49
14
18
28
15
13
6
24
40
534
819
660
584
647
605
348
443
309
352
535
477
354
567
520
417
520
337
371
457
415
356
361
347
412
490
363
161
318
372
397
533
559
551
484
418
338
421
375
313
369
290
-12
-15
-19
-18
-6
91
-33
-40
-36
-32
-22
-14
-33
-32
-38
-37
-29
-17
-33
-36
-41
-37
-41
-22
-26
-32
-35
-38
-36
-17
-20
-28
-29
-25
-28
-22
-25
-36
-46
-51
-48
-35
35
235
154
117
219
69
91
166
234
241
269
98
41
271
325
304
274
104
51
300
303
306
310
104
68
248
268
193
175
108
73
132
278
289
201
78
87
57
83
90
52
13
35
28
24
28
16
24
25
25
22
35
28
32
29
17
3
16
18
45
29
38
33
32
35
49
27
46
35
33
36
48
37
34
26
19
24
44
37
26
23
21
23
43
100
124
142
117
61
175
186
152
18
48
51
188
44
100
121
148
149
150
-2
-8
115
138
91
226
-3
64
-2
-1
88
140
69
34
48
-6
30
145
45
-4
-3
-3
3
90
35
166
73
24
6
21
99
100
78
11
71
18
152
202
247
90
16
24
108
66
213
261
83
14
78
70
140
313
66
51
121
150
291
268
75
121
14
87
28
58
73
96
24
21
13
21
12
25
16
20
34
36
35
30
23
17
1
16
25
22
28
23
23
34
23
28
35
14
22
9
24
24
30
21
20
26
24
17
19
9
7
7
10
25
108
4
19
20
8
54
66
5
0
33
14
203
142
1
11
13
14
118
21
9
7
10
8
0
60
4
84
27
10
7
29
4
1
0
59
6
6
21
25
20
24
22
83
127
61
181
198
221
243
374
417
402
353
267
171
278
513
410
409
176
185
274
410
489
445
164
210
279
326
365
371
215
152
225
348
318
255
49
120
237
238
187
257
100
2
1
177
272
148
6
83
116
181
164
236
73
72
279
213
161
107
43
95
256
310
198
238
5
65
372
247
201
186
44
64
134
115
115
118
16
22
2
51
54
125
77
205
243
295
386
230
88
4
76
131
248
88
19
11
32
20
2
4
17
2
45
27
17
23
33
7
13
27
18
10
28
19
33
24
11
37
25
16
35
35
44
44
35
424
508
566
455
386
252
421
486
414
387
510
410
469
632
518
460
434
502
433
541
599
530
529
476
423
530
569
551
541
448
191
259
369
358
293
356
271
178
229
203
283
299
186
61
40
4
10
108
344
202
12
20
93
335
355
45
48
23
39
271
254
276
287
226
93
261
214
141
194
207
163
273
311
208
150
86
171
236
461
415
327
402
402
584
210
187
209
218
179
191
114
96
142
135
129
132
163
81
100
90
53
115
179
83
98
111
81
109
170
96
44
75
69
97
204
112
61
48
79
151
237
233
224
233
234
185
78
96
126
183
135
106
55
112
216
242
238
95
74
180
227
201
209
72
87
211
304
247
206
83
75
154
228
245
202
81
50
76
145
114
107
2
102
158
184
180
151
82
0
94
140
155
153
114
29
30
18
111
117
41
7
61
14
33
30
50
32
33
11
19
32
34
26
35
61
52
39
42
42
65
45
28
43
39
32
41
53
56
52
44
-56
-87
-76
-91
-52
-42
-68
-98
-101
-119
-102
-50
-105
-128
-90
-19
-67
-59
-104
-143
-107
-65
-78
-74
-102
-129
-108
-117
-115
-103
-89
-97
-77
-55
-33
-75
-124
-113
-103
-94
-93
-90
18
22
26
17
22
17
19
27
30
36
38
24
19
31
34
40
38
27
16
27
32
37
37
27
23
29
29
30
32
28
27
32
35
34
42
24
22
25
22
25
24
21
207
146
200
244
152
154
56
51
11
5
65
35
94
86
114
91
85
28
102
104
141
113
128
42
99
58
72
98
84
20
97
106
123
53
120
3
132
64
40
53
34
68
9
60
18
14
7
13
82
104
63
38
66
86
91
158
106
69
74
71
75
131
105
105
102
94
71
117
108
116
84
102
77
140
135
125
138
117
46
76
79
73
83
45
-20
-19
-36
-40
-39
-17
-11
-3
-9
-8
-6
19
-18
-12
-20
-22
-19
-25
-23
-21
-22
-16
-22
-16
-28
-28
-17
-8
-16
-16
-13
-14
-20
-21
-21
-13
-21
-27
-29
-23
-17
0
-76
-80
-86
-101
-75
-27
-31
-43
-49
-72
-60
-6
-47
-54
-21
-62
-63
-39
-63
-58
-72
-55
-62
-44
-49
-46
-59
-70
-96
-28
-87
-91
-96
-63
-71
-57
-21
-4
-11
5
-11
10
127
147
138
74
39
19
69
22
18
15
81
98
106
54
20
2
10
35
138
99
10
77
112
10
71
43
59
9
20
46
60
86
90
62
41
99
64
102
78
64
28
16
-23
-51
-53
-33
-50
-38
-19
-4
32
-12
-8
-16
-15
-35
-31
-35
-35
-26
-19
-26
-33
-9
-37
-33
-28
-35
-22
-10
-29
-23
-22
-19
-21
-4
-24
-8
-13
-24
-26
-24
-28
-24
255
213
99
16
79
442
67
76
140
125
39
185
44
104
89
47
66
177
41
87
50
230
38
227
65
132
41
31
53
101
48
196
162
45
87
100
189
137
100
16
120
346
498
648
622
559
570
689
524
509
639
713
523
638
487
558
690
753
873
782
587
611
633
666
782
847
632
739
688
545
821
757
702
765
668
743
863
739
578
604
580
584
788
825
419
426
315
263
316
428
197
296
275
422
299
224
182
64
51
64
88
120
108
3
90
125
46
89
90
126
156
150
125
106
64
4
49
141
11
96
244
80
18
5
28
169
197
324
118
148
256
305
43
232
222
173
127
138
206
180
116
119
140
124
173
258
239
204
78
146
158
165
340
227
91
107
118
113
1
54
3
44
113
78
96
45
55
96
46
257
287
127
244
223
104
131
143
97
38
47
128
235
280
312
423
155
171
150
219
369
267
83
81
168
226
210
222
68
-6
-19
21
47
35
-8
82
9
-11
-12
-16
45
-12
-15
-9
-12
-5
-10
-8
-20
-22
-17
-20
-14
-15
-32
-35
-32
-30
-21
-8
-29
-30
-24
-25
-21
-13
-31
-34
-31
-30
-20
-11
-34
-33
-30
-30
-19
-2
-14
-18
-18
-18
-7
-10
-17
-20
-16
-21
-4
-7
-17
-16
-18
-18
-1
-7
-9
-10
-12
-10
-3
-3
-9
-12
-10
-18
55
-3
-9
-15
-20
-13
30
-7
-11
-14
-13
-17
13
-3
-5
-9
-5
-7
91
294
250
301
411
428
159
222
405
449
381
342
50
288
394
434
420
287
79
334
631
452
356
443
163
292
525
531
512
396
133
194
466
476
412
335
71
120
308
352
330
271
59
57
213
285
271
193
42
237
247
153
139
202
141
144
282
374
372
273
121
197
236
294
346
311
121
192
302
310
340
291
141
158
368
399
347
289
188
106
245
318
317
254
71
1
200
140
81
217
101
41
59
27
73
30
19
57
137
98
92
28
78
61
78
16
6
33
100
58
64
12
81
14
48
8
43
130
141
72
28
22
2
53
111
12
39
26
30
35
28
31
22
27
33
38
36
37
36
33
36
52
54
43
50
34
43
45
52
47
49
40
39
29
43
39
51
34
35
31
33
46
44
29
37
34
37
41
37
243
129
-5
-15
-11
257
309
285
161
137
160
346
248
227
75
17
118
381
319
230
68
30
150
406
330
188
180
241
305
417
307
302
174
116
194
386
352
408
394
402
391
566
-47
-74
-138
-148
-160
-77
-42
-23
-68
-64
-63
-27
-29
-31
-67
-85
-68
43
-37
5
-11
-4
-35
31
-43
-35
-50
-16
-37
12
-7
11
90
93
22
62
81
199
291
260
290
188
19
38
18
35
84
39
53
143
137
175
232
262
58
130
154
139
116
199
48
119
83
94
110
178
87
118
88
12
-12
158
-10
-11
6
-15
70
126
28
74
72
48
80
100
85
-1
-3
52
-1
101
-9
-14
59
-6
-14
-9
-9
-18
9
160
63
-9
-10
-21
-21
-14
-4
-4
-2
-16
31
41
-11
-15
-4
-24
-34
-42
-43
-14
55
3
113
57
42
48
34
2
4
6
5
60
0
6
5
6
9
2
3
6
8
5
3
59
0
5
8
8
4
0
1
6
7
9
5
0
0
4
2
3
1
58
174
137
87
60
119
220
-161
-204
-174
-147
-175
-186
-217
-175
-126
-83
-83
-115
-204
-188
-151
-132
-157
-145
-223
-206
-204
-176
-180
-139
-215
-190
-166
-163
-192
-157
-173
-171
-145
-147
-157
-139
-250
-250
-207
-206
-187
-212
-14
-11
-11
-13
-15
-12
-14
-13
-12
-13
-14
-15
-14
-13
-12
-10
-9
-12
-13
-15
-12
-12
-13
-11
-14
-11
-14
-14
-12
-14
-15
-12
-12
-13
-12
-14
-13
-13
-14
-16
-14
-15
-56
-75
-72
-60
-67
-65
-31
-54
-74
-76
-73
-53
-23
-46
-84
-92
-103
-60
-25
-51
-78
-91
-96
-65
-36
-63
-106
-110
-108
-57
-26
-45
-84
-91
-76
-33
8
-19
-26
-34
-26
-17
25
29
26
35
35
28
22
24
35
43
35
20
22
13
28
33
22
16
25
25
35
37
23
15
28
22
31
37
23
14
22
16
17
19
10
6
20
24
27
26
21
8
-17
-32
-37
-26
-22
22
-34
-57
-35
-15
-41
-21
-38
-68
-62
-52
-79
-40
-38
-80
-92
-77
-86
-45
-40
-89
-82
-80
-80
-40
-32
-74
-83
-69
-85
-41
-34
-55
-53
-57
-52
-36
161
56
-8
-9
-10
75
148
89
-10
-22
-23
50
88
29
-9
-19
-12
55
114
53
-1
-4
39
124
60
-5
-14
-9
-8
175
166
104
107
61
48
268
321
349
339
370
375
358
-25
-28
-32
-34
-35
-37
-17
-25
-20
-22
-31
-27
-21
-34
-33
-32
-32
-25
-19
-36
-33
-33
-27
-33
-24
-32
-28
-37
-34
-36
-26
-33
-38
-42
-37
-33
-23
-25
-30
-35
-32
-26
38
135
488
454
372
110
309
334
400
381
277
210
235
441
433
462
369
239
176
371
314
217
377
267
203
435
316
270
429
295
259
528
411
322
421
220
215
373
446
462
460
244
51
205
171
101
120
351
10
18
19
17
19
12
7
19
19
9
5
9
5
19
12
14
20
4
1
18
18
21
16
5
2
11
17
18
23
7
94
40
1
4
10
44
-56
-98
-122
-128
-132
-90
-52
-99
-114
-107
-121
-68
-58
-76
-114
-134
-132
-85
-50
-108
-117
-120
-129
-83
-48
-100
-115
-104
-92
-77
-71
-100
-100
-93
-114
-70
-15
-14
-20
-15
-23
-15
0
0
1
4
3
0
2
4
5
4
5
3
3
3
5
5
3
2
3
4
6
6
5
3
3
4
7
7
4
2
1
4
3
4
3
2
2
4
5
6
5
2
-75
-65
-76
-81
-32
-64
-11
87
61
37
108
-24
-33
49
52
-8
9
-8
-37
90
-3
-16
23
-27
-21
30
-7
35
8
-10
-23
28
32
65
79
-23
-33
16
4
6
41
-64
-78
-90
-97
-74
-62
-56
-82
-92
-81
-67
-91
-49
-72
-98
-72
-77
-90
-54
-72
-94
-120
-120
-110
-48
-66
-77
-58
-94
-92
-46
-59
-57
-55
-55
-73
-55
-56
-62
-67
-64
-70
-34
-78
-125
-156
-160
-112
-71
-122
-125
-132
-146
-142
-133
-174
-159
-150
-177
-135
-77
-157
-124
-152
-197
-152
-108
-183
-174
-153
-149
-154
-137
-184
-170
-162
-175
-203
-155
-143
-83
-60
-89
-72
-121
283
230
291
403
297
332
65
73
242
345
212
136
16
211
125
18
39
8
126
190
78
139
75
37
27
163
8
191
75
79
22
377
363
177
323
3
220
18
64
5
122
121
85
160
65
-28
25
196
2
105
81
129
92
171
-8
155
119
-4
12
56
-3
111
38
160
56
181
-18
-16
-21
-29
-13
111
-17
-11
-12
-14
-9
78
199
276
245
205
154
238
58
132
171
195
153
165
42
85
109
179
152
195
94
152
139
133
46
132
85
179
181
138
93
103
71
137
109
147
88
71
37
64
8
26
58
62
103
173
197
160
165
144
-12
-21
-15
-22
-25
-19
-15
-33
-21
-20
-7
-15
-13
-11
-18
-16
-10
137
-14
-22
-29
-10
-7
58
-17
-6
-12
-24
-11
47
-15
-10
0
-8
-17
53
-10
-12
-12
-11
-14
-11
-4
-5
-6
-6
-5
-3
-4
-1
-4
-5
-6
-3
-5
-3
-5
-7
-6
-5
-6
-3
-4
-6
-7
-3
-5
-4
-2
-4
-4
-4
-5
-6
-5
-6
-7
-4
-7
-7
-8
-8
-6
-3
37
62
63
-1
8
18
-3
-3
-2
-3
-3
-4
-4
-4
-2
-3
-2
-5
-4
-5
-4
-3
-3
-4
-4
-5
-5
-5
-5
-5
-4
-5
-4
-4
-4
-4
-3
-2
-2
-2
-2
-4
30
130
131
106
153
239
225
417
339
292
277
44
250
294
189
189
217
136
177
323
411
351
373
251
166
376
407
272
387
153
81
281
223
223
232
144
139
262
121
117
125
182
108
61
43
29
26
11
108
57
129
100
4
36
70
21
146
254
132
36
65
31
27
18
38
80
56
23
65
14
11
94
82
68
77
94
41
101
123
75
63
59
61
119
165
170
133
121
32
163
228
100
-5
-6
-1
166
273
306
95
3
100
156
307
215
322
147
106
232
254
87
-5
-10
72
167
209
77
-5
-11
24
128
224
213
57
36
143
333
-107
-133
-159
-187
-159
-130
-92
-104
-148
-137
-129
-64
-93
-121
-119
-118
-99
-50
-88
-104
-105
-122
-111
-57
-89
-95
-113
-103
-110
-68
-96
-113
-105
-107
-82
-43
-48
-24
-19
-21
-19
-22
7
9
11
5
8
3
1
2
3
3
10
3
29
7
10
13
12
6
71
4
8
11
10
4
3
7
10
7
6
5
1
6
12
11
7
32
108
0
27
0
122
31
16
8
8
8
9
10
14
9
6
15
10
20
22
7
14
0
15
11
20
16
9
11
6
9
16
9
4
9
4
14
27
21
15
20
19
30
22
12
13
14
10
12
117
165
187
84
94
170
86
104
-1
-19
20
-7
62
85
-41
-75
-49
-26
29
103
91
51
-9
8
84
136
63
72
38
7
26
72
-41
-20
-15
-3
197
261
209
202
236
146
-45
-49
-13
-6
-28
-58
-56
-52
-26
-24
-49
-63
-62
-106
-84
-71
-87
-50
-79
-60
-63
-81
-79
-66
-72
-56
-46
-48
-39
-51
-63
-38
-23
-28
-41
-25
-75
-82
-76
-68
-58
-42
-36
-6
-31
-43
-41
-15
-19
-11
-25
-19
-24
60
-17
-16
-33
-47
-31
-3
-18
-16
-13
-29
-35
-9
-22
-31
-23
-26
-22
-19
-31
-42
-42
-48
-29
-25
-21
-34
-40
-34
-19
42
36
198
15
110
7
25
101
135
45
68
90
144
30
225
155
207
299
98
89
287
308
218
345
136
49
209
246
228
333
106
32
431
603
550
407
219
42
85
213
139
155
17
140
151
133
212
83
113
75
214
330
281
206
8
51
147
185
207
194
117
10
114
169
76
194
117
11
67
90
47
121
79
75
150
155
97
130
61
-11
100
161
103
184
46
-14
-13
-17
-20
-17
-14
-12
-11
-10
-15
-10
-12
-12
-6
-11
-13
-10
-9
-9
-6
-9
-10
-6
-10
-10
-6
-10
-9
-9
-7
-6
38
71
-1
-2
-4
-10
-3
-1
-5
-5
-11
280
338
400
475
387
198
325
456
353
324
450
309
273
225
351
375
300
328
219
184
176
249
347
361
240
205
150
137
212
259
273
414
412
275
308
397
199
317
339
460
330
208
26
0
15
13
4
34
93
209
156
218
255
200
122
128
133
35
127
120
125
162
286
340
203
220
114
201
383
399
262
167
105
120
150
193
29
117
170
318
341
297
294
268
-18
-14
-18
-17
-17
-26
-21
-18
-15
-7
-13
-14
-23
-21
-23
-27
-27
-21
-21
-20
-26
-24
-24
-28
-21
-19
-22
-19
-27
-24
-23
-22
-20
-18
-17
-17
-11
-15
-18
-15
-14
-16
-15
-13
-9
-11
-21
-8
14
135
199
137
97
85
14
68
99
38
120
188
65
204
230
231
183
165
21
34
24
36
98
132
20
95
15
5
117
92
175
255
192
216
287
252
-39
-18
-41
-53
-57
-27
-13
28
-10
-44
-48
-7
10
254
162
91
224
121
-4
239
218
87
187
90
-10
282
310
109
154
100
-13
29
47
-3
121
70
-53
-47
-56
-57
-31
-8
94
396
203
194
358
277
54
329
364
280
362
258
89
401
253
348
397
160
108
410
467
275
337
144
159
462
490
492
466
126
50
316
294
275
217
41
254
108
105
250
275
328
67
9
77
100
54
10
76
5
6
71
14
23
82
1
136
95
28
58
37
17
29
42
59
38
50
29
156
9
13
79
116
174
239
202
190
13
12
77
50
34
7
36
108
216
488
449
299
336
97
125
95
97
136
93
162
310
223
203
127
148
167
239
238
89
165
181
202
276
144
201
224
213
127
79
-12
41
-10
149
103
97
148
109
138
184
-10
-3
28
-3
-4
-8
-5
159
10
-1
20
-5
-3
345
143
75
-4
-4
-6
65
31
18
37
-1
2
128
63
12
89
-4
-8
-3
-6
-6
-8
-9
-10
-3
-3
-5
-2
-5
7
215
17
1
174
120
32
9
17
21
23
20
33
26
19
55
3
24
13
113
8
35
24
38
31
16
17
14
24
52
43
54
56
55
51
56
14
36
53
51
23
28
77
355
269
282
230
199
61
346
383
212
221
0
147
420
416
350
284
8
55
286
366
381
277
24
56
359
443
357
346
4
4
172
254
228
75
32
40
3
83
23
18
24
-23
-24
-19
-24
-25
-27
-21
-25
-26
-25
-23
-24
-21
-16
-19
-21
-19
-20
-22
-21
-22
-27
-23
-18
-19
-23
-21
-24
-19
-19
-23
-24
-26
-31
-24
-25
-17
-18
-17
-21
-18
-17
-44
-56
-65
-73
-67
-75
-33
-46
-69
-87
-68
-64
-40
-63
-89
-91
-82
-54
-39
-60
-92
-95
-80
-63
-45
-62
-82
-93
-100
-58
-50
-49
-54
-52
-72
-38
-28
-38
-43
-41
-41
-34
-3
25
163
171
129
56
-3
72
-2
-3
28
21
-4
-1
-2
-8
45
-7
-4
47
77
-3
-2
-2
43
6
33
23
100
-5
-7
-7
-9
-12
-12
-10
-7
-1
-9
-5
-10
-6
-24
-40
-63
-25
-27
-15
-93
-145
-108
-79
-57
-84
-70
-151
-137
-121
-114
-108
-77
-122
-125
-116
-135
-118
-87
-133
-127
-141
-117
-119
-59
-111
-79
-89
-111
-127
-70
-100
-83
-86
-85
-82
372
356
425
403
418
430
401
298
419
422
343
363
377
360
533
548
570
436
429
364
541
555
504
414
371
394
525
542
448
397
389
454
504
519
495
381
492
552
593
594
553
491
-126
-113
-61
-93
-128
-145
-186
-143
-146
-126
-151
-152
-197
-145
-107
-70
-153
-177
-237
-224
-185
-140
-112
-139
-194
-202
-183
-205
-186
-161
-202
-188
-152
-109
-119
-155
-140
-117
-103
-118
-131
-103
-99
-115
-137
-146
-145
-99
-135
-156
-170
-199
-168
-179
-138
-131
-170
-173
-162
-144
-137
-116
-151
-153
-155
-130
-124
-124
-171
-193
-147
-127
-131
-121
-141
-141
-136
-112
-121
-76
-76
-106
-61
-102
-17
45
138
106
76
-40
29
100
224
235
219
6
-12
36
221
233
90
-25
-13
77
172
230
84
-54
-34
62
140
153
53
-32
-24
-17
29
4
-3
-22
31
27
40
-7
-2
-56
9
-10
13
92
-2
2
-24
-32
-4
69
49
-47
-26
-26
-7
21
36
-27
7
-6
84
22
-36
-64
11
-5
-6
41
-16
-50
-32
-37
-85
-67
-82
-81
19
22
65
106
67
5
49
-2
-3
-7
-7
-5
59
-3
-7
-7
-7
22
-4
-9
-15
-14
-18
-6
-2
-8
-12
-9
-6
18
-6
-14
-20
-12
-13
-5
-1
-1
14
29
-1
38
9
40
122
111
105
132
-20
-17
-17
-1
-4
-5
-21
-17
-9
-4
-10
-13
-21
-26
-22
-21
-25
-21
-19
-15
-16
-24
-20
-21
-22
-18
-22
-15
-12
-12
-15
-14
-12
-9
-16
-20
-18
-18
-15
-19
-19
-21
2
120
36
27
51
33
110
95
33
90
67
70
125
58
40
18
17
87
116
137
147
119
69
121
68
94
99
108
117
114
78
126
116
145
79
91
177
190
193
205
214
204
92
26
45
174
79
3
162
90
3
10
15
19
168
158
22
22
16
12
209
229
112
32
109
12
113
212
71
72
94
2
210
185
191
89
113
50
181
166
245
184
305
46
2
20
4
3
1
198
1
0
0
27
88
119
25
104
1
3
0
14
2
52
22
1
4
14
63
18
0
2
2
38
25
107
1
27
1
16
3
4
4
5
2
2
-118
-81
-84
-104
-115
-118
-82
6
-11
-44
-43
-44
-64
16
-52
-65
-58
-33
-91
-2
-57
2
-9
-32
-107
-31
-53
-26
-59
-21
-88
-42
-52
-33
-49
-26
-68
-18
-13
-28
30
9
23
43
53
46
39
34
7
30
10
28
50
127
10
139
11
38
124
200
20
46
29
41
99
184
24
31
22
34
156
110
120
47
77
8
3
112
43
91
210
60
168
196
101
75
153
121
99
117
118
42
49
113
154
169
71
63
100
99
107
84
63
24
77
50
62
108
67
22
7
51
64
86
52
6
3
13
12
24
156
131
109
76
71
136
-37
-43
-52
-46
-33
-26
-51
-67
-64
-86
-66
-52
-33
-58
-70
-58
-63
-46
-39
-64
-70
-75
-62
-45
-29
-57
-51
-56
-61
-46
-40
-55
-57
-59
-62
-51
-38
-33
-24
-28
-36
-37
0
2
2
1
1
1
153
189
0
1
0
1
121
0
3
4
4
1
94
11
2
2
0
0
88
0
1
1
1
0
106
54
0
1
0
0
56
124
16
75
16
92
-23
-24
-64
-54
-37
-38
-12
-10
-18
-37
-49
-16
-4
-10
-29
-29
-22
-12
11
-5
-22
-18
-21
-20
29
-8
-9
-19
-12
-4
40
41
117
137
17
-2
-10
6
-13
-13
-13
-10
443
430
284
215
266
354
218
219
85
31
69
194
231
161
130
107
229
327
197
170
203
47
117
320
212
95
149
143
177
249
209
294
270
193
179
279
251
314
238
241
224
303
1
11
27
33
36
21
9
9
30
39
45
37
8
32
54
47
44
31
9
22
34
47
37
34
17
38
46
51
42
42
18
33
44
38
37
37
2
12
14
22
17
11
311
435
652
549
534
325
5
89
188
299
433
86
0
252
228
325
208
7
11
120
103
259
251
82
123
212
252
281
294
121
0
1
57
125
26
7
4
9
8
9
11
9
-15
-14
-17
-24
-12
-6
23
137
-5
-12
-23
40
81
90
16
35
24
107
29
114
7
45
45
72
0
109
174
26
-2
81
79
101
-1
25
62
107
-20
-26
-23
-23
-9
69
76
10
33
40
38
97
17
-20
-35
-5
59
-31
35
39
-21
-45
-52
-27
51
-15
-12
-42
-43
-26
61
11
-35
-8
-14
-31
-13
-25
-66
-58
-82
-57
16
8
21
-8
-7
-27
169
230
242
154
136
222
88
-1
-4
-2
-1
114
145
97
-1
-3
-1
57
155
-1
-3
-3
-3
49
164
22
-4
-3
-3
-1
85
-4
-7
-7
-4
-1
85
-1
-2
-4
-3
0
-71
-128
-117
-77
-87
-85
-35
-60
-100
-101
-54
-12
-31
-45
-64
-59
-59
-12
-32
-44
-83
-82
-64
-5
-52
17
-22
-52
-23
15
-58
-52
-115
-133
-122
-95
-70
-106
-160
-172
-163
-69
3
24
20
25
23
4
37
63
48
21
30
29
45
63
68
82
87
67
38
85
73
72
82
55
40
75
106
88
83
64
48
104
111
126
103
64
14
24
34
31
28
23
272
229
92
89
148
270
85
222
131
116
60
60
260
145
16
79
89
83
177
204
129
101
17
142
271
144
84
6
34
155
303
244
163
159
188
206
241
315
306
289
297
307
-9
-22
-21
-27
-30
-26
-9
-17
-23
-30
-38
-29
-16
-36
-43
-37
-32
-33
-10
-16
-37
-30
-34
-33
-18
-25
-28
-40
-34
-30
-12
-25
-19
-12
-23
-20
83
-7
-7
-3
38
88
214
24
-1
35
94
192
-1
12
-1
64
-1
-1
41
-3
-2
-1
-1
31
106
-2
-1
-1
-2
19
11
-2
-2
-2
-2
-1
50
-1
-1
-1
-2
166
39
-1
-1
-1
-1
7
186
329
224
240
333
160
196
350
222
291
468
250
321
470
311
217
155
80
280
487
445
491
319
134
275
441
350
320
272
201
246
319
347
324
223
144
175
363
394
394
364
172
76
9
132
105
32
74
25
2
130
74
23
0
49
202
289
146
190
62
6
75
158
200
219
67
16
130
341
264
204
51
83
285
337
318
315
65
113
71
28
24
63
147
271
179
190
341
254
235
319
313
257
264
293
332
338
240
124
59
2
252
325
391
364
238
214
192
236
291
299
327
289
315
339
329
340
263
373
330
423
430
393
367
438
435
123
79
2
58
91
220
20
2
5
6
9
45
1
2
6
8
7
25
6
1
5
13
10
86
63
3
6
11
6
69
196
105
0
4
6
63
68
18
0
7
4
0
24
0
105
130
67
3
30
19
99
131
3
19
24
5
147
65
4
28
26
12
2
8
1
23
21
0
49
64
0
11
30
22
18
15
12
21
45
50
42
36
34
28
75
-6
-8
-5
-8
54
-2
-14
-13
-18
-16
-12
39
-22
-31
-24
-26
-14
-4
-24
-25
-29
-21
-12
35
-17
-21
-21
-21
-11
-1
-10
-15
-10
-14
-6
40
-2
15
-2
-5
-3
48
17
50
72
65
21
102
48
20
34
20
60
99
6
46
60
41
119
24
41
43
41
56
15
151
29
9
24
26
65
82
12
1
2
13
127
182
49
72
69
69
61
-71
-76
-91
-81
-111
-121
-76
-87
-87
-106
-97
-121
-85
-92
-84
-58
-95
-78
-94
-101
-98
-79
-80
-97
-87
-81
-83
-97
-86
-86
-97
-96
-69
-74
-79
-102
-73
-78
-65
-70
-80
-75
55
42
46
-14
45
111
4
8
-14
-43
-30
-33
-16
-6
-38
-48
-42
-41
-10
-24
-47
-46
-38
-27
-15
-36
-69
-62
-37
-27
8
-1
-31
-19
-28
-17
33
38
44
106
27
17
41
1
3
4
1
37
269
198
64
74
87
334
188
193
44
0
29
253
203
152
13
3
122
263
192
126
54
0
132
218
230
259
264
152
264
341
224
372
430
423
382
399
398
467
180
195
164
166
221
319
277
163
57
10
239
222
207
318
264
143
303
244
221
198
72
37
157
232
163
215
172
3
96
127
179
179
33
123
95
236
211
292
285
218
130
71
159
214
108
149
226
298
264
207
246
110
186
157
72
113
75
24
204
278
248
284
236
67
172
247
213
201
283
131
164
224
168
238
117
101
289
374
433
433
410
284
16
-26
80
92
98
-14
40
119
140
109
154
98
39
73
67
115
50
124
50
77
78
102
113
97
17
20
15
47
21
108
56
57
97
66
55
88
-59
-23
-6
-2
-26
-18
167
216
199
140
123
87
272
392
316
263
353
326
319
475
475
407
461
388
302
379
439
396
484
449
263
359
472
487
491
372
117
203
202
153
243
232
104
184
226
212
218
285
285
260
363
429
398
307
219
179
272
279
201
139
219
202
242
308
256
218
254
205
133
177
210
178
293
271
191
174
172
256
310
295
293
377
298
267
186
147
182
135
142
42
209
187
69
173
109
203
177
184
200
246
139
206
130
189
136
-1
-19
74
138
99
151
84
15
131
122
119
-2
35
58
123
113
100
102
135
53
146
203
304
322
244
345
246
224
191
163
156
189
274
17
0
17
6
11
5
47
8
30
30
11
17
2
16
6
14
26
20
82
38
0
14
13
13
62
11
13
4
9
22
241
211
152
181
153
191
14
10
11
18
11
19
0
42
9
16
1
7
33
107
45
3
1
1
79
50
7
87
146
58
66
130
182
242
157
53
6
66
109
3
68
5
38
77
159
135
41
18
3
-2
-5
-8
-7
-2
93
46
-18
-22
-13
-4
-3
-7
-16
-25
-12
-12
-2
-7
-6
-10
-6
-4
1
-5
-12
-12
-3
-6
16
79
50
-4
-4
-1
229
349
275
294
218
205
-186
-96
-172
-202
-190
-191
-85
-39
-95
-112
-34
-97
-36
-7
-58
-102
-84
-93
-118
-75
-54
-74
-73
-63
-104
-45
-75
-83
-60
-85
-150
-78
-68
-105
-133
-62
-97
-84
-89
-93
-122
-97
95
61
103
168
129
63
0
0
0
0
0
0
0
0
0
0
0
0
0
0
1
0
0
0
0
0
0
1
0
0
0
0
0
0
0
11
133
47
18
82
21
45
52
50
45
45
46
47
66
84
87
75
76
63
66
68
54
54
32
52
52
45
36
66
65
68
42
49
54
60
57
56
65
90
66
54
63
67
93
98
92
83
75
86
207
117
61
85
45
219
-5
-24
-54
-59
-53
-30
-12
-15
-31
-40
-29
-29
-17
-39
-43
-56
-33
-11
-14
-31
-44
-52
-20
-16
-4
-21
-37
-49
-35
-12
-16
-25
-35
-42
-29
-9
61
67
83
72
72
53
6
29
60
94
74
75
9
20
46
28
14
32
0
2
6
58
32
12
30
19
53
19
18
15
16
108
148
45
0
30
8
45
16
34
6
79
-85
-90
-100
-122
-83
-97
-95
-17
-45
-40
-24
-86
-52
-38
14
-55
-57
-96
-57
-52
6
-15
-53
-94
-77
-53
-57
-20
-36
-126
-89
-79
-87
-92
-94
-65
-80
-68
-51
-46
-49
-51
84
58
125
165
132
192
63
107
158
170
168
18
11
37
200
165
155
70
83
82
97
164
166
157
52
143
217
190
136
23
99
202
177
147
123
11
9
24
75
95
92
267
-48
-79
-118
-98
-103
-66
-74
-121
-123
-123
-101
-112
-88
-103
-126
-120
-102
-91
-80
-116
-128
-138
-116
-100
-67
-110
-148
-162
-123
-92
-56
-112
-108
-117
-104
-95
-47
-53
-55
-78
-57
-72
159
140
271
281
281
302
164
118
236
329
255
233
71
173
132
253
365
243
158
151
92
39
109
156
187
337
172
172
284
240
215
262
168
207
245
176
15
20
23
13
7
57
2
1
2
0
1
2
1
14
134
141
109
140
3
3
12
29
0
30
1
0
33
128
67
64
3
1
42
91
1
0
5
5
4
4
5
2
2
1
1
1
2
0
355
350
282
262
203
314
278
203
166
187
84
181
337
168
46
28
16
223
374
288
278
211
292
265
341
215
221
262
256
228
257
173
224
202
177
352
515
447
497
490
452
447
-67
-50
-54
-34
-60
-80
-32
-35
-28
-3
54
-42
2
62
125
43
17
-34
-5
144
175
18
47
4
-25
25
43
180
76
20
-25
109
69
46
47
6
-41
-32
-19
-2
3
-50
-30
-44
-54
-49
-58
-46
-81
-78
-98
-96
-108
-100
-62
-115
-129
-142
-124
-107
-87
-120
-134
-140
-129
-100
-77
-87
-109
-128
-122
-91
-47
-85
-95
-110
-87
-82
-35
-46
-70
-92
-73
-60
307
501
510
527
568
532
189
400
551
618
727
485
224
377
335
349
312
265
203
303
390
317
301
297
242
430
494
427
361
339
218
347
293
369
315
222
127
152
101
103
49
107
-122
-142
-135
-149
-143
-146
-97
-120
-122
-130
-102
-109
-105
-115
-110
-116
-140
-107
-117
-122
-122
-112
-112
-98
-119
-126
-137
-131
-140
-101
-105
-107
-104
-129
-110
-92
-91
-102
-108
-92
-107
-110
409
378
245
271
344
554
408
351
416
504
476
531
365
372
339
341
463
412
373
486
498
520
423
361
431
388
575
558
423
442
404
431
506
531
537
390
424
388
325
363
303
407
7
153
292
285
275
81
21
173
371
369
323
111
-4
188
291
217
226
59
27
281
405
381
277
21
-11
217
329
405
262
34
-18
1
108
93
39
-13
-32
-43
-33
-21
-27
-43
1458
1275
1439
1603
1420
1376
1107
1028
1269
1422
1378
1108
976
711
841
774
809
882
997
752
933
850
954
862
1003
879
874
829
944
817
917
765
781
736
823
846
1062
939
946
927
923
749
36
26
32
41
38
35
22
107
84
8
7
4
22
62
8
25
13
6
39
68
133
1
2
12
37
11
187
242
104
9
25
2
121
1
141
8
68
66
67
53
44
46
7
5
14
12
9
17
21
21
24
19
11
18
27
41
38
28
29
35
28
36
36
35
37
36
24
26
33
33
32
27
14
21
29
27
31
28
8
8
14
16
21
14
56
20
124
55
26
-5
9
-4
-10
-21
-7
-3
-15
-33
-47
-38
-47
-15
-26
-55
-60
-49
-44
-19
-12
-48
-57
-52
-49
-17
-8
-42
-43
-55
-35
-8
54
-15
-20
-22
-22
-6
0
2
2
2
2
2
1
2
1
0
2
2
1
4
5
4
5
2
1
3
4
3
3
2
1
4
5
5
4
2
2
3
3
3
3
3
0
0
0
0
0
1
17
36
52
26
51
43
6
20
16
50
22
46
28
19
13
43
41
10
85
6
20
0
1
16
12
37
32
18
9
24
138
147
153
5
2
59
65
243
347
312
322
178
307
273
197
193
163
221
263
185
150
64
179
185
225
238
19
101
59
283
196
187
98
79
152
293
224
199
51
18
108
266
209
297
280
211
202
320
265
219
186
144
220
212
-56
-39
-6
-20
-20
-35
-35
-27
-38
-21
23
-4
-25
-7
-20
-9
-23
-16
-40
-29
-34
-23
-26
-11
-15
-16
-35
-16
-24
-11
-9
60
24
16
22
-9
-15
-3
34
23
-7
-23
710
938
507
391
433
737
807
685
715
1113
1028
794
823
1035
1143
1221
1296
1286
917
1072
1367
809
1086
1292
830
1235
998
817
1104
1036
705
843
820
975
888
975
715
628
787
676
821
779
147
151
161
197
182
131
144
168
140
109
68
112
169
105
144
111
115
110
166
140
156
116
118
104
150
124
41
29
76
109
137
157
158
161
168
148
122
144
130
131
125
114
25
20
1
23
6
6
9
10
76
90
14
12
31
31
19
55
6
38
18
28
4
23
3
35
35
10
187
167
27
35
24
37
32
34
32
47
11
6
75
31
36
5
-45
-71
-92
-102
-81
-54
-22
-11
-42
-71
-59
-25
-20
-41
-41
-52
-39
-20
-21
-25
-66
-75
-62
-19
-34
-42
-42
-48
-45
-36
-29
-20
-38
-48
-48
-24
35
-13
-16
-14
-11
48
70
54
246
380
204
22
241
252
219
136
136
293
141
329
238
307
226
174
80
377
343
509
370
20
46
430
639
513
229
70
39
447
479
550
474
128
84
187
201
221
144
177
6
12
30
29
21
9
7
15
32
40
34
17
11
9
32
52
23
13
2
28
9
21
14
0
4
10
12
19
12
4
5
0
2
16
15
10
88
225
204
189
144
154
-64
-58
-79
-96
-95
-98
-38
-64
-130
-157
-121
-86
-57
-96
-145
-157
-117
-82
-60
-62
-75
-96
-90
-84
-65
-79
-123
-114
-69
-73
-45
-33
-30
-70
-32
-44
-45
-26
-49
-49
-33
-66
-138
-195
-176
-160
-157
-185
-76
-105
-121
-138
-136
-154
-93
-144
-151
-188
-212
-175
-113
-161
-159
-180
-156
-182
-110
-171
-153
-155
-175
-175
-98
-122
-135
-170
-152
-144
-73
-80
-80
-66
-90
-98
56
69
24
5
19
3
46
63
12
57
70
39
71
72
101
83
77
30
40
52
107
119
110
46
46
94
131
89
100
37
33
141
142
194
145
88
98
30
0
42
70
135
130
96
56
72
146
180
53
3
-3
-18
-17
78
142
124
44
61
116
175
228
89
-18
-6
-5
131
171
92
26
-4
-5
123
134
168
110
169
128
247
113
-2
49
26
75
138
347
258
269
301
254
301
314
306
200
203
241
246
383
344
238
233
190
264
288
259
210
256
199
285
268
199
118
143
93
279
425
170
131
98
189
266
362
247
168
161
231
296
239
324
409
455
372
250
130
193
331
347
276
110
135
204
297
390
277
121
104
101
236
222
254
99
111
138
190
219
200
105
86
100
138
188
134
93
105
29
46
30
25
13
99
60
65
53
29
130
66
139
214
219
197
144
27
196
255
267
191
113
13
147
229
271
233
102
23
138
194
217
197
116
48
135
190
194
212
116
23
56
84
83
75
45
-62
-35
-13
-12
-28
-80
51
193
274
84
92
-35
-25
139
165
133
49
-51
-20
-6
52
83
157
-36
-14
-19
-4
-13
29
-45
-65
-16
22
-9
98
-60
-23
30
0
45
49
-8
-19
-28
-24
-40
-40
-38
-21
-27
-10
-16
-23
-40
-25
-43
-41
-27
-28
-16
-27
-39
-26
-37
-19
-19
-34
-43
-40
-47
-37
-31
-34
-24
-15
-27
-27
-19
-21
-26
-16
-21
-13
-23
-116
-187
-254
-267
-271
-209
-105
-140
-231
-216
-219
-146
-117
-233
-302
-295
-271
-194
-135
-192
-235
-322
-288
-171
-126
-187
-225
-235
-209
-202
-138
-153
-194
-197
-182
-141
-74
-72
-82
-48
-57
-55
268
256
388
382
382
383
83
38
259
418
321
257
229
215
400
402
375
330
344
266
410
336
200
325
263
150
330
454
395
381
314
107
162
295
156
185
314
244
218
229
154
246
311
449
482
404
462
379
308
274
260
293
364
293
359
525
341
356
307
335
291
329
360
260
335
332
333
433
303
255
329
325
264
331
309
277
388
373
274
254
307
299
284
268
-61
-73
-98
-56
-43
-68
-26
-57
-123
-138
-89
-79
-28
-105
-173
-151
-93
-90
-40
-106
-185
-184
-170
-149
-25
-90
-146
-167
-154
-142
-74
-142
-224
-207
-196
-167
4
-86
-151
-166
-99
-103
255
254
275
280
257
327
260
96
101
151
234
230
383
351
285
262
305
197
361
326
288
230
168
255
361
336
155
176
165
330
394
345
246
219
252
288
200
207
176
221
233
234
-1
-2
-1
-2
-1
-1
-2
-2
-2
-2
-2
-2
-3
-3
-2
-3
-2
-2
-3
-3
-2
-3
-2
-2
-3
-2
-2
-3
-2
-2
-2
-2
-2
-2
-2
-2
-2
-2
-2
-2
-2
-2
-11
-18
-26
-25
-27
-24
-2
-13
-19
-24
-22
-18
30
-13
-18
-26
-25
-26
75
-3
-10
-7
-8
-19
8
-2
-5
-8
-8
-14
5
-7
-9
-9
-7
-11
186
179
213
180
189
99
-83
-44
-46
-82
-84
-61
-17
1
10
-21
-36
8
6
174
114
33
-4
79
20
182
187
138
110
127
29
97
121
142
46
133
-20
-2
-2
-5
20
109
89
196
235
211
271
217
-48
-22
-23
-30
-31
-67
-112
-49
-42
-60
-66
-112
-77
-78
-98
-97
-91
-114
-101
-75
-68
-75
-66
-118
-81
-88
-47
-58
-40
-115
-101
-124
-111
-86
-94
-134
-75
-57
-58
-95
-58
-72
76
121
5
63
36
60
189
192
251
260
156
185
149
190
198
236
188
171
147
160
88
140
212
153
137
182
220
131
240
104
95
176
65
72
122
41
13
12
2
62
33
82
0
14
9
7
12
7
4
14
38
143
12
8
3
14
5
57
9
0
0
12
8
13
14
10
98
1
8
3
1
7
19
9
15
14
10
11
40
2
4
1
5
7
-17
18
-22
-32
-24
-41
-15
-13
-31
-47
-38
-68
-2
-2
-2
-15
-62
-75
24
-16
-42
-80
-99
-96
25
-25
-56
-84
-88
-80
-34
-52
-71
-57
-74
-77
-30
-53
-41
-32
-68
-88
117
3
9
3
93
62
47
134
27
132
112
0
12
20
28
28
18
10
10
16
16
19
11
11
8
13
21
17
18
16
11
14
12
14
23
24
0
29
4
7
6
17
83
152
326
342
231
14
251
361
430
442
163
132
186
299
256
288
347
282
234
179
13
36
173
120
266
361
201
36
191
106
249
423
202
238
441
179
35
69
212
41
17
35
454
740
678
373
434
513
582
736
827
809
857
946
710
1262
1217
1025
1053
954
770
1085
1228
1127
1178
1034
743
1120
1229
1193
1216
1057
681
866
927
827
923
931
714
858
883
844
896
928
-8
-12
-16
-20
-20
-17
-17
-22
-35
-36
-39
-44
-24
-37
-47
-53
-48
-50
-28
-48
-54
-50
-49
-48
-29
-45
-51
-55
-49
-49
-28
-45
-41
-46
-45
-35
-28
-35
-38
-38
-40
-37
66
-1
29
108
-1
80
-8
-12
-1
-4
-12
-17
-12
-23
-20
-22
-20
-17
-13
-13
-15
-15
-17
-12
-8
-21
-23
-23
-11
-8
-6
-16
-12
-7
-8
-9
152
95
45
57
111
131
-23
-24
-47
-23
-25
-13
-35
-41
-69
-53
-57
-51
-45
-62
-106
-120
-101
-69
-44
-65
-86
-100
-99
-67
-43
-54
-98
-90
-73
-56
-50
-55
-86
-83
-106
-47
-18
-27
-40
-47
-34
-17
119
86
52
111
148
93
-7
-27
7
66
31
-31
32
-3
2
-18
-49
-50
4
-70
-67
-56
-60
-46
-17
-36
-44
-35
-49
-72
-42
-77
-59
-49
-96
-61
-37
-59
-46
-37
-52
-85
315
376
324
338
367
379
248
356
276
336
384
243
220
269
318
195
268
174
224
285
363
293
242
228
166
212
211
237
319
160
131
200
226
203
213
235
183
219
252
236
236
205
138
348
409
252
364
176
265
444
436
441
540
335
224
558
537
318
424
334
228
472
480
380
483
351
147
348
317
451
413
299
171
253
285
233
323
250
176
118
145
149
254
249
0
151
8
7
3
4
158
102
137
81
135
59
214
163
1
10
5
3
206
247
100
0
20
3
165
81
30
25
10
14
130
41
42
37
14
15
219
189
229
297
306
191
152
125
96
169
86
28
234
233
231
211
194
55
280
429
407
420
302
142
298
286
348
405
376
143
120
149
229
195
235
75
217
262
314
354
185
172
211
196
298
206
234
90
175
164
61
67
102
170
63
2
94
141
44
166
24
113
47
144
47
163
4
136
60
42
9
184
67
120
139
24
26
67
34
13
41
56
18
123
168
232
274
326
310
323
-57
-28
-48
-30
-25
-56
-50
-16
-31
-38
-28
-61
-45
-28
-65
-45
-45
-34
-55
-30
-47
-49
-18
-49
-56
-30
-34
-40
-49
-39
-50
37
11
-4
27
-35
-52
-24
-23
-33
-29
-57
92
-4
-6
-8
-7
-5
-6
-15
-15
-16
-15
-11
-3
-14
-15
-17
-12
-10
-3
-7
-12
-11
-15
-10
-1
-12
-12
-14
-16
-7
-2
-10
-8
-8
-6
-8
20
-1
-3
-3
-3
-5
-27
-27
-24
-23
-15
-21
-47
-50
-44
-44
-44
-45
-49
-58
-55
-51
-49
-52
-47
-50
-52
-45
-47
-52
-42
-61
-62
-57
-57
-49
-45
-56
-45
-45
-40
-49
-42
-54
-58
-54
-58
-52
-63
-70
-81
-78
-81
-77
-36
-78
-75
-54
-45
-32
-46
-76
-93
-141
-125
-85
-79
-80
-92
-132
-127
-110
-50
-113
-114
-97
-127
-102
-90
-122
-103
-118
-110
-100
-73
-102
-113
-101
-115
-110
87
143
9
17
8
97
151
273
63
17
41
36
159
324
151
21
135
96
119
284
216
108
231
164
84
248
151
141
209
119
71
328
373
246
275
222
111
265
278
261
321
186
48
12
27
60
39
50
6
255
185
100
125
11
16
258
300
116
142
29
32
150
191
206
197
65
27
204
344
173
115
5
27
251
384
338
272
84
61
29
2
12
67
34
61
8
10
7
15
80
289
341
247
108
211
72
216
338
358
400
385
172
138
256
295
304
344
103
94
161
307
284
297
30
41
365
434
379
324
56
49
2
43
96
66
32
31
20
25
22
27
23
27
17
8
14
12
19
20
6
6
1
9
25
32
16
0
2
4
17
28
9
2
2
4
17
22
10
3
10
9
16
38
33
24
25
29
32
22
33
110
111
53
36
70
100
45
58
89
47
71
281
219
200
158
119
25
113
48
133
157
171
86
168
109
87
215
148
54
235
202
187
185
153
6
18
100
62
119
46
69
76
34
35
41
35
90
86
49
11
81
40
123
174
85
33
16
64
94
190
180
92
133
104
48
122
112
137
134
104
88
101
150
112
76
93
92
123
172
177
196
130
142
181
46
52
6
108
109
42
40
2
18
2
150
226
56
25
80
89
195
239
309
146
207
175
161
200
179
42
187
185
150
228
265
138
253
193
274
352
368
362
383
281
63
14
201
454
261
136
321
142
422
588
589
365
414
510
373
312
49
204
463
395
443
579
504
184
422
515
534
551
570
292
419
260
336
402
269
334
394
184
351
291
280
173
105
212
110
125
107
225
123
256
202
266
384
348
296
648
527
352
406
369
259
386
437
255
256
373
306
389
378
525
422
375
293
455
347
378
313
420
308
426
504
420
460
385
-178
-133
-134
-144
-157
-181
-195
-161
-136
-124
-76
-145
-171
-125
-117
-132
-197
-148
-196
-168
-125
-144
-159
-180
-180
-180
-197
-151
-158
-184
-227
-220
-191
-171
-204
-189
-171
-128
-119
-109
-143
-145
300
287
307
322
319
235
82
-6
40
21
20
-29
105
-19
50
75
116
-11
136
1
-11
3
57
-28
93
-19
-10
-25
3
-31
96
1
112
169
96
18
123
67
104
104
102
46
236
176
184
123
66
252
66
21
18
14
17
7
98
10
27
27
15
9
213
35
107
0
5
17
139
95
80
16
79
29
63
11
21
25
20
8
209
46
2
0
3
181
-2
25
-4
-5
-1
-1
-1
72
-2
50
-1
56
-2
-2
-5
-6
-5
8
-2
-2
-7
-8
-4
61
-3
-4
-3
-5
-4
-1
-4
19
-3
40
-2
80
-1
-4
-6
-4
-2
45
-12
-14
-5
58
-1
-16
-5
-18
-7
-6
-12
-20
-10
-17
-9
-3
-6
-17
-5
-5
-8
-11
-2
-20
-9
-8
-11
-19
-9
-16
-10
-2
-6
-7
-3
-24
-15
-15
-15
-15
-16
-21
26
-24
-40
-46
-45
10
-4
-32
-14
-26
-8
-23
-9
-24
-13
-36
-5
-6
-6
-16
104
-22
-19
-2
-8
-48
-43
-37
-29
-27
-26
-40
-34
-68
-47
-30
-1
75
56
68
-6
-9
-23
-14
-19
-20
-22
-16
-32
-30
-34
-35
-29
-24
-29
-44
-47
-55
-51
-37
-42
-32
-30
-33
-36
-28
-36
-29
-26
-28
-30
-29
-40
-47
-46
-44
-47
-39
-24
-24
-22
-18
-22
-13
225
296
509
674
645
475
238
314
455
638
468
362
277
192
363
474
346
367
236
288
436
382
300
279
334
375
469
443
521
294
198
77
67
177
155
85
130
124
125
94
16
127
59
14
193
184
171
82
235
12
234
360
279
222
188
111
185
214
144
147
327
226
200
277
233
83
278
199
178
229
186
216
309
210
233
337
325
239
359
353
443
486
429
311
221
12
-12
-24
-37
131
116
-7
-38
-55
-40
7
231
140
-4
-17
-4
119
198
51
-4
-18
-21
148
210
36
-12
0
26
197
256
82
-2
-7
29
208
278
161
170
123
178
219
-52
-11
-16
-27
2
-34
-51
-9
-17
-25
10
-31
-38
56
138
65
50
-29
-17
145
271
222
271
-3
-45
29
137
145
136
-24
-61
-20
39
-8
-25
-66
-60
-6
28
-2
-12
-53
219
321
338
266
327
275
203
499
379
446
572
479
310
634
561
498
445
399
253
443
516
512
502
394
296
373
559
615
525
321
86
11
45
101
61
90
278
300
356
271
357
367
1093
1030
717
885
864
1035
618
695
607
615
581
643
777
478
560
395
302
359
674
419
516
785
399
516
512
435
671
774
358
605
688
429
630
747
385
724
915
879
886
780
579
699
37
25
19
15
-12
-9
90
205
212
185
279
202
93
273
261
264
212
177
98
269
314
356
295
151
105
382
420
351
317
167
86
289
196
201
84
126
-5
97
80
34
81
57
-55
-106
-90
-55
-77
-54
-71
-74
-79
-62
-78
-56
-73
-92
-108
-112
-136
-99
-86
-117
-124
-114
-105
-107
-81
-87
-129
-127
-127
-104
-77
-100
-130
-132
-103
-84
-98
-102
-101
-86
-87
-96
-1
-27
-26
-11
-18
-7
-1
-33
-26
-30
-36
-22
-10
-39
-23
-23
-24
-24
-7
-36
-37
-34
-33
-22
-17
-50
-31
-25
-26
-26
-5
-41
-38
-39
-44
-33
-6
-28
-25
-24
-31
-16
1
13
16
15
34
20
59
10
19
24
34
58
66
63
30
5
9
48
54
30
12
35
44
9
66
58
17
43
43
25
82
76
60
16
67
21
46
57
87
77
101
16
3
20
18
24
27
12
5
14
27
32
24
10
6
23
36
39
34
1
9
20
31
41
32
5
7
24
37
36
29
6
3
21
24
37
20
4
253
198
157
130
208
349
-40
-48
-40
-37
-55
-43
-25
-11
-21
-27
-27
-27
-8
-5
24
-17
-25
-13
-29
5
59
-17
-1
-6
-15
81
-13
12
-1
-1
-19
52
-17
-28
-9
-2
-4
80
14
49
74
76
7
12
18
18
21
17
6
9
5
6
3
14
13
24
28
27
29
8
8
13
23
26
23
15
11
14
18
14
14
11
10
8
8
13
11
6
3
5
8
6
5
8
-5
-1
-7
16
30
-7
-37
-39
-44
-57
-42
-41
-31
-36
-51
-47
-41
-40
-26
-44
-21
-8
-22
-35
-31
-47
-47
-45
-49
-37
-16
-23
4
42
-4
39
-37
-38
-47
-40
-47
-41
84
85
112
113
111
247
135
185
139
230
175
63
80
159
66
62
213
152
106
151
267
187
159
97
93
110
117
165
226
73
34
-29
-22
-31
-47
4
157
102
15
16
53
114
-4
88
19
-3
7
-25
-16
-33
-41
-23
-21
-20
-23
-47
-71
-81
-71
-46
-26
-32
-53
-54
-54
-58
-9
-27
-46
-35
-37
-34
-31
-51
-39
-45
-48
-51
-25
-56
-65
-52
-48
-42
-77
-70
-79
-71
-51
-82
-110
-56
-83
-61
-70
-65
-117
-88
-100
-93
-84
-76
-122
-62
-78
-68
-50
-72
-108
-20
-30
-76
-55
-68
-87
-47
-69
-48
-74
-87
-99
-119
-117
-121
-101
-84
14
49
99
92
119
12
70
315
319
494
340
162
7
153
277
267
318
41
0
162
181
253
285
41
9
206
125
132
128
5
18
7
126
105
20
14
33
15
2
9
0
28
278
272
275
244
169
279
346
214
97
150
238
274
368
370
245
196
289
304
352
319
311
236
223
335
338
285
248
188
250
373
342
369
341
352
413
434
372
289
242
232
279
405
34
53
60
59
45
38
63
77
73
69
77
64
56
82
83
73
64
56
53
72
73
81
68
56
51
81
82
81
75
56
55
86
79
80
69
69
42
45
43
44
48
37
3
4
2
3
3
5
2
2
3
2
2
7
4
7
5
4
3
7
2
3
2
1
2
8
3
5
3
2
2
8
3
3
4
5
3
7
3
2
2
2
1
5
302
513
396
301
371
155
637
928
691
557
480
427
524
918
625
468
578
587
532
807
520
349
719
519
535
958
748
460
632
453
475
995
849
695
870
590
117
224
107
265
320
286
-39
-75
-96
-68
-68
-27
-27
-53
-63
-55
-55
-13
-27
-63
-88
-98
-89
-48
-33
-44
-68
-69
-76
-54
-37
-56
-78
-67
-86
-40
-24
-24
-42
-30
-36
-18
-27
-28
-31
-21
-21
-31
-31
-28
-24
-9
-22
-40
-126
-63
-111
-137
-94
-119
-98
-92
-177
-166
-138
-129
-123
-105
-143
-93
-93
-87
-118
-92
-105
-134
-157
-100
-101
-134
-148
-166
-173
-123
-46
-25
-39
-54
-57
-12
17
121
81
38
94
93
14
158
66
140
10
128
9
188
123
206
180
315
54
149
20
37
36
224
33
204
83
19
16
197
24
172
144
170
68
271
44
63
90
71
78
40
-16
-19
-33
-30
-26
-30
-11
-20
-31
-23
-19
17
-9
-17
-42
-43
-18
21
-14
-17
-40
-45
-25
-7
-1
-17
-22
-32
-15
-4
8
28
5
4
28
63
4
-7
-22
-28
-25
-16
-51
-67
-75
-72
-80
-71
-49
-20
-50
-68
-53
-41
-81
-58
-64
-61
-56
-48
-79
-83
-87
-107
-53
-43
-86
-66
-86
-94
-62
-52
-69
-43
-51
-54
-44
-30
-79
-68
-63
-51
-33
-43
-108
-62
-40
-79
-76
-132
-132
-59
-55
-79
-38
-84
-90
-47
-17
-50
-55
-92
-121
-93
-76
-14
-62
-95
-56
-32
20
8
-41
-77
-79
-75
-31
-17
-47
-54
-105
-87
-81
-79
-88
-89
4582
5616
4922
4326
4606
4823
4630
4890
4065
4235
4594
4645
5498
6299
5577
4713
4981
4799
5206
6311
6398
5478
5095
5218
5419
6137
5609
6114
5735
5407
4922
5372
4460
4278
4523
4602
5265
5684
4930
5115
4661
4918
339
360
259
206
222
331
411
174
195
226
194
354
351
168
113
135
241
367
408
329
251
146
202
307
375
225
217
177
172
274
368
208
134
115
210
310
451
376
314
341
358
414
19
15
14
14
19
17
14
7
2
3
8
8
13
2
1
4
4
6
16
5
5
2
3
4
15
2
0
2
8
5
10
6
2
7
1
3
10
0
53
39
112
35
26
19
5
22
12
4
17
14
19
34
8
1
19
9
29
31
22
29
21
12
8
9
20
62
15
6
8
6
12
43
24
20
29
30
24
7
23
25
35
23
24
6
-14
-7
-6
-7
-7
-8
-8
-7
-2
61
3
-3
-9
-4
-3
-2
-3
-4
-8
-6
-4
-4
-2
-5
-7
-2
-1
-3
-2
-5
-10
-9
-8
-11
-8
-9
-11
-10
-10
-9
-9
-10
55
49
43
4
20
23
58
59
27
30
11
41
28
24
155
176
1
13
45
52
23
28
32
10
36
2
11
57
0
12
72
41
17
12
52
35
81
90
66
60
71
76
57
-40
-27
-5
-27
-5
105
40
250
223
112
68
40
-3
74
204
123
92
63
-33
-10
26
-3
144
76
-21
-4
-5
51
134
7
-10
-4
-20
1
89
45
21
-10
25
-5
98
-11
-11
-7
-10
-11
-12
-14
-19
-12
-7
-10
-15
-14
-18
-19
-19
-14
-9
-14
-13
-14
-17
-11
-11
-12
-10
-11
-13
-13
-13
-19
-17
-18
-17
-15
-15
-10
-17
-21
-22
-21
-13
-57
-33
-45
-47
-37
-51
-54
-28
-37
-30
-33
-48
-45
-22
-42
-34
-28
-46
-54
-26
-24
-28
-19
-39
-57
-26
-41
-49
-31
-40
-54
-41
-41
-54
-44
-57
-39
-23
-26
-29
-9
-14
57
2
10
8
5
4
4
5
9
3
72
0
5
3
4
0
0
5
8
9
12
9
8
10
8
11
13
11
11
12
2
13
4
8
7
5
68
4
2
2
4
6
92
55
24
86
32
103
91
3
30
0
37
37
110
6
73
1
45
18
44
128
84
99
36
107
20
54
60
36
13
63
13
171
153
24
192
5
97
0
36
49
125
59
101
126
134
93
72
98
52
29
15
77
25
82
32
0
100
72
38
115
3
80
102
81
55
96
23
27
32
50
64
97
69
22
84
68
147
131
100
94
86
75
130
157
-37
-40
-43
-32
-31
-27
-26
-26
-17
-19
-25
-17
-26
-31
-22
-12
-13
-9
-23
-22
-29
-22
-11
-11
-29
-21
-12
-19
-13
-14
-22
-9
-12
-14
-12
-12
-26
-17
-12
-14
-6
-15
170
206
291
386
272
127
81
158
312
383
84
11
32
64
49
81
14
56
50
148
212
235
143
64
112
62
51
103
132
59
121
10
108
26
47
22
6
219
288
121
138
14
-2
-4
-1
-4
-5
-3
-5
-11
-10
-10
-12
-5
-4
-7
-16
-15
-15
-4
-6
-9
-12
-15
-16
-5
14
-8
-15
-13
-11
-4
-2
-9
-11
-9
-9
-2
19
-4
-4
-5
-7
-1
118
109
117
74
36
70
183
55
99
58
108
163
184
261
266
187
101
159
109
13
50
87
81
139
69
102
10
5
4
44
86
149
143
132
147
165
-3
0
42
47
28
-6
25
24
55
40
12
20
110
6
50
95
91
83
154
121
66
18
120
5
18
1
20
100
107
55
0
22
30
66
116
9
8
5
123
65
54
27
34
26
37
37
23
14
102
188
158
151
193
191
50
73
76
78
134
160
108
182
188
178
183
187
118
131
179
127
133
183
128
140
114
196
140
182
124
142
162
166
132
150
122
170
234
213
198
123
63
18
1
123
34
148
165
130
282
303
33
131
135
3
106
118
173
243
128
67
179
85
95
130
86
85
95
84
34
46
110
92
36
22
71
118
181
192
239
233
235
190
92
134
79
89
61
105
208
172
239
170
125
196
166
196
121
112
114
225
189
239
205
158
207
241
191
215
157
159
142
215
127
237
227
132
173
177
218
310
312
361
328
255
250
217
173
197
224
244
270
284
275
274
313
371
310
326
313
326
316
346
316
342
313
327
297
319
324
309
378
358
343
296
310
330
288
329
281
305
246
230
244
240
233
275
278
370
237
278
290
350
263
383
521
570
553
484
333
388
506
477
487
402
320
445
530
463
368
368
322
430
543
582
402
346
282
339
331
397
293
272
297
329
351
344
286
255
46
36
28
45
31
66
76
59
67
66
81
72
66
32
42
59
31
63
65
24
24
72
35
58
47
40
30
52
36
71
83
99
109
118
70
95
55
47
48
45
42
42
49
73
99
79
88
78
32
57
66
70
49
25
28
36
62
74
85
38
15
44
75
88
78
49
14
45
70
70
82
34
31
31
39
37
63
22
31
43
24
21
27
31
-12
-1
-32
-37
-25
17
-9
-24
-30
-17
-32
8
-19
-26
-38
-40
-19
-6
-16
-38
-34
-38
-42
-2
-13
-28
-43
-58
-27
-8
-23
-13
-10
-7
-15
69
-8
-8
-10
-18
-16
-8
-8
136
103
117
86
47
-68
-33
-16
70
-20
-49
-77
-56
-70
-62
-31
-72
-53
-60
-38
-51
-48
-72
-36
-37
-40
-39
-28
-55
-77
-99
-81
-56
-80
-100
-89
-111
-119
-121
-109
-104
18
35
43
41
38
28
20
33
47
59
50
25
22
35
65
70
61
32
25
37
54
54
54
35
23
41
51
58
48
35
8
27
38
40
41
25
39
49
48
52
49
29
54
21
283
453
316
235
107
75
79
279
102
61
99
78
1
132
29
80
63
94
38
26
45
50
63
40
14
26
11
50
55
101
123
50
84
96
45
72
49
58
78
87
-6
2
-5
82
42
-27
19
20
88
112
33
-42
53
59
114
-6
-34
-42
55
-5
43
-34
-28
-57
-15
23
54
-13
-13
-64
-5
20
3
-19
-39
-20
-22
-45
-14
-46
-25
-73
-69
-84
-123
-128
-125
-101
-60
-87
-86
-87
-83
-89
-64
-84
-91
-116
-91
-71
-58
-69
-77
-103
-77
-71
-73
-74
-85
-93
-74
-82
-105
-112
-95
-100
-110
-90
-50
-45
-53
-57
-47
-48
-130
-208
-223
-176
-203
-135
-137
-227
-239
-261
-273
-195
-160
-238
-247
-269
-274
-218
-152
-293
-292
-315
-300
-205
-186
-306
-300
-295
-262
-206
-151
-205
-215
-237
-253
-175
-152
-157
-154
-153
-148
-111
25
48
62
37
49
51
171
10
139
8
5
3
143
118
154
36
107
162
198
105
141
45
44
96
167
183
118
67
88
147
260
336
452
290
301
282
199
308
417
418
466
180
215
156
168
172
134
131
150
238
202
284
287
286
333
452
298
155
164
253
301
438
241
115
154
285
258
244
175
151
142
186
223
179
49
47
106
236
286
181
208
258
249
238
-171
-136
-108
-139
-106
-106
-153
-116
-135
-136
-159
-99
-147
-67
-112
-94
-104
-114
-157
-96
-138
-136
-111
-109
-132
-66
-43
-80
-112
-103
-117
-64
-94
-86
-110
-126
-131
-79
-104
-101
-109
-104
66
89
5
-4
15
36
-3
5
21
44
117
-4
46
17
3
87
-1
-7
16
20
76
11
6
-4
-1
-8
-11
-1
-6
-10
-6
-10
-12
-15
-14
-9
-2
103
156
208
87
-4
23
-26
-63
-4
-27
-10
86
-66
-145
-178
-143
-62
159
81
-64
-81
-50
-10
122
35
-24
-77
-31
12
112
95
38
-45
-53
30
71
84
101
44
39
63
10
-72
-81
-84
-77
-46
224
119
122
133
168
216
125
127
130
164
226
124
112
74
89
106
68
94
90
9
26
98
9
2
98
62
245
209
126
52
127
25
3
97
130
19
287
377
347
372
283
246
163
90
132
169
138
109
84
44
25
19
46
23
48
49
215
23
9
29
41
27
240
333
186
24
58
20
232
367
159
18
56
16
69
50
6
47
78
12
67
2
39
37
-91
-112
-127
-122
-150
-110
33
-12
50
-12
-14
-3
42
-18
-36
-32
-46
-7
16
-63
-29
-59
-38
93
-17
-50
-64
-68
-62
-19
-45
5
-19
-59
-32
53
-46
-43
-45
-52
-44
-11
0
0
0
0
0
0
1
1
0
0
0
1
1
0
0
42
0
0
1
1
21
126
0
0
1
0
0
0
0
1
0
1
1
1
1
1
0
0
0
0
0
0
47
54
57
52
48
50
37
49
41
41
39
43
49
57
52
52
47
48
47
54
51
51
46
55
51
58
73
60
54
51
42
44
32
35
29
41
37
28
23
30
24
46
20
-17
-14
-15
-25
-12
267
159
125
70
32
47
267
-3
13
61
-5
184
243
15
91
11
-6
138
93
6
24
67
55
133
172
277
215
105
40
164
422
505
556
507
437
512
240
215
20
16
16
98
595
544
607
520
565
460
617
782
775
698
622
664
630
743
917
717
592
632
500
669
810
819
878
675
597
964
891
687
813
697
647
856
816
803
761
658
-14
-20
-20
-25
-17
-23
-13
-14
-14
-16
-20
-17
-22
-24
-28
-25
-24
-25
-19
-21
-32
-30
-23
-24
-19
-27
-32
-36
-32
-26
-23
-32
-27
-27
-20
-29
-19
-19
-21
-20
-18
-16
-9
-8
-2
90
-1
-3
-6
-5
12
128
109
-2
-10
-12
-3
39
-5
-4
-9
-11
-7
-2
-6
-5
-8
-8
-7
-5
-6
-5
-7
-6
-4
-4
-8
-4
-11
-13
-13
-10
-13
-8
291
318
271
310
338
251
361
219
235
104
273
224
381
207
349
188
276
182
345
235
326
326
256
116
262
130
239
361
200
168
329
201
331
228
229
196
260
229
235
214
230
137
-50
-27
-4
-4
-21
-51
-88
-96
-68
-55
-41
-93
-87
-95
-94
-69
-73
-90
-80
-81
-50
-67
-61
-89
-44
-62
-64
-42
-38
-65
-55
-73
-40
-47
-58
-91
-63
-55
-41
-35
-73
-70
11
-22
-28
-35
-24
-5
-19
-27
-58
-83
-67
-52
-3
-11
-50
-73
-65
-42
-5
-31
-39
-44
-44
-38
-9
-37
-59
-48
-48
-40
59
-6
-29
-45
-31
-17
-8
-12
-15
-26
-18
-22
39
23
36
39
43
63
19
59
96
84
13
45
35
27
53
70
67
36
54
34
57
61
28
52
33
8
6
40
38
32
33
12
78
49
70
15
64
91
77
76
43
51
19
25
31
33
29
20
16
26
31
34
31
18
19
28
30
24
15
12
14
19
24
30
20
12
15
25
29
29
23
16
12
10
12
10
11
9
14
9
10
12
11
8
211
233
130
13
30
25
103
100
36
57
48
22
15
38
69
97
43
34
9
15
39
40
27
0
63
22
40
80
51
28
36
149
19
9
93
125
107
162
106
111
135
128
23
59
28
22
52
46
77
54
124
115
119
64
119
146
155
141
130
100
106
144
173
142
143
97
110
124
182
229
155
98
75
14
32
76
51
35
44
19
11
80
28
15
12
-44
-107
-59
-89
-36
13
-24
-89
-118
-103
-72
49
-39
-93
-92
-72
-53
-7
-62
-98
-87
-59
-51
-13
-65
-81
-88
-69
-57
8
-33
-57
-79
-52
-30
106
97
133
50
134
13
62
179
271
252
251
207
115
142
90
56
253
215
125
158
16
83
136
260
65
103
107
130
33
265
87
74
195
112
174
193
96
239
281
60
265
239
128
254
93
149
21
107
-109
-172
-218
-201
-181
-105
-86
-106
-209
-206
-182
-99
-97
-180
-244
-246
-206
-121
-117
-171
-207
-210
-166
-119
-115
-152
-198
-202
-181
-141
-96
-147
-178
-199
-174
-101
-34
-52
-64
-59
-61
-28
10
35
34
43
12
76
27
4
61
43
21
88
16
5
60
76
6
154
38
3
24
25
21
96
22
25
34
12
16
93
93
169
83
75
101
202
131
116
98
107
165
138
225
324
545
411
564
388
120
16
154
333
340
93
294
246
114
135
220
185
237
294
232
219
111
255
104
108
180
209
272
296
310
500
411
264
275
422
460
523
513
434
437
482
61
92
99
87
93
54
35
110
99
109
72
91
60
107
137
156
130
92
59
95
40
56
53
97
76
123
60
32
39
85
58
43
1
25
76
78
55
52
51
50
67
110
-156
-138
-175
-183
-172
-138
-66
-62
-43
-48
-64
-82
-68
-68
-21
-20
-33
-34
-78
-42
-29
-47
-47
-52
-69
-49
-35
-45
-48
-75
-132
-79
-63
-74
-99
-103
-86
-49
-26
-25
-25
-88
39
35
4
26
31
41
23
23
62
84
46
35
20
8
22
53
57
29
8
19
17
23
18
37
20
0
87
73
39
30
38
25
4
28
12
40
33
11
2
1
4
34
-6
-3
27
-5
-6
-4
-7
-10
-6
-2
-6
-9
-8
-11
-6
-6
-6
-4
-9
-16
-7
-7
-6
-6
-9
-9
-11
-9
-8
-8
-10
-10
-9
-9
-10
-8
-5
-8
-6
-8
-9
-8
55
39
88
116
89
18
0
0
25
73
59
39
18
71
22
38
28
203
38
4
77
76
25
163
94
3
22
84
7
114
158
96
36
27
35
186
72
93
6
13
89
95
85
131
48
63
28
49
50
163
185
133
19
123
149
222
65
82
9
93
105
57
69
27
25
132
178
115
8
20
70
141
129
39
50
5
16
135
183
133
146
99
136
176
259
251
225
243
195
198
234
256
180
226
294
322
423
458
259
241
76
266
419
391
337
239
227
255
392
398
207
282
220
304
323
272
270
201
206
286
237
157
139
159
133
239
-37
-30
-25
-29
-31
-27
-36
-45
-25
-14
-18
-34
-35
-34
-30
-41
-28
-33
-40
-46
-34
-35
-31
-29
-34
-24
-27
-41
-31
-33
-55
-46
-41
-37
-46
-43
-33
-28
-29
-30
-27
-28
222
96
318
236
219
169
129
3
318
392
244
23
205
237
434
519
190
185
218
151
435
399
284
144
287
204
335
451
270
188
221
14
17
173
53
49
11
9
126
30
3
25
-22
-27
-36
-48
-39
-34
-32
-41
-34
-39
-36
-32
-42
-52
-21
1
24
12
-38
-52
-46
-40
-25
-21
-50
-73
-75
-57
-40
-27
-42
-36
-7
-1
-6
-18
-19
-20
-23
-31
-29
-22
-12
-8
-11
-12
-11
-11
29
-5
-1
-3
-10
-5
-3
-6
-6
-10
-13
-8
-3
-8
-8
-4
-9
-8
-6
-5
-6
-11
-12
-6
-2
24
17
40
24
45
16
-1
0
15
3
82
351
430
501
460
396
409
220
190
308
440
455
330
199
290
216
265
255
248
163
184
242
239
197
268
242
329
149
186
236
248
238
267
157
221
211
298
171
96
100
93
81
20
-3
-5
-8
-9
-7
-6
118
155
12
-3
-2
190
85
180
42
-1
91
271
107
153
20
-1
85
301
20
9
63
-3
68
217
168
329
264
173
302
317
41
90
19
54
134
252
106
221
300
170
234
205
-21
-13
27
50
10
53
8
26
-45
-39
-66
-39
-13
24
-35
-42
-47
5
-30
-15
-42
-31
-50
-6
-26
-37
-111
-102
-81
-40
5
-31
-72
-81
-73
8
8
-42
16
-8
-15
-16
-53
-85
-98
-102
-115
-93
-104
-161
-168
-149
-133
-91
-82
-116
-147
-111
-141
-93
-85
-135
-154
-201
-143
-94
-26
-54
-38
-71
-42
-43
-1
-44
-50
-52
-53
-45
-10
-42
-47
-46
-40
-15
-10
-12
-32
-43
-39
-31
-11
-20
-44
-55
-56
-36
-14
-23
-40
-51
-48
-26
-13
-30
-48
-53
-40
-27
-3
-3
-16
-17
-23
-13
85
143
235
158
247
124
-49
-53
-65
-47
-53
-58
-13
-30
-44
-62
-54
-37
-20
-19
-28
-25
-28
-20
-13
-13
-39
-39
-16
-33
-16
-20
-25
-27
-29
-16
-23
-3
-11
-7
-8
-18
-26
-28
-29
-28
-27
-26
52
53
7
5
15
39
53
45
10
17
13
49
61
44
5
24
34
39
46
50
37
52
51
50
60
41
51
53
49
64
67
61
95
104
89
64
77
91
92
81
81
77
12
16
20
19
21
17
3
9
11
13
13
11
6
8
10
14
11
7
7
8
9
15
11
9
7
9
5
9
9
9
5
4
3
4
3
4
7
10
7
6
6
5
13
8
17
17
12
15
17
21
22
28
19
16
18
15
15
9
8
12
15
14
17
10
8
15
11
5
1
10
13
13
13
5
5
7
3
12
23
19
19
16
19
23
107
144
85
243
218
159
20
18
98
332
346
165
33
58
46
22
121
39
56
12
106
50
68
17
47
25
52
35
96
60
59
216
378
333
331
222
55
44
69
91
62
7
46
20
7
9
22
31
57
51
19
96
118
38
40
46
64
65
92
123
78
83
43
48
84
103
62
83
59
62
96
105
105
108
76
73
103
111
124
122
102
104
141
167
20
80
200
74
86
142
-38
-62
-24
4
-17
-63
-24
-70
-62
-57
-31
-46
-22
-40
-42
-32
-59
-70
-12
49
-13
-12
-51
-51
-16
-37
-46
-4
-35
-37
-20
-44
-69
-76
-79
-99
37
62
78
79
82
38
57
92
112
115
102
72
54
105
112
72
66
52
73
107
96
101
106
70
58
98
91
107
94
76
64
95
85
76
77
77
46
58
56
58
63
45
29
32
58
49
52
35
17
22
31
47
51
35
40
54
66
54
62
39
42
43
58
66
44
40
43
45
45
60
65
53
47
37
55
59
37
40
27
30
42
38
38
16
-29
10
149
188
-11
-54
-64
-31
112
326
181
-35
-75
-57
-29
-2
-20
-54
-105
-120
-23
-40
-32
-72
-100
-47
-62
-24
-22
-97
-107
-71
-43
-51
-64
-75
-109
-75
-77
-63
-92
-96
29
74
64
211
154
53
205
248
420
426
360
260
194
179
367
368
154
100
201
184
343
549
391
186
30
124
295
311
252
92
14
28
13
35
52
21
10
11
68
74
80
133
212
292
244
218
307
223
474
445
515
452
417
272
314
472
437
322
350
195
342
416
474
355
464
171
303
476
436
390
496
184
212
497
558
475
440
257
97
240
261
271
221
51
131
117
48
38
121
104
71
-1
49
14
-1
-3
65
56
179
102
164
-3
100
34
24
25
66
-3
37
29
123
-1
-1
-3
62
-2
15
72
-2
-2
49
-1
77
23
28
-2
0
2
2
0
11
1
5
12
7
0
7
10
4
16
7
10
13
9
2
18
13
11
18
8
2
9
11
15
11
5
5
15
15
12
18
6
19
7
8
11
10
7
56
85
66
32
38
69
64
12
87
154
0
65
52
82
37
58
93
88
61
71
49
36
100
103
78
93
65
40
80
100
96
125
129
95
112
86
63
62
72
69
81
88
9
30
22
11
28
13
13
14
23
31
33
16
5
8
28
22
22
9
5
10
13
16
15
29
4
4
18
5
6
59
42
76
52
2
85
160
77
98
108
100
154
122
-31
-56
-65
-49
-45
-47
-18
-37
-66
-60
-61
-41
-38
-52
-57
-40
-46
-42
-51
-33
-32
-40
-17
-25
-56
-49
-48
-39
-49
-42
-44
-66
-58
-66
-41
-30
-12
-20
-28
-29
-15
-18
210
111
98
1
1
96
98
60
152
168
112
88
170
191
29
45
86
116
115
50
143
51
114
207
187
139
119
35
83
179
55
29
1
11
12
92
143
96
23
68
9
156
198
76
46
44
28
26
100
72
63
171
111
148
68
204
315
521
293
145
70
86
2
61
42
20
18
36
48
98
7
41
99
154
211
145
54
80
174
139
103
136
124
144
0
1
1
1
1
0
0
0
1
1
0
0
0
1
1
1
1
0
0
1
1
1
1
0
0
1
1
1
1
0
0
0
1
1
1
0
0
0
0
0
0
0
37
-6
-37
-31
-32
-10
2
-35
-68
-76
-49
-43
37
-7
-54
-108
-95
-53
11
-46
-79
-100
-93
-42
52
-38
-78
-87
-72
-38
-17
-31
-63
-67
-69
-29
-18
-50
-63
-62
-60
-38
59
53
69
61
48
6
31
22
35
49
60
43
59
84
107
121
98
78
80
68
68
89
65
71
79
52
59
75
71
79
61
35
40
61
10
26
27
18
20
32
0
21
-49
-69
-33
-46
-79
-42
-83
-63
-78
-60
-80
-54
-95
-63
-67
-100
-104
-62
-84
-79
-94
-72
-65
-19
-88
-68
-66
-59
-54
-30
-56
-98
-83
-82
-75
-29
10
4
22
51
52
224
7
4
10
10
7
6
7
4
8
11
6
5
8
4
7
10
8
4
8
5
5
9
6
3
7
4
6
7
4
4
5
0
0
1
0
0
2
0
13
1
1
1
154
61
53
84
65
254
253
142
217
315
34
130
135
50
79
3
60
61
174
72
277
273
134
99
138
105
167
266
177
190
52
304
85
29
49
7
157
57
38
33
62
211
89
-24
-29
-20
-11
131
128
-31
-50
-15
14
187
191
30
-24
-29
-44
74
79
-24
-23
-59
-50
113
153
8
18
1
-15
111
264
147
177
216
203
176
156
94
136
152
61
105
81
189
194
201
221
66
122
211
251
248
265
205
141
146
243
160
154
139
174
157
138
157
257
153
197
241
168
215
260
228
81
100
126
99
97
167
144
179
178
187
148
174
-5
6
-2
0
-2
-8
-1
-2
-14
-1
-15
-23
-14
-23
-18
-33
-38
-22
4
-27
-31
-45
-47
-29
-5
-17
-48
-25
-30
-32
-9
-7
-22
-21
-16
-2
-13
-23
-17
-18
-10
-20
-18
-47
-73
-30
-53
-60
-47
-10
-19
-44
-54
-87
-20
-51
-69
-123
-114
-113
-39
-44
-43
-58
-69
-92
-49
-60
-46
-53
-50
-95
-48
-78
-83
-104
-72
-84
-27
-13
-16
-16
47
-25
33
53
82
86
70
26
27
97
123
102
77
42
23
68
119
106
132
69
26
97
99
97
119
64
17
72
78
70
83
40
26
78
76
92
98
53
21
38
55
42
70
41
64
67
44
30
42
56
73
81
53
42
56
68
70
88
76
84
83
76
77
88
78
75
95
86
77
95
94
87
85
78
76
99
86
88
92
81
53
47
56
58
67
68
66
128
79
168
95
52
-28
-63
-73
-40
-60
-67
-17
-25
-58
-91
-73
-71
-35
-47
-56
-78
-73
-63
-19
-37
-84
-86
-53
-35
-30
-14
6
85
-32
-11
-13
-11
-28
-22
-32
-14
121
92
44
107
77
192
133
136
157
147
46
53
217
135
148
209
107
160
164
-1
112
67
91
207
96
88
160
235
116
136
30
-7
-9
-8
-9
18
148
26
60
-1
29
96
1
2
2
3
1
1
2
2
1
52
69
0
2
1
0
1
0
0
1
0
0
1
1
1
1
0
1
13
1
1
1
2
2
2
2
2
1
0
0
13
18
0
118
96
94
102
94
6
166
239
81
24
118
138
162
183
131
168
150
185
102
96
24
62
164
250
78
131
25
97
111
156
123
209
185
108
121
200
58
145
153
161
166
143
88
231
95
20
82
164
160
268
253
200
220
152
199
380
314
151
200
94
146
254
339
280
235
148
144
278
270
252
213
142
236
409
432
343
372
227
194
271
311
317
245
133
110
20
125
91
55
66
320
256
199
48
126
240
238
294
128
171
184
274
231
327
256
276
368
335
213
225
215
148
228
276
331
497
456
328
397
395
274
423
506
487
537
274
146
292
204
204
260
165
87
228
227
129
115
116
82
288
280
139
187
141
90
267
237
122
195
149
66
124
123
135
170
157
52
116
159
68
208
72
118
253
206
180
183
139
-16
-21
-27
-24
-20
-16
-15
-20
-30
-31
-26
-20
-14
-17
-25
-26
-27
-26
-15
-18
-24
-22
-19
-25
-15
-20
-18
-22
-20
-25
-5
-7
-11
-17
-13
-16
-11
-6
-4
-8
-8
-12
-10
-3
167
229
233
-3
-8
128
374
511
411
83
-8
140
388
461
349
72
-1
69
224
324
253
-1
0
77
295
313
265
-4
-13
-3
248
322
101
-20
-24
-21
14
1
-11
-39
0
8
1
2
1
1
49
143
1
3
0
87
144
131
1
3
3
1
0
125
1
48
0
0
7
90
38
0
1
3
21
18
0
0
0
23
36
0
2
8
0
111
18
5
1
141
174
97
19
131
114
103
47
25
6
142
23
74
45
21
54
37
58
134
76
48
78
31
156
201
165
81
38
22
35
37
0
24
115
154
128
209
82
126
-52
-206
-172
-32
-39
-160
-56
-220
-176
-109
-131
-127
-174
-297
-315
-329
-411
-272
-227
-356
-347
-280
-297
-255
-171
-314
-400
-383
-337
-319
-118
-259
-198
-261
-277
-216
2
-77
-62
-82
-56
-138
-21
-12
-5
49
-18
-24
102
53
100
45
-11
-10
27
62
97
127
-2
-1
-13
-12
21
118
95
51
13
72
74
15
-2
22
-29
91
148
130
91
55
-40
-42
-39
-49
-49
-66
-81
-90
-87
-99
-127
-91
-85
-88
-94
-99
-111
-110
-56
-49
-26
-31
-47
-68
-75
-91
-75
-42
-66
-68
-78
-102
-68
-110
-110
-89
-69
-87
-49
-51
-62
-44
-71
-109
-77
-86
-75
-66
55
-1
75
75
58
84
32
-4
-4
-4
-6
-6
-2
-4
-4
-3
-3
-2
-1
-1
-1
-4
-2
-3
-1
-2
-3
-4
-2
-2
-1
-4
-6
-5
-5
-4
16
-2
-3
-3
-2
-1
26
43
37
34
29
19
30
63
48
36
35
28
21
45
39
37
35
39
18
38
32
38
46
41
16
39
40
29
39
27
20
36
40
33
42
40
20
22
20
22
31
38
24
54
3
104
266
189
9
25
102
372
395
102
8
27
22
72
47
31
44
48
17
241
115
122
63
84
41
55
141
27
92
24
46
18
31
16
424
360
285
241
157
184
1
1
3
2
1
2
5
2
3
3
5
7
4
3
5
8
6
8
2
4
2
5
6
8
4
1
1
5
6
7
1
76
30
19
1
3
8
7
6
6
5
7
-49
-123
-118
-136
-139
-129
-51
-166
-170
-212
-183
-195
-74
-176
-214
-205
-170
-135
-43
-128
-161
-174
-146
-173
-44
-135
-170
-168
-151
-156
-24
-91
-117
-143
-115
-111
27
-13
-15
-22
-20
-60
329
153
330
286
275
201
710
672
514
505
483
640
581
671
483
641
701
843
547
587
369
187
580
720
689
583
290
185
562
603
668
814
530
379
724
561
518
545
476
504
712
718
125
-10
-77
-81
-61
-26
110
89
66
117
75
-2
76
179
34
45
134
72
53
124
82
49
97
86
87
64
2
2
86
65
53
-11
-2
-10
-14
-26
37
69
79
-5
77
31
0
126
5
13
7
4
86
200
56
1
165
124
88
263
201
132
158
132
3
203
169
163
222
112
114
281
262
206
192
145
7
175
279
282
244
118
59
308
313
326
290
126
9
11
12
11
11
11
6
8
10
11
10
9
6
10
14
17
17
12
7
9
9
14
15
10
7
11
12
10
14
10
8
9
13
11
13
8
4
5
4
3
5
5
60
19
-28
-36
-6
107
-29
-74
-135
-164
-154
-84
-21
-65
-133
-157
-136
-99
-30
-70
-118
-121
-97
-89
-8
-59
-101
-127
-99
-69
-12
-59
-84
-72
-81
-68
-28
-40
-32
-55
-29
-43
-58
-83
-104
-85
-93
-50
-70
-61
-140
-172
-171
-102
-52
-97
-160
-159
-159
-112
-62
-102
-146
-212
-176
-104
-76
-137
-162
-195
-150
-117
-43
-79
-128
-162
-124
-77
-89
-100
-101
-104
-85
-82
158
118
22
0
87
226
319
290
424
386
201
205
270
194
133
154
184
229
238
272
278
248
292
290
267
198
335
141
271
243
200
238
179
238
219
248
230
221
132
214
161
284
120
21
74
95
41
143
71
53
70
191
71
85
62
302
18
62
116
14
85
374
181
18
78
7
88
228
109
54
65
0
90
277
324
292
275
2
211
125
129
140
84
146
137
4
20
18
32
4
412
351
281
320
294
287
431
301
213
166
97
307
437
291
381
274
256
332
406
331
326
251
302
307
373
300
319
281
244
377
431
426
490
477
461
391
-8
20
54
-8
-7
10
-39
-58
-86
-62
-84
-56
-24
-15
-65
-90
-84
-36
-2
-42
-102
-116
-106
-27
-25
-44
-127
-116
-74
-5
-10
-8
-26
-39
-63
-1
11
3
31
-12
-3
31
-5
-9
-8
-9
-9
-9
-6
-7
-5
-6
-7
-3
-3
-1
98
-2
-3
-4
-2
-3
-1
13
-3
-3
-4
-3
-2
-3
-7
-3
-1
-3
-5
-5
-3
-1
-4
-3
-3
-3
-3
-1
149
135
57
59
73
130
87
128
379
289
141
13
42
187
334
273
140
17
18
114
304
293
193
10
29
27
297
259
110
38
98
14
12
128
12
43
117
112
48
58
38
101
30
21
26
16
16
19
32
20
20
23
21
25
27
16
13
21
30
28
24
21
17
20
25
21
33
39
34
24
31
21
31
33
22
25
34
32
31
23
18
15
23
18
-72
-58
-101
-115
-87
-95
-62
-50
-75
-80
-45
-68
-44
-47
-86
-103
-86
-97
-62
-31
-65
-56
-35
-77
-49
-34
-38
-75
-65
-78
-55
-54
-69
-96
-78
-83
-27
-13
-11
-4
-23
-21
11
6
38
58
113
6
6
85
306
403
338
55
7
79
321
375
299
58
5
8
201
272
230
0
7
62
264
251
203
3
13
3
197
219
63
8
14
8
21
4
2
16
331
221
400
494
444
334
223
78
354
495
390
231
325
123
202
224
106
190
366
262
281
214
182
181
364
326
388
230
236
281
336
30
47
47
5
108
380
197
274
187
196
192
-6
-2
46
140
39
201
-57
-71
-63
-35
-52
-44
-75
-62
-67
-56
-70
-59
-74
-94
-56
-59
-65
-38
-70
-61
-69
-51
-41
-50
-63
-98
-81
-64
-84
-51
-48
-54
-53
-67
-52
-43
701
610
641
657
583
446
589
639
533
447
500
459
618
594
588
565
539
568
664
520
325
314
461
555
601
600
413
295
444
499
555
520
326
319
357
534
597
511
536
539
581
518
32
37
29
14
14
21
50
78
60
54
50
46
51
83
68
69
64
67
54
80
65
52
65
59
52
76
80
56
67
57
46
72
52
44
70
56
47
60
61
55
61
56
7
2
3
7
8
12
59
171
87
63
19
116
176
81
14
119
14
193
1
3
96
17
3
141
66
35
34
70
52
130
2
131
167
184
142
229
3
24
18
37
2
175
92
42
6
6
10
38
8
26
44
42
39
23
52
16
29
43
41
4
31
5
15
21
27
7
17
21
36
42
43
8
1
21
23
33
19
2
177
200
191
159
211
174
-8
-10
-9
-7
-7
-7
-7
-8
-8
-10
-7
-6
-6
-6
-7
-9
-7
-9
-6
-8
-7
-9
-10
-10
-8
-6
-6
-6
-8
-9
-6
-6
-4
-3
-6
-6
-7
-9
-7
-7
-7
-8
106
150
18
43
62
117
8
122
124
177
15
36
15
71
113
192
56
9
100
17
75
146
55
8
129
106
38
18
105
108
132
97
0
35
25
20
29
113
98
57
57
130
286
6
67
21
23
263
232
35
70
74
8
208
189
67
54
27
65
277
220
28
16
28
15
233
205
45
37
3
19
233
196
13
5
48
9
191
296
220
232
129
223
266
29
29
29
28
27
26
22
26
21
23
23
31
25
24
16
19
15
23
21
17
14
15
15
23
23
24
17
20
17
24
23
19
20
23
17
26
21
16
17
14
16
19
28
53
14
86
11
76
22
9
62
80
92
39
31
34
37
92
9
130
88
101
11
118
19
85
52
92
18
28
14
143
44
62
16
52
114
172
113
111
82
139
161
113
-12
-36
-39
-24
-26
-5
-31
-47
-41
-33
-44
-15
-39
-62
-94
-72
-88
-35
-32
-64
-91
-78
-96
-35
-25
-61
-81
-78
-84
-32
-19
-66
-91
-86
-84
-27
-34
-69
-76
-70
-83
-35
14
12
21
36
19
23
37
39
66
82
42
33
17
37
49
57
30
37
31
27
4
27
17
32
18
9
1
17
29
28
18
21
23
37
13
37
35
33
33
35
22
33
122
61
182
202
147
18
132
161
268
146
210
175
129
58
262
211
141
163
114
160
243
229
133
79
63
86
129
236
55
93
92
47
62
18
208
71
90
119
75
95
112
96
61
7
59
2
2
76
16
28
8
3
22
24
18
24
3
56
3
14
4
19
17
20
7
14
15
25
32
29
32
21
24
43
40
28
31
29
7
24
127
34
63
4
6
4
14
16
17
6
1
8
26
28
30
18
11
21
30
29
10
12
8
25
31
27
20
13
9
22
25
34
25
16
2
9
15
10
17
6
1
11
16
23
12
2
122
135
164
164
118
74
91
113
63
75
63
54
58
42
15
5
30
29
57
16
44
43
0
2
64
48
5
0
12
17
0
126
202
130
95
71
36
129
292
200
214
15
-33
-41
-42
-32
-30
-28
-18
-31
-28
-37
-38
-32
-17
-24
-24
-18
-11
-16
-8
-10
-23
-23
-8
-20
-13
-13
-8
-23
-14
-17
-7
-8
-11
-15
-11
-19
-24
-31
-36
-38
-35
-28
292
221
179
132
140
342
161
104
79
78
15
147
151
-10
-4
-3
53
142
117
-6
-10
-9
29
217
176
46
81
-3
13
190
165
142
199
207
207
330
214
255
322
327
295
326
-58
-70
-87
-69
-73
-70
-55
-55
-55
-44
-49
-37
-65
-93
-81
-56
-66
-45
-66
-82
-84
-78
-83
-59
-63
-78
-82
-66
-79
-58
-53
-52
-58
-59
-63
-50
-73
-75
-74
-70
-82
-81
100
48
-23
-21
-39
93
105
59
-16
-23
56
174
126
-10
-67
-102
-93
69
26
-16
-28
-55
-81
58
66
-48
-50
-40
-71
75
-5
-37
-43
-38
-53
93
149
110
104
143
135
189
-10
-9
-13
-9
-11
-11
-10
-15
-15
-12
-11
-11
-9
-10
-13
-18
-11
-14
-10
-10
-10
-13
-10
-12
-12
-10
-6
-8
-11
-13
-13
-16
-16
-17
-17
-13
-4
-7
-8
-4
-3
-5
89
174
225
224
219
110
65
144
198
228
211
102
149
226
247
265
196
113
118
151
165
197
135
90
152
217
221
235
179
143
138
169
185
234
169
117
28
30
73
67
52
57
-35
-65
-75
-80
-42
-32
-35
-42
-48
-26
-16
-2
-48
-31
-28
-45
-2
-2
-33
29
-11
-20
-11
-8
-65
-64
-62
-44
-52
-43
-78
-65
-50
-81
-44
-64
-25
2
-20
-9
38
26
602
655
511
474
444
464
651
692
709
627
701
640
621
695
765
744
816
772
598
654
793
583
556
733
547
661
665
694
748
740
594
852
793
578
869
719
579
776
632
658
615
661
51
13
1
40
2
15
7
41
207
277
180
64
54
215
197
99
2
28
100
188
259
390
264
2
77
282
319
280
175
132
66
95
126
192
102
57
2
33
43
107
5
9
-99
-161
-214
-220
-195
-158
-66
-88
-119
-90
-107
-58
-101
-150
-173
-115
-139
-57
-114
-125
-170
-124
-153
-87
-82
-161
-120
-129
-159
-94
-100
-169
-141
-101
-155
-127
-87
-129
-94
-114
-113
-79
168
214
103
108
168
259
143
195
153
68
74
99
141
191
67
27
1
105
87
199
159
172
166
165
148
266
245
142
76
159
170
204
199
136
210
230
39
112
135
145
115
75
240
152
180
263
176
213
248
60
74
86
155
107
369
387
245
239
129
140
340
162
59
148
118
109
375
353
175
53
104
100
319
157
127
208
161
230
300
191
346
276
349
206
-8
-6
-8
-7
-8
-7
-7
-5
-6
-9
-7
-6
-7
-3
-6
-7
-7
-6
-6
-3
-3
-5
-5
-6
-7
-4
-2
-3
-5
-7
-8
-4
-4
-4
-6
-6
-8
-6
-6
-6
-5
-6
60
29
170
96
68
94
127
52
8
57
116
176
111
159
73
104
-1
74
27
102
205
189
97
152
92
122
134
130
121
156
175
293
314
326
300
265
116
121
91
109
45
208
27
43
47
34
35
32
27
41
51
48
39
29
34
53
50
61
50
48
29
54
54
43
51
50
28
49
50
49
42
48
29
37
39
40
45
32
14
17
20
16
20
26
267
296
314
291
290
303
85
180
263
301
257
142
121
207
252
337
344
158
29
146
173
156
226
201
73
204
190
116
236
169
176
286
276
273
233
130
84
191
111
70
89
131
82
186
168
84
145
116
89
18
33
6
83
64
46
205
101
31
59
69
5
48
82
23
68
39
74
146
94
5
36
85
58
155
216
190
171
101
33
82
85
2
18
11
779
702
502
390
503
652
556
451
253
225
317
333
534
363
318
179
325
324
466
331
376
218
187
470
478
343
274
201
238
452
443
394
422
313
287
347
460
459
360
421
381
396
4
5
11
11
9
5
0
2
3
5
4
8
0
1
6
11
6
11
2
3
7
9
4
8
3
1
0
3
3
9
6
1
2
5
6
7
1
117
95
76
62
1
628
171
52
288
132
259
653
281
314
128
231
219
759
360
187
41
44
420
751
480
467
415
413
449
668
396
472
413
531
581
765
615
800
651
664
756
988
762
812
813
853
766
463
336
191
286
239
522
228
157
-4
18
-13
45
283
135
-4
-3
43
51
220
66
68
-17
-12
186
172
-2
-15
-29
33
104
291
8
-11
-19
-10
140
287
128
134
45
152
296
-22
-19
-12
-13
-11
-26
-20
-12
-8
-19
-16
-20
-18
-14
-6
-8
-14
-20
-18
-10
-11
-13
-9
-19
-24
-14
-8
-6
-15
-13
-15
-4
42
-4
61
-8
-24
-22
-15
-12
-14
-18
216
242
45
39
40
99
188
228
113
20
132
38
319
378
278
36
27
91
193
225
140
171
100
188
227
87
193
246
175
195
353
400
449
465
382
368
233
406
545
612
560
490
25
26
24
158
218
337
151
80
43
185
82
41
46
274
115
74
172
139
129
174
12
186
92
40
96
74
101
86
44
74
66
331
278
127
280
72
4
5
21
110
156
65
4
9
7
7
6
3
56
17
4
20
2
4
65
0
1
6
6
1
89
0
2
5
3
26
83
2
70
19
0
135
1
18
53
44
5
4
5
12
13
12
16
16
44
135
50
-17
-5
52
-3
68
6
54
13
51
81
66
121
105
112
97
14
45
-3
39
-3
144
79
-5
15
-16
-21
79
-3
74
53
58
103
111
81
122
118
110
72
86
365
431
527
476
463
272
319
214
267
193
385
290
321
347
338
306
249
96
384
268
338
357
367
196
368
413
361
306
348
272
285
164
325
294
253
182
330
238
283
303
280
222
85
77
208
295
111
43
45
92
81
109
127
-1
-4
15
-6
48
66
-4
-4
-6
-4
-4
175
-2
-2
-2
-11
-9
32
11
-4
-9
-8
-10
-9
-5
22
98
125
32
59
70
15
17
15
9
10
5
23
24
21
22
23
22
20
26
24
27
26
23
22
23
23
29
30
23
22
27
28
28
26
23
10
11
12
14
15
16
20
19
17
17
18
20
5
35
84
8
180
47
71
254
77
11
46
54
33
210
65
115
100
127
75
460
271
219
201
57
29
323
380
316
254
28
43
263
208
204
139
70
197
161
196
203
190
140
42
60
54
14
59
24
102
10
186
104
126
125
90
29
122
185
7
190
62
30
72
193
135
147
76
41
286
171
37
115
99
116
95
101
138
249
170
99
120
114
153
242
-16
-28
-38
-39
-33
-23
-34
-46
-34
-35
-40
-37
-30
-40
-39
-45
-38
-40
-24
-48
-50
-43
-48
-45
-33
-52
-51
-51
-49
-46
-34
-56
-54
-53
-55
-43
-27
-35
-31
-37
-32
-37
61
52
42
43
27
51
45
44
18
33
40
27
34
12
158
117
189
19
22
36
17
13
6
43
26
19
12
8
7
45
34
29
30
32
21
38
60
54
55
49
39
64
110
1
2
41
101
137
11
5
4
16
0
81
58
8
9
12
7
4
45
5
5
3
6
3
109
5
6
7
7
0
33
7
3
3
6
4
1
5
8
7
9
6
23
3
97
206
201
103
171
78
147
282
72
42
158
204
3
64
63
154
114
200
93
41
136
142
93
178
120
90
110
87
118
348
300
232
277
239
91
137
151
150
190
173
163
46
229
128
-2
62
56
-19
-15
28
-5
-29
-3
-30
-14
-23
-15
-21
45
-34
-23
-22
-28
-23
-5
-40
-52
-46
-29
-22
-13
-40
-29
-22
-39
-24
80
-10
-16
-15
-13
-5
20
126
137
71
120
153
2
10
7
8
10
10
2
1
2
2
5
3
2
4
4
5
5
3
3
1
2
4
8
2
34
81
108
187
101
98
1
4
1
2
3
3
1
6
26
0
0
157
43
12
20
9
1
38
8
8
22
19
0
9
14
12
14
28
3
3
11
9
8
13
2
18
1
106
48
18
1
8
26
216
212
128
189
44
-18
-17
-20
-23
-21
-17
-15
-12
-14
-17
-13
-5
-12
-17
-23
-10
-13
23
-16
-18
-23
-28
-18
-5
-17
-16
-25
-23
-20
-10
-17
-10
-10
-10
-7
-6
-16
-13
-17
-21
-14
-6
806
770
702
745
675
777
676
623
572
599
728
729
697
604
646
591
511
510
628
511
682
767
574
593
574
500
586
782
528
622
676
537
628
605
483
652
920
871
907
830
756
756
-45
-83
-69
-61
-70
-51
-55
-98
-96
-87
-99
-83
-55
-117
-131
-130
-132
-67
-50
-111
-107
-116
-124
-71
-61
-110
-123
-99
-117
-82
-53
-94
-106
-112
-105
-66
-16
-36
-32
-27
-30
-17
6
118
105
77
72
35
49
102
123
142
102
80
49
105
138
80
86
84
48
98
113
93
112
144
44
125
92
81
96
129
27
104
114
133
141
141
25
51
61
76
89
77
-36
-28
-26
-29
-23
-36
-48
-31
-52
-64
-54
-47
-42
-26
-44
-50
-55
-52
-49
-33
-42
-52
-49
-48
-47
-44
-39
-49
-53
-56
-49
-51
-67
-61
-61
-49
-48
-51
-53
-59
-54
-41
9
5
33
31
25
76
15
23
15
43
104
173
6
182
308
413
421
393
12
113
260
375
238
424
4
109
147
198
153
313
19
26
108
65
45
244
14
70
104
51
7
123
0
0
0
0
0
0
0
0
0
0
0
0
0
0
0
0
0
0
0
0
0
0
0
0
0
0
0
0
0
0
0
0
0
0
0
0
0
0
0
0
0
0
-54
-64
-79
-87
-81
-73
-6
-26
-40
-46
-49
-53
-28
-58
-60
-54
-67
-75
-36
-39
-58
-58
-59
-75
-53
-58
-60
-44
-54
-49
-18
-9
-3
-4
-20
-40
-16
-25
-28
-31
-48
-54
-31
50
-30
-31
-8
75
-14
-28
-37
-34
-30
-11
-35
0
-26
-1
62
-45
-7
-19
-29
-36
-3
-32
-31
-47
-44
-80
-41
-56
-41
-59
-69
-57
-61
-61
-40
-10
-9
-32
-29
-41
-173
-237
-201
-165
-213
-234
-124
-164
-145
-217
-172
-167
-123
-144
-110
-112
-132
-124
-124
-112
-144
-114
-165
-128
-160
-168
-143
-184
-151
-74
-103
-12
16
2
-22
-79
-86
-19
-19
-28
-38
-39
82
95
90
95
119
108
56
70
143
168
114
108
55
69
119
138
135
114
94
104
91
106
142
108
83
95
110
95
119
115
68
67
57
85
95
70
53
74
83
63
83
101
225
287
74
40
163
46
302
260
401
133
507
185
344
422
234
246
62
2
306
502
534
574
412
24
215
147
301
360
181
87
274
103
415
213
228
36
292
302
327
325
231
137
70
243
314
430
475
322
24
224
291
429
266
161
91
66
192
220
89
91
114
298
309
221
124
132
153
136
115
214
197
130
116
85
38
96
164
74
131
185
175
198
99
88
20
29
32
28
23
12
6
24
22
26
15
7
6
1
5
88
125
6
30
24
10
2
6
3
8
13
7
18
8
13
9
11
11
12
14
8
7
13
11
16
16
7
269
545
721
551
645
512
255
398
378
425
576
457
334
762
636
516
496
367
293
580
700
770
630
427
372
734
768
826
665
485
446
622
610
702
624
423
234
383
540
509
449
216
277
183
137
82
76
265
222
-2
-1
44
41
141
288
170
70
44
51
179
300
133
116
139
40
186
248
147
130
98
56
200
355
297
210
207
221
271
407
388
389
370
357
336
-12
-18
-10
-13
-11
-21
-32
-27
-33
-33
-26
-29
-27
-32
-28
-25
-24
-31
-28
-36
-37
-33
-33
-35
-25
-31
-36
-36
-32
-31
-14
-28
-26
-29
-32
-40
-11
-18
-20
-20
-22
-21
-5
-9
-14
-9
-8
-7
-21
-23
-36
-39
-33
-23
-18
-30
-50
-45
-39
-28
-28
-34
-36
-36
-34
-21
-26
-39
-42
-37
-31
-22
-17
-24
-21
-26
-24
-21
-5
-9
-15
-17
-22
-12
269
8
95
70
23
7
14
92
88
82
103
102
18
81
123
100
112
75
31
52
37
99
118
67
5
69
97
105
93
81
37
109
130
87
149
97
74
113
121
140
156
99
-45
-43
-65
-75
-78
-77
-69
-74
-146
-170
-141
-79
-44
-66
-141
-170
-146
-66
-58
-99
-159
-162
-117
-59
-54
-90
-124
-113
-104
-55
-16
-35
-71
-86
-78
-19
-16
-44
-49
-61
-40
-1
112
39
3
72
108
103
21
235
310
442
314
310
76
319
420
363
569
471
101
545
584
470
408
433
89
558
550
395
431
443
102
532
570
488
562
511
44
48
120
62
35
180
-11
-8
-11
-3
-11
-35
-10
80
20
-9
-12
-17
-9
-3
-4
-15
-10
-23
-13
-1
18
-4
24
-24
-17
35
24
-13
-4
-22
-23
-1
49
10
-6
-18
-24
-6
-3
-18
-12
-32
34
50
148
215
211
189
68
50
27
21
41
17
82
27
14
177
224
35
36
6
79
11
10
72
21
0
12
16
15
13
36
97
53
32
40
81
84
105
101
125
72
139
18
30
32
27
27
27
19
23
16
19
16
29
23
34
36
39
41
38
22
26
26
28
31
37
22
29
27
22
25
31
22
25
25
26
27
33
17
16
14
11
15
23
-2
-3
-3
-4
-3
-3
-1
-2
-3
-4
20
-2
-2
-1
-3
-6
-3
-4
-1
-3
-2
-5
-4
-4
-2
-4
-4
-5
-3
-4
-3
-3
-3
-5
-6
-5
-2
-2
-3
-3
-3
-3
57
-1
-1
-1
-1
77
-1
-1
-1
-1
-1
-1
31
-1
-1
-2
-1
-1
21
-1
-1
-1
-1
-1
42
-1
-1
-2
-1
-1
71
-1
-1
-1
-1
-1
57
108
100
104
102
19
-30
13
-21
-17
59
244
126
233
112
51
120
180
163
227
107
92
176
189
107
289
300
177
193
291
62
60
88
181
139
179
-2
-6
-46
-78
-21
16
194
293
232
147
210
217
-82
-148
-116
-151
-100
-135
-61
-31
-95
-129
-78
-9
-97
-34
-55
-132
-106
-90
-69
-64
-108
-81
-100
-111
-100
-86
-85
-92
-95
-134
-38
-79
-112
-144
-153
-133
16
-55
-54
-80
-89
-31
-22
-63
-66
-59
-56
-15
-13
-50
-56
-71
-53
-27
-21
-56
-66
-61
-59
-29
-16
-43
-40
-54
-56
-37
-14
-49
-45
-50
-50
-31
19
-17
-32
-47
-37
-29
-8
94
121
87
79
25
0
0
1
2
1
0
0
0
0
17
0
57
0
170
114
108
212
232
0
177
150
83
144
218
82
135
274
196
253
247
0
0
27
6
0
0
86
193
166
73
158
254
169
270
198
288
237
276
215
263
329
325
320
372
227
333
470
482
568
435
329
358
510
450
450
370
240
211
345
460
454
460
330
315
465
475
429
392
217
219
188
191
206
267
-23
-57
-57
-54
-54
-37
-24
-68
-55
-38
-40
-60
-25
-66
-47
-52
-41
-45
-23
-64
-50
-60
-64
-53
-22
-61
-62
-77
-74
-60
-29
-54
-49
-48
-69
-55
-14
-36
-34
-33
-32
-41
-16
62
103
169
173
21
-54
-31
-1
-11
-23
-59
-61
-44
-30
22
27
-84
-74
-83
-48
-37
-35
-85
-44
-29
-31
-76
-70
-101
-63
-46
-43
-18
-19
-84
-128
-147
-126
-130
-137
-165
89
156
49
103
61
203
29
158
5
4
21
24
120
160
0
53
25
63
40
166
200
104
44
88
35
70
159
131
111
16
68
149
78
106
33
77
0
3
2
7
2
46
41
110
223
193
181
35
111
153
130
170
235
46
74
238
136
145
94
90
52
121
141
185
200
125
75
78
71
74
162
88
131
245
167
120
154
168
72
85
127
95
79
24
10
48
49
67
83
53
33
65
96
107
104
71
49
90
106
68
77
39
40
84
111
106
95
40
26
63
85
135
88
47
16
70
109
119
115
49
35
93
114
114
105
39
163
333
303
345
285
217
9
97
208
164
133
91
44
167
117
260
161
98
103
135
106
127
44
93
99
235
244
401
231
160
221
418
410
591
304
340
71
238
129
182
231
158
33
39
37
33
31
27
28
21
26
37
31
24
27
22
33
26
22
19
25
8
17
18
26
25
26
13
13
15
15
13
8
5
10
8
11
16
21
19
21
21
16
19
143
159
182
208
167
258
213
166
117
157
81
204
246
217
145
103
122
162
251
192
206
253
159
210
217
182
163
154
175
168
245
260
221
275
239
244
154
128
116
108
131
142
126
234
366
308
363
222
-5
64
49
65
177
37
6
153
119
155
264
122
71
202
210
152
238
26
102
221
205
270
214
84
105
83
86
101
172
-1
-7
28
0
-10
-3
-8
1
1
1
1
1
1
1
1
2
3
2
2
1
1
2
2
2
1
2
3
3
3
2
1
1
2
2
2
2
2
1
1
1
1
1
1
1
1
0
0
0
0
-82
-113
-151
-155
-169
-120
-103
-134
-158
-168
-157
-150
-109
-127
-145
-132
-133
-137
-112
-144
-139
-168
-153
-147
-126
-142
-150
-161
-133
-146
-97
-117
-107
-130
-117
-117
-126
-154
-134
-140
-132
-141
579
614
650
578
494
463
316
284
403
303
320
178
382
315
225
130
118
41
352
288
288
201
273
176
396
361
431
326
289
280
400
280
255
229
304
221
290
133
117
142
175
200
-2
46
8
36
133
40
-5
82
213
164
79
-10
-4
126
229
234
234
-6
-7
109
199
283
256
51
-7
190
249
103
143
59
-3
142
231
269
194
-3
-18
-1
31
1
-3
-14
30
29
56
53
46
32
12
11
36
52
38
29
15
6
16
43
25
14
16
2
21
42
24
23
16
26
30
32
26
22
19
7
9
17
6
14
15
16
21
22
19
14
-44
-59
-62
-86
-95
-71
-47
-78
-75
-95
-86
-59
-59
-60
-78
-101
-66
-54
-57
-63
-93
-75
-73
-46
-37
-38
-48
-66
-45
-40
-49
-13
-22
-47
-15
-37
-29
-18
-51
-41
-41
-29
-9
-13
-13
-11
-13
-13
-13
-15
-15
-12
-15
-17
-15
-24
-23
-22
-20
-21
-15
-20
-20
-24
-23
-20
-12
-20
-19
-18
-21
-20
-15
-21
-24
-24
-23
-23
-8
-14
-16
-15
-16
-15
17
324
275
212
128
203
0
53
175
211
158
21
140
299
219
109
356
1
79
211
419
344
155
50
86
157
235
183
188
18
0
132
130
148
92
0
3
1
3
2
6
3
4
21
35
32
28
15
2
21
29
28
32
22
1
24
32
27
26
15
1
21
34
35
21
15
9
31
39
45
32
24
6
26
29
34
29
19
201
118
159
33
207
132
79
165
139
106
139
72
21
15
9
69
56
20
34
45
3
31
58
43
31
-5
37
104
74
22
14
-10
-7
22
39
-7
7
-9
-8
49
16
-5
-4
-10
-11
-14
-13
32
277
236
420
419
417
247
89
183
164
216
13
18
98
76
110
104
126
4
109
89
136
74
118
62
86
162
125
29
18
7
3
142
262
158
142
32
130
382
560
418
505
109
95
116
0
155
191
257
6
0
34
44
41
46
14
19
30
25
16
13
1
22
12
12
7
9
66
16
0
2
14
8
57
0
9
3
11
10
91
86
70
31
34
13
36
28
38
37
42
34
43
27
42
50
51
50
42
39
54
55
46
46
48
43
43
58
48
38
52
35
43
49
43
49
50
38
51
59
48
42
49
50
55
49
47
37
15
-20
-70
-59
-53
25
-88
-138
-162
-211
-230
-134
-87
-124
-178
-109
-101
-134
-103
-166
-221
-209
-152
-160
-71
-130
-174
-221
-195
-157
-60
-151
-146
-135
-120
-141
-29
-59
-80
-96
-79
-39
188
313
95
72
74
245
325
245
23
269
133
166
369
460
207
84
216
299
201
333
301
171
309
328
159
301
307
180
254
286
283
479
542
467
430
355
265
285
339
321
297
353
433
520
522
510
560
527
556
945
1066
1238
1044
990
585
691
822
962
876
854
650
906
962
1061
952
828
620
897
1063
1128
954
805
664
917
731
1007
852
854
775
931
983
948
1001
997
