231
580
911
-598
-20
1196
151
-226
-1548
-2932
-1383
606
608
799
244
-309
665
861
661
1431
1742
1966
1643
-96
636
485
-2415
-440
-2464
642
381
110
-151
319
220
1174
978
1508
91
-36
-267
65
289
113
-1129
-1293
-1083
14
335
139
-1197
-1809
-2031
-906
541
721
-1068
-1709
-1161
537
261
919
-230
-2462
-48
300
496
1734
989
848
286
1343
541
498
-2145
-901
-1872
-656
607
310
657
-1903
1925
1253
236
-220
895
60
-141
926
-76
-22
703
-1184
-773
-208
30
613
-380
-73
-494
321
107
186
1303
972
1325
-1165
331
-664
-829
-1218
-974
-970
29
514
1134
-1853
970
715
288
113
-176
675
-592
-295
-632
-594
-96
2665
1019
-684
5
653
425
972
500
-543
177
-638
-202
-1826
-443
736
178
-1380
-816
-182
1443
-839
188
350
-1825
3355
-1009
-103
-108
862
444
647
-18
545
169
224
-382
-1068
-353
44
40
640
-438
226
177
193
329
116
-267
603
1059
-540
1
813
-316
-343
-53
683
296
401
3417
4361
3326
705
140
1114
218
-775
-253
659
377
-778
-1905
852
172
-692
537
293
113
-642
289
-66
-807
-844
-345
79
-44
-884
-326
-395
-204
-576
369
-79
-373
898
-1402
-1205
-838
1556
50
1470
4314
2524
4296
1170
-62
104
852
-298
810
279
171
-255
-851
337
-1818
-917
245
493
-582
298
-94
401
182
-1110
-70
-402
-228
-391
508
-962
1720
87
-146
272
303
-118
299
1070
849
74
538
-283
1900
2481
2425
-462
58
-447
724
3469
232
876
397
-84
-170
2566
1002
448
3
120
1155
672
329
1910
-167
-917
-318
-538
-327
-20
-297
-1106
-784
-1537
-939
-359
-887
-1955
-1382
-3627
-1923
-3528
-198
-255
483
1953
456
-176
-649
-1392
-635
-699
-210
-1343
-315
-1223
125
317
277
-1331
85
-669
-539
-218
469
-605
204
540
-628
169
-227
-355
230
-253
264
508
1047
82
324
-659
1437
-772
924
204
-115
-2
1195
2589
3315
2153
138
421
862
1648
3004
373
-202
-1225
-1840
1183
-110
-368
-184
-334
-580
-857
-441
-792
230
606
16
993
691
-123
10
-151
486
-211
326
40
341
593
-603
1957
-450
584
-521
197
-2878
1410
-2107
1284
137
-681
-2212
-159
-3592
-54
-523
40
-102
-2027
-1066
305
-611
-84
-218
1742
-1337
-491
-208
528
-249
-84
61
-203
19
135
-994
-1410
-1734
-904
347
1032
528
-567
-927
-124
49
693
-641
2206
-93
587
20
764
1219
-4506
681
-827
-380
1084
1276
-387
-369
559
26
1118
798
-507
-237
824
256
-153
-837
-855
-359
-164
903
822
1713
282
1840
857
698
-7
274
-2362
-109
-1687
530
-2007
-1517
-1309
-2238
-3061
649
1440
1698
4461
1482
1714
736
-206
497
-331
-1153
-1305
55
-607
-1461
-157
-1030
-163
-411
-174
808
-302
-29
513
-592
-371
634
-824
484
1213
-922
-610
680
556
424
-623
-452
-1097
-1088
553
-1972
-795
-195
-585
1866
598
1309
-1213
-702
-1262
-824
455
-572
-1607
-577
-444
-1095
788
-653
-901
262
539
-488
418
-646
366
499
341
23
2373
596
566
59
-130
826
1269
589
-443
276
-897
-335
434
-270
-197
226
138
-57
-3320
-1742
-670
537
-881
-1244
-1741
-1120
-2199
191
-370
231
-1098
-54
-1115
-634
206
1055
1053
719
638
-28
1067
2105
535
1255
1881
-245
1515
1828
-801
1475
2086
-411
806
2417
1285
3639
2006
-873
-78
-1399
-144
-328
-245
-697
-1132
-1899
-1612
-2297
-1207
-211
-218
561
-418
760
-1301
-159
-461
-52
182
94
-18
-140
-179
-768
-53
-323
-422
-41
-752
649
1011
242
-1027
-320
-1343
-195
-807
207
-1856
189
-847
-1504
-702
-1676
-449
-245
167
152
1863
1941
802
295
218
-599
1104
151
-502
1208
-11
-983
-821
-1152
-306
852
-280
-1922
-644
-867
-1628
-36
178
-1837
40
-1572
-352
-50
-226
150
-1191
401
-120
-120
-652
-712
-921
575
-177
-112
-740
-412
-178
-1507
-943
394
-416
1766
2208
1637
648
254
311
172
980
1054
77
-78
94
-1448
-1245
-758
421
147
146
-1026
-1635
-860
196
11
647
530
746
-676
-653
23
398
-802
3121
180
-76
318
199
496
-530
-1374
-1350
158
-154
1692
1492
1351
-245
-42
876
361
2312
1539
-30
-79
1322
141
-416
-1964
-439
-172
1067
-949
-568
224
582
53
1940
-900
1334
-1448
-158
-40
911
-2241
-2262
-3107
137
307
441
-416
-2617
440
-269
573
552
906
654
844
59
-342
-682
-386
-400
-1114
-727
52
-1368
-748
113
343
-2342
-662
-1886
-321
-2091
77
-1945
-400
743
878
419
983
1087
-302
71
-334
-125
-583
-603
-282
1241
-227
425
553
1633
-273
367
169
1458
836
-179
359
409
288
462
578
919
548
-1387
19
-732
-696
-1049
707
-984
166
1235
-915
-1345
1227
-473
83
-1169
433
233
929
-1826
682
-2105
1859
-2412
610
-1
-1457
293
-1527
307
20
352
-166
793
706
688
642
1069
738
601
300
1533
676
365
189
-30
686
851
479
-375
-1049
-967
-623
-802
821
-4
-1583
-296
-702
702
359
-958
-2521
-2156
-1736
-629
550
865
-654
981
-1203
-901
656
116
-188
-753
-1062
-1229
225
353
-467
-421
-636
-225
394
6
-1051
-92
-1012
-1037
324
229
-506
1231
-1681
1248
236
86
-408
-2425
-615
1115
196
201
2362
-1156
2214
1218
400
605
2658
1414
2190
24
249
-723
101
750
-1132
-1706
793
602
-253
-579
-790
361
954
585
1220
-1730
-688
972
381
-916
1126
-1041
1134
-581
578
-808
-2230
-954
-1952
-869
830
-1251
71
483
112
-1352
426
866
-1253
1073
-1366
-144
611
-467
-1987
-1968
-29
-59
524
37
-446
-1334
-822
531
192
304
1356
387
515
440
189
-664
-1309
102
-1027
-965
452
367
1163
-1685
466
-904
-231
344
-94
-537
-1037
370
250
-156
800
-1976
-783
-349
99
-949
-69
733
97
-1536
10
-571
-409
-1147
-191
-112
-20
-981
-427
-299
20
-954
111
-565
1373
816
1163
-257
490
234
3623
-294
1989
-109
-304
-338
-666
2739
-1912
-22
-187
-1456
-2820
-1255
-1783
-1698
-227
-829
-236
-545
-699
-649
161
322
-35
457
-1
-126
-241
-619
-219
-1621
-354
-1125
-498
-501
630
-71
605
-336
-139
-230
-1718
261
-1074
-936
-393
-1021
-585
-3336
514
-1876
-463
-3
2007
-665
1841
-394
-421
-915
-506
1355
-684
-1421
442
-134
-1908
-359
-818
-1355
290
-712
-627
786
884
-1764
289
-849
431
-916
294
-1706
611
191
462
1122
129
409
185
716
-341
98
827
791
532
1233
720
2754
472
-548
163
870
-475
1766
-387
660
-657
-778
-847
-112
-616
-545
-478
-226
-30
1470
26
-340
14
-589
-1288
779
-2044
-1063
-23
458
76
1937
692
785
229
-297
-2449
-4661
-2485
-833
-194
227
-1110
-702
-2217
2448
-297
809
674
-505
-821
-131
-148
-427
254
-711
-340
-387
-108
552
21
183
120
-158
-93
90
-1405
-1723
-2359
-1091
-106
521
-211
1464
50
283
810
275
-1616
-389
-1802
-416
-124
829
1683
-1054
521
392
-332
1123
716
434
61
363
616
378
465
-852
-84
223
-47
583
1317
297
978
1181
599
653
2231
761
1907
-85
573
-1660
-999
154
-1274
-1220
466
1456
908
-1222
1305
3158
743
-876
188
59
1119
-1117
586
317
-1131
-2199
-1073
-979
218
469
42
415
329
31
84
814
-116
-1184
-321
451
238
1239
-1324
139
-2187
35
285
929
629
17
-1552
736
609
1517
1651
781
905
1889
252
-15
-155
-1362
-950
5
109
-618
-1333
-1412
-1596
-771
26
28
-949
-1626
-1986
-62
420
-917
-1869
-1270
-1108
-1914
827
-388
947
-371
1719
304
247
-408
-1722
-585
-2933
-1015
910
442
-436
-2731
-1151
284
524
-5
-576
158
134
291
370
824
770
406
173
464
92
415
-91
1512
423
-20
-54
-349
759
-381
399
-89
70
-17
-666
-561
-2083
-724
-506
165
2894
2542
3146
993
-262
-226
831
1656
1093
401
-346
-1219
-2082
-1089
-1652
-428
-216
198
477
-583
-662
958
304
217
0
144
-331
-96
311
1082
953
1451
2186
1438
631
1564
82
-33
919
1217
186
1296
-382
951
-437
16
449
1625
1966
1593
1219
-650
-89
8
2197
-1905
416
-1787
-244
-80
-486
-3144
-1797
-694
-184
-713
-336
159
-510
-390
-209
-164
-201
-225
-463
-192
-140
-85
-781
-70
-314
429
-551
-1722
-3083
-2744
-3189
-1190
-608
-790
408
-3032
100
-535
-169
-1441
-1641
935
-1852
-1967
542
-252
468
1145
1132
474
-61
77
-639
-155
-434
-327
-190
-529
-1093
-210
-724
-1568
-743
-1969
-1888
2070
-1648
-2100
-748
-864
-1235
4404
-494
-75
-829
143
-995
-1704
258
854
-186
-209
-82
-689
-959
-269
6
-592
603
632
398
-362
-44
104
-45
428
-246
-40
-462
795
434
1352
115
1041
-1314
-1139
-1447
-235
-1115
-986
-826
20
1568
1148
2883
326
-746
-1462
-893
520
-166
-42
-606
476
2406
2202
2243
864
-337
-369
-1729
816
-1753
-646
-503
-825
-75
-1554
-592
-16
-454
73
-117
-254
-319
-825
243
70
284
1275
54
-248
768
432
328
683
1699
-274
310
-48
321
3215
882
1090
275
540
-37
-562
110
230
73
-134
104
3224
-6
-2231
734
-56
532
1225
1002
-320
32
-566
-1837
-763
-950
-1710
-86
225
119
989
-1290
-82
-503
760
2524
806
2692
1191
-513
-128
528
-1087
434
702
-279
-77
695
-1121
700
1637
-386
-663
-577
-644
-1105
884
46
308
-157
1862
267
-360
-82
-623
427
3185
1250
-1483
183
-745
-354
-348
1019
-544
-276
830
2210
2979
3038
130
-34
443
2149
79
2422
91
-171
-497
-402
-682
-1363
-1176
-407
-4
-1300
449
-1331
135
297
38
-196
-138
-70
458
390
-154
-814
-405
-135
-363
-109
-48
-598
523
-571
-331
275
-1576
-3132
93
-3034
-2472
-74
-915
-628
449
-1102
-1581
-292
49
-553
-886
-116
325
-296
503
-555
-316
361
840
284
-132
-830
-2288
-1678
-459
608
-286
-72
-2164
251
985
1482
1116
894
-89
683
502
1837
7
-282
-929
-1578
-720
594
-852
1108
-1937
-202
-2334
1094
551
-1158
1381
-64
-731
698
439
-1357
-1236
-196
-113
-648
510
529
580
158
821
-810
-626
-412
756
-752
-79
-779
292
248
-754
420
193
-838
-275
-1343
2532
-462
83
-379
827
2756
1495
2550
904
-361
-1689
75
356
-16
-1267
-85
415
601
-1295
-309
984
-949
-1250
-1484
-1074
-1180
-1870
-801
337
2395
1604
-461
512
-536
32
236
256
-188
-1874
-350
173
-104
-728
-942
-429
-157
954
1505
1467
157
1491
-467
-1139
-1909
787
478
450
119
-563
-1006
901
-283
982
683
439
486
1018
766
173
196
-1169
-1970
-993
-1894
-2779
11
-1601
-1433
-1095
301
-1346
292
-713
-1662
-3502
-966
-851
203
345
-827
-2880
378
690
406
-606
-55
-1279
883
-1560
561
771
2094
-6
1519
-564
-311
-982
-55
1081
108
-405
4
104
733
2665
1213
-485
-82
-518
-1015
-1908
-893
-1029
-3
-196
393
-1953
285
-1941
562
1460
2010
2567
1542
1672
244
-1129
2621
3355
4057
-170
186
105
839
-311
881
974
-908
-210
-669
-817
-1497
-547
-101
1206
1416
1039
1507
2505
49
1757
656
1426
496
1618
63
1375
-349
-556
774
2855
81
509
480
2645
1363
1540
51
380
1325
-1441
627
1091
7
-68
-676
-451
921
467
-455
-1020
-984
408
-405
-379
-417
-1225
-1009
-595
-208
-883
-655
-437
-1270
-498
-1350
-314
-662
-188
-3254
1354
-3034
-105
42
674
-845
197
-568
752
-406
-296
-1315
-669
-1677
-574
-6
2
395
699
-1498
-74
-367
103
-31
753
374
57
-302
1053
-731
-1102
-1078
187
340
700
564
-268
401
-320
-136
-527
1849
-1725
1775
-1341
727
556
1792
-101
804
-308
339
587
-552
-1062
269
169
-63
443
402
747
1053
-305
-586
-640
-1389
-825
-1695
-1129
-904
-1209
197
-175
-944
-841
-179
1293
2225
3980
1015
847
-428
-572
168
-1138
107
-1003
-85
1296
2916
-1416
3105
14
-290
1013
2157
-1895
21
501
64
555
143
1700
-76
-930
239
606
1858
2278
2785
967
555
1944
1055
-310
188
954
511
1590
-655
-788
-1047
1875
589
1075
1744
327
235
519
-88
-1134
-1669
-3896
-2380
-831
251
148
-754
1782
-144
1174
48
887
838
-97
-809
70
168
-716
-752
531
571
-265
-638
-1274
-882
-315
-497
-1416
-185
-726
669
1171
158
280
106
11
751
-2051
1462
-1504
-665
321
339
3503
1866
1903
-759
987
2062
466
3016
975
-1181
-360
267
1457
1132
413
145
-269
-757
269
-333
-907
313
782
520
838
-149
-527
218
896
-21
-418
33
-64
360
902
-564
3909
-199
891
324
-417
-760
-1400
-996
364
196
-683
-1348
-1899
-1242
-1879
697
469
-544
-1162
1118
1395
195
208
194
1798
1147
-228
263
150
1518
1936
2781
454
-287
-449
136
-715
-499
-179
-60
674
676
1693
1412
116
-64
2218
1681
3374
2698
2247
-155
1039
-1174
783
-2295
-36
185
841
360
-1156
-1021
878
-418
-220
-266
-865
-246
57
164
-81
623
-33
523
-148
-54
-788
-900
-1664
-627
-693
388
-242
-1276
-1542
-1028
-245
713
-329
2585
-1121
2144
-765
123
-82
-2261
-759
-2339
-374
-382
29
-747
159
-2120
-808
-396
-306
540
1199
699
528
-129
53
1011
1229
1097
819
75
326
1955
1306
2478
1216
-176
-822
722
-663
1917
556
-1030
-2408
177
-2687
1850
-497
-521
-735
814
3259
-58
-292
-436
-1663
-690
-1415
226
-1271
-316
-519
-628
-235
-295
-181
-785
-973
-1317
455
-315
-1430
-615
-567
-145
1787
843
-778
-726
579
1933
2533
3658
1658
-157
374
1028
304
635
1679
-197
-75
497
-1222
193
-67
-279
319
1011
2786
504
-1174
-87
-209
1061
558
838
811
-145
603
445
-31
230
1818
71
496
-175
-1280
-1258
1102
-175
-69
2777
1898
3020
1488
133
-695
109
-2076
-1147
204
-461
-1259
-324
462
-938
-1618
-313
-1183
-775
-512
-79
-57
-6
200
-603
914
-103
-908
-161
-646
-330
935
-102
-795
-167
402
1228
534
1812
657
112
426
-584
417
-1320
57
-624
-497
984
-444
1430
-276
-311
191
815
684
-419
-146
-85
795
430
673
-1059
-591
587
592
-438
489
-218
52
479
435
-206
1499
515
-607
1078
1028
-124
-71
334
-656
724
1469
-1031
2603
-1716
1571
24
1896
-234
-3805
-2114
644
447
737
-328
-96
-717
605
594
705
677
157
-1069
6
91
327
-419
169
-522
-469
129
-295
-1127
1211
-1412
-1180
-66
-974
-684
-273
-1472
-199
109
179
-632
1789
-590
198
-811
-2481
-2504
-1761
-2393
-1726
55
-463
770
682
-632
-1178
347
46
-299
-449
-1022
-957
31
-784
-39
149
-143
-10
-319
366
-183
-631
-936
1242
-960
297
-1152
-1273
-36
1204
-683
-1426
557
1672
1565
295
-689
-1165
-1849
-237
-1785
-1726
-83
-1107
1763
756
1352
-1167
22
-532
478
364
-1143
-983
-1198
-732
1326
865
1097
479
-890
-614
-625
-2230
-926
164
-926
-584
-1341
-4030
-1470
574
-1114
898
1150
-2032
1554
303
-593
371
-1065
208
-214
-1300
-713
-700
-1257
94
-602
-599
-767
-284
631
206
-88
528
-545
300
660
-976
120
-108
-567
185
267
-1030
-596
-2
-514
-8
-649
-25
-839
-394
-580
-618
1147
-2908
974
1171
-543
404
-696
-3930
184
879
-677
989
-281
14
-1721
295
-1093
-116
-480
-698
-564
-736
811
530
-580
-1060
-873
-316
358
-1376
-1977
-1305
-660
-1900
530
313
-770
-531
-1119
-837
572
-994
-2144
-633
-2177
-1071
392
-765
-749
-578
-1616
-1143
228
-317
-573
1754
-640
194
498
880
414
-708
-171
2088
-428
707
550
1971
1617
728
-621
-498
-432
-1334
-835
-256
-666
-987
-1369
440
-2568
-410
-826
-491
1151
1466
1956
-650
-300
-77
-1508
3811
-1704
-343
-1029
598
1028
1182
-1319
470
-422
-73
-698
-257
-153
-1386
886
343
543
358
-171
437
1187
252
-409
1296
-327
131
678
406
-558
-2692
372
-59
618
-39
-831
-851
-353
557
379
-243
711
-143
663
-192
800
798
575
-302
320
265
772
-447
1341
-107
123
-88
-404
193
308
-599
161
820
-114
347
950
1031
2045
485
-539
-489
-2169
-1738
-2016
-309
-430
1813
2946
2042
2633
1500
-383
-207
-803
2713
-1631
-311
-157
687
-183
221
-1035
394
-275
554
234
-1305
482
418
-12
-429
-893
-1117
-831
-850
-422
406
-102
1839
1157
180
-387
-50
-740
-549
-2068
328
-368
-696
-2215
686
-1476
217
-569
541
783
336
1253
1861
1
1094
1596
-1938
132
256
-178
-825
-902
-696
-910
-629
-360
-391
-794
-532
-515
-422
-1160
-628
-864
1219
194
-626
-1032
-575
-299
-827
-829
-98
-768
1166
356
2197
-790
846
-929
1418
424
1937
-761
1343
-821
-18
1495
182
1960
777
-628
231
2624
999
1879
-36
17
569
264
1251
843
116
-239
-290
-1156
-1252
-1262
-653
-716
-89
1569
2895
-294
497
-10
-147
-2150
1527
-2673
-1686
-617
-473
-2970
-3935
-3577
-611
-409
203
-549
248
1025
749
527
1645
1774
-334
1744
1673
-479
58
25
-947
-489
-345
-547
-204
-241
449
356
-946
273
129
1988
4763
3069
1734
-198
-587
440
574
361
-632
-133
-641
553
787
174
-171
151
674
-528
-1299
-747
496
-336
-80
-1702
-1855
-1136
376
-1111
-529
-278
544
177
153
-623
-407
-93
242
640
579
-727
-1118
-201
-1865
336
-1317
-343
731
1346
1297
-17
159
-797
-1202
-1067
-2864
-414
-1000
-289
330
1444
875
1389
-30
106
580
841
1120
1989
1157
369
388
414
-225
-82
200
414
17
-201
-445
-825
-348
174
-11
-41
2268
-82
-848
47
586
-2246
934
-1475
720
466
-438
406
-1459
-377
-1051
57
130
1608
2182
1405
-436
275
704
342
-665
-991
416
-50
328
-62
-401
70
-42
-520
624
-430
787
482
-208
-632
-842
-1295
-1107
-1130
-565
-5
1132
1342
1329
871
916
-518
2
-1144
-4278
-347
-18
-561
-592
-120
-2113
-274
-1825
108
-124
1191
-1344
1575
-658
-894
171
632
1022
816
987
-375
196
254
621
446
812
-550
-595
-997
-2169
-1492
-1114
-38
-61
235
-92
-672
1635
-199
1303
-303
1861
-494
431
-473
-913
-1692
-269
-1529
-1410
-547
50
-322
-338
-600
861
264
-320
-188
-959
-776
292
-553
-1039
-356
-202
451
-1522
-650
-747
-353
704
317
-622
-569
273
86
298
467
1026
229
1373
-19
3548
866
1474
112
-725
-583
-457
-167
249
182
599
-306
-469
-579
831
175
-226
-516
-576
-1124
-503
53
-1039
-404
-587
359
-1127
197
56
-682
-830
-170
-2034
-316
-746
-857
-3759
-1972
-1350
41
659
2409
-577
1936
-404
354
-177
895
41
1179
-7
54
-319
-130
1571
1146
1196
-834
-538
-502
-721
-524
-696
-499
587
328
-136
879
1755
-420
653
-696
842
-381
676
-328
-425
-1521
-1348
-2614
-124
-469
1046
1291
1089
1227
1270
-748
1532
2093
-825
1685
841
-1074
-162
-136
-1945
217
-431
-346
-3
232
1694
884
-669
398
418
-193
2212
525
-1272
244
-220
-177
-1991
284
172
-209
410
-1464
627
-1162
758
-757
-195
-815
1971
-493
-290
-209
-305
1251
57
1161
-591
-58
-1579
517
813
383
-1841
-128
-505
-285
-268
-796
-623
419
812
874
1449
523
126
480
774
2024
306
1652
321
214
216
624
887
-640
1093
794
636
436
1111
424
1519
771
-824
586
-2121
1219
-47
1219
226
235
3052
-253
-354
704
-187
405
959
890
-139
321
-107
313
238
98
-988
88
255
-388
935
789
313
-40
2428
3932
1868
3692
2677
-34
-1229
146
2163
126
-1006
383
1111
1266
693
302
303
71
-520
-190
1366
-524
-294
-296
-407
1147
2068
1419
1238
367
1417
1229
2608
881
2260
-67
816
-501
1189
-537
308
-33
242
268
1446
1425
167
-14
1525
840
1332
23
1585
107
-810
413
-2136
204
-968
420
-815
-2034
2503
-813
-1043
92
-32
-280
232
342
-358
-461
-388
-99
2459
1868
-1501
-797
-204
1363
1661
1878
-117
-1376
-389
-1380
-1481
83
-852
-1233
-1243
132
1896
1788
-279
-1250
-1180
-905
-42
517
447
-232
-507
-667
1655
593
-72
238
69
-546
1038
129
232
605
372
249
594
-208
453
313
-324
-557
-1535
651
688
311
-4
562
961
643
-616
1125
-1649
427
-185
-122
-1940
492
-1356
552
-998
1122
-720
480
19
-292
2559
-368
1014
-92
232
-51
1709
1035
712
-178
907
482
-1344
-875
1290
-235
-298
143
-418
-417
441
237
474
1077
2800
1728
944
88
-389
-179
-1917
205
-1457
-312
220
541
1331
310
-301
66
649
-153
-389
-530
629
-7
281
81
596
448
47
1097
461
724
-691
-245
-710
420
-81
421
-2002
798
247
1134
514
1339
-1422
2141
879
459
-954
-183
-2565
905
-62
551
-277
-1775
780
-626
-1983
839
1076
-368
-636
33
41
-176
1073
1876
512
1810
2069
-496
943
489
-1783
-1182
1924
-397
841
223
604
-507
1148
-164
1959
2448
-116
3030
2359
-461
453
522
-1150
1156
301
-459
-601
754
477
-255
-1046
164
701
587
-1917
568
588
-353
-325
-667
-1346
-1261
-20
-240
109
-236
1448
943
-962
4
415
383
-240
1206
-971
-52
591
-1993
-2860
-1870
1452
-12
1643
-27
1560
-679
1298
242
692
-1477
-2062
-455
1003
133
1091
1285
-508
559
893
-270
-390
-14
552
375
176
-565
198
-330
-1470
-789
133
-509
365
-1277
-601
-1550
861
-294
-763
-1154
-3400
-229
-2020
544
-1221
-2340
-2670
-1306
75
-589
-256
-248
-459
372
-321
-220
-138
-1337
664
-1381
-99
84
622
865
786
426
398
-634
-196
-954
1418
-197
30
-587
-379
1173
3020
2545
1481
110
561
-675
107
-300
1246
-519
-194
-350
831
-1096
151
-539
273
124
771
285
1062
-441
-1017
-1546
-1955
-897
-1282
-335
-939
-292
-41
-338
-596
-638
-139
904
-112
108
884
-674
1583
705
152
1613
473
-130
372
619
902
1947
571
-711
-975
3299
673
4381
621
-113
1193
716
2386
1322
-567
-374
-337
183
1395
1059
-384
-195
127
246
-1034
-728
212
-133
-712
-1800
-1981
-2132
8
-168
-600
-1276
-664
-1741
-804
291
-1286
-2034
-651
-1846
-2785
205
277
959
50
-228
489
-121
609
1624
293
1015
89
429
417
-527
-254
47
308
-449
-600
448
778
889
-199
-535
196
1013
1895
1930
145
-214
-675
973
-1006
953
647
-450
-1589
-1916
-3272
-1921
-732
-575
-195
1226
1160
9
-12
-456
-783
-970
-1291
-1547
-429
-916
13
582
-2765
275
227
595
1091
1435
1844
1512
1464
369
496
-99
-749
-576
697
336
-1111
-1166
-2125
132
-831
584
1703
940
1205
1752
61
237
471
-1062
360
-860
-895
87
-411
419
1623
-301
208
-228
-680
-891
-1629
-1033
-2198
-180
240
-186
698
237
-861
-471
385
222
375
-96
-310
-203
1041
181
330
-669
1265
-691
463
-1121
-138
-1073
1009
-656
1656
1504
-1003
851
2142
-28
2011
956
-641
-1643
-395
-186
820
560
-2321
998
1404
125
253
-52
-1177
-1262
599
416
-197
-444
-1799
-1633
1400
602
744
-498
-1731
-788
1250
338
-2595
-5242
-4166
-6207
-2428
25
808
1551
-754
1835
753
183
-79
-1611
-3905
-928
-1228
175
1191
477
-1162
-25
1496
-241
-832
-1064
-431
235
-1311
-215
-592
564
741
2325
-268
-484
68
1552
-527
2365
689
-1069
152
215
-879
2061
-303
-923
589
1783
1097
2365
462
-295
-1092
1274
421
865
-906
-27
224
746
-1853
-444
357
-61
408
19
147
323
572
204
881
-1312
-2707
-1732
555
519
566
-507
-1345
-741
423
-7
512
1176
2230
2118
935
897
-588
-347
-961
-1804
-867
280
-119
-853
-3208
-1293
1474
139
886
404
4
950
1734
342
973
597
2212
1406
946
-287
-293
24
1153
1606
169
120
231
996
1591
798
1415
21
-999
-422
1049
-1252
-1823
78
-641
1498
-1688
2180
463
-656
-693
-91
-223
-678
470
-401
-231
-633
-3192
31
1643
-652
-713
27
884
708
-293
-413
357
270
-580
-841
465
-654
155
-2256
-774
-2242
-474
-622
1537
542
-164
1623
1806
-385
-85
-2341
1954
-2121
550
-105
-249
-1248
-3003
-1091
419
196
-256
-147
-217
-438
-589
541
274
-294
19
-255
0
679
482
-591
-129
-132
-613
716
397
-1597
84
-1049
94
528
-270
-2342
-2155
-2338
-1499
609
-1487
-2932
-6545
-3273
-2583
1034
-15
-700
-3564
-2395
-1479
866
486
-322
-297
-432
-581
-187
254
173
446
411
-7
-100
501
351
221
-744
-274
-269
1775
2902
1789
2529
3646
-470
1426
-938
4709
-1004
2229
-312
-616
-312
-1439
-411
289
38
29
-494
1365
-542
-70
202
1302
2188
1924
1361
1367
-1016
-380
-316
1089
628
-530
-401
-7
64
3220
1353
-1005
-307
610
-370
1427
768
104
-373
-237
714
4392
2025
2488
-468
-1154
-833
-1376
722
-934
-546
-1117
-2402
23
-1546
-336
-95
-475
369
4147
425
-2267
-21
72
896
783
1262
317
-649
-585
-415
-1803
-1195
15
-545
-63
761
-1420
1351
-824
-379
289
616
1431
764
1028
-689
-339
1512
-1367
1649
-1175
-624
-729
-1697
-991
-1965
-1214
-865
-1124
-98
185
1441
-27
772
534
515
-1063
291
1089
393
204
-1171
-2816
-2793
190
191
-373
-1644
-2706
-1105
-607
271
-781
-1224
526
-207
-119
417
-702
-1116
2039
-2480
-287
461
142
-1500
-1641
-982
9
726
140
930
1254
2307
1142
163
801
175
169
428
258
430
616
-611
-425
45
-1554
79
204
-1001
-2034
-1449
-1210
-24
682
-965
-616
-787
1440
553
1274
1445
85
991
46
311
513
-582
1762
304
-201
29
1092
-383
-729
-1019
741
254
228
-44
-1927
-1273
-97
339
608
1786
29
1235
302
-372
-183
-437
-1494
40
-1589
263
96
527
-2775
-335
537
-254
668
-425
-1792
8
1015
-4
84
-1478
3422
-1572
-1162
-160
279
-240
1141
-1988
-839
494
-44
72
889
669
-198
51
-34
437
1130
739
-192
865
2092
1880
1097
1072
2768
373
236
1050
-336
1333
396
-648
848
769
-926
1866
881
151
-479
-656
1667
-303
-162
-360
-1652
-793
-555
6
-238
9
-166
-611
-1030
-963
-607
-520
-530
118
-1278
-868
328
-318
1220
-811
-543
-1193
-833
-348
-663
1126
-1438
-430
-2488
-92
-364
1306
-1150
-300
-2194
-281
961
-404
5
-321
687
-469
17
-182
1470
703
-1151
279
194
-115
-1143
-1172
274
359
1106
548
730
608
1021
-307
152
-1866
44
-2660
-615
-110
-24
-1591
-1047
-1709
-880
-32
-240
992
-1075
-14
648
107
85
-759
200
-1892
206
193
236
-1251
1653
-1425
174
-321
-530
-613
-568
-319
-792
-445
-82
430
-1533
-422
-403
-527
-146
230
797
1381
1001
-643
466
-30
-1128
869
50
-654
-771
-608
-872
260
213
-177
-35
765
-78
1655
593
559
359
1400
752
1014
617
68
32
-147
-280
-685
-313
194
168
957
-849
-468
406
-293
-193
760
460
1783
800
82
756
-1380
3040
-1780
764
-398
636
2584
-379
703
747
-235
-601
841
739
1347
-1110
-164
220
-49
-379
330
-993
702
768
-276
-99
-442
-212
814
-664
-1855
-1506
-1807
-890
233
-709
768
810
862
-118
524
-1429
1471
4225
2006
-201
357
-738
-1716
-622
-2298
-1613
360
564
1520
3790
-797
729
659
1050
740
-827
806
1640
-451
-143
-882
-5
-793
15
-93
-4
-1531
617
-635
74
-90
364
-1006
-92
-342
768
-271
748
1408
3565
1461
1261
346
136
-1932
1036
-611
136
43
285
1380
994
21
1432
210
711
-247
1024
17
2179
-159
-449
-258
905
657
-210
-109
-1
-65
-74
-260
-38
-527
-520
-633
-897
-492
316
-1103
-1811
105
327
1667
-1204
-142
-772
-1425
3061
-469
294
-799
-1448
-342
1792
-992
512
-429
413
660
-404
-1089
292
34
-166
1000
-43
93
-74
366
869
1384
413
230
2090
183
586
-1204
-1152
-755
-548
784
573
544
91
1110
-11
807
1160
841
-121
1251
1668
438
402
1898
-1092
1029
142
-361
-83
-1253
-1875
-1982
-1997
693
267
190
1000
402
63
272
-1047
-222
473
-67
-1202
563
-453
-390
1226
-614
-876
240
999
233
2917
-297
616
538
-397
-1663
1339
-1940
-1162
305
204
2406
-161
3675
411
342
214
-1130
-2015
-1428
-251
-714
-337
539
1408
1030
377
-973
61
1981
2160
1574
2379
-884
-531
798
1225
533
322
-647
-2135
-570
-1980
-419
-3708
-830
-1108
756
-965
-166
-1391
-663
-1905
-1290
-53
-853
-2423
-856
-1184
-1339
-579
-1524
-443
41
-223
-459
-1272
-986
-310
30
-774
-718
-400
-1063
-398
296
-586
308
-1551
660
-1209
368
-1691
1186
1194
449
-3123
209
-838
-2090
46
-1487
-429
231
-888
870
278
710
-1894
476
194
-900
-513
104
1744
21
-387
-316
-1361
-705
-86
-164
126
1119
331
865
1578
-716
-198
213
-1119
905
-1653
-524
-689
-971
-2589
221
-400
-572
233
2337
-161
1578
213
-196
-613
-1023
-1833
-537
-300
445
1385
987
2190
845
948
-1069
-799
350
216
214
-43
-997
-1035
-44
-902
-695
-15
-741
701
-941
-294
-876
1886
-541
504
-1250
-565
-921
974
-712
-457
-704
-880
-1480
89
-725
-627
2317
-621
3262
-372
-328
-457
464
1635
979
323
-507
-358
-405
-437
-119
245
-188
402
648
399
392
123
14
1016
-718
-798
-1949
705
-67
601
-2940
-2778
-2727
571
-65
120
-191
314
-77
1164
-207
-1527
-165
56
-548
-779
477
97
261
-1582
173
261
-348
86
831
2398
1751
66
-455
466
987
3013
1256
645
-1026
271
-1804
1032
-1969
83
-1165
-462
1617
2433
1507
343
-1019
-703
-1385
-1111
-1052
-2293
-543
-433
-550
2711
988
-534
10
73
-439
-527
-274
294
-93
19
224
777
667
309
-446
-322
23
1681
252
31
-628
-546
-892
814
518
-1400
-624
-1222
1305
1241
1408
-1757
-471
-1209
-961
-121
-89
-646
-536
-1158
-508
-769
-1338
-881
-858
-1494
-687
632
530
-1814
230
-273
-820
552
-544
-840
-301
-873
-57
-14
-12
-951
516
-393
815
1574
882
-547
-686
-941
-2571
-532
-3059
-1579
424
-651
-1270
-9
-1139
-1158
-60
-1118
-2031
768
-597
-760
85
440
-195
1025
430
137
-171
22
-913
-497
-969
-41
-183
-212
593
325
-206
185
-149
538
1211
700
869
315
-517
-1579
-3030
-950
-2896
-2114
-579
-179
723
1476
652
-925
-112
36
-1295
-839
-2130
-235
94
532
-179
-2299
-158
190
