756
-122
-100
-202
-3
104
-565
-1202
288
243
738
773
-314
37
-102
-369
-3
203
650
889
1513
59
179
1160
-175
-323
403
-128
-1024
499
429
-768
-95
570
704
-163
-279
-460
-22
-1389
806
226
1859
-3325
-259
-540
194
-312
-144
1216
-230
295
218
-807
61
-578
32
833
-72
1370
957
-321
-177
36
-417
-1702
141
-1336
-255
-182
86
302
519
783
-259
-24
727
95
0
553
275
132
1015
459
258
804
-919
777
1603
186
188
-64
-610
-378
-162
89
-1859
-454
626
761
497
760
122
-1449
-72
584
172
-518
34
606
462
-685
-312
549
519
831
-159
-918
-323
-282
-627
689
361
155
892
234
-753
-52
-577
-737
42
-468
192
140
-1190
-780
-130
-996
830
1383
-437
-714
211
74
629
-242
479
260
-121
627
175
281
-421
-638
-139
124
-831
-373
-1281
833
712
776
1046
1318
-536
967
543
-213
-335
-45
-485
-1163
568
162
-161
336
112
979
-955
-1048
841
-261
419
401
74
1014
-1253
-421
164
-9
592
1301
-619
-114
224
531
642
-221
171
-317
947
551
785
-187
-2118
447
-520
-480
809
-119
-141
-666
-311
-155
0
330
-548
-286
-125
-616
276
-567
203
-192
320
320
-193
-1404
621
252
262
-824
-69
815
-47
868
-144
428
-17
-50
-3105
-831
554
-566
-127
1294
-676
-8
-327
-484
-643
555
356
-93
-199
163
686
328
794
-596
645
-714
41
-229
-899
-89
775
417
-76
-366
-346
1207
383
-995
238
907
-242
408
76
-206
251
-239
-33
166
-1664
801
-632
-86
-234
293
321
465
-695
391
137
355
-618
504
902
-2414
134
-383
-150
-301
-9
-584
-62
468
413
-171
-507
331
144
540
410
-834
-394
447
447
746
-490
336
-667
240
175
680
56
-240
799
-1164
874
94
363
1107
37
622
-205
35
487
502
668
501
-330
381
894
779
-54
363
13
-173
-678
-302
-389
365
509
639
1620
149
-422
-13
224
-428
-151
-1422
438
-315
103
-1240
-944
792
-363
-475
2208
-855
373
428
-509
-377
37
512
-319
170
-511
340
-240
-558
2336
583
95
98
-516
301
1606
-428
-442
-151
-242
61
186
245
-760
-200
-25
389
449
471
212
277
1991
-231
-1714
126
-350
-426
48
-355
538
1386
-622
-277
-79
201
-300
33
-19
-1281
-115
-1029
432
-742
-341
-741
1381
1007
383
568
-57
-14
-174
527
12
-2001
-174
-203
598
335
-1614
-179
-1432
-1370
-299
-323
-887
-190
164
-867
763
117
221
-817
-287
-788
300
664
-338
-710
63
1156
465
363
1058
-489
368
-565
-551
538
24
640
766
-466
-1275
-28
329
-403
108
-1029
850
586
-1028
-112
995
882
1096
231
379
271
772
252
-165
-541
45
102
-996
355
1000
-216
-577
-338
423
452
-840
-275
