0.111426
0.599215
-0.993332
1.690819
0.292656
-0.123893
-0.689703
-0.032433
0.553666
-0.617747
0.528443
1.106191
-0.854796
-0.185518
-1.956467
-0.049628
0.160217
0.569516
0.556919
-2.659308
-0.129871
0.191111
0.342694
-0.024694
-0.421477
0.800694
1.384572
0.960317
0.359504
0.631528
0.302490
0.188604
0.145845
0.064512
0.769950
-1.711300
0.779350
-1.176391
-0.097763
0.206266
0.429555
-0.173530
0.037717
-0.270808
0.839762
-0.611995
-0.153206
0.464475
0.205287
1.569030
1.248184
0.811565
0.026709
0.092246
-0.137615
-1.272413
0.620387
0.057261
-0.265618
1.188598
0.384914
-0.701624
0.332781
0.479464
-1.067924
-0.189598
0.691164
-0.110885
-0.726949
-0.158222
-0.200755
-0.191963
0.600884
0.354911
0.583998
-0.118599
0.140477
0.099731
1.559367
0.366489
0.263120
-1.370830
-0.176156
0.190240
0.531580
-2.589009
0.159248
-0.689515
-0.083813
0.464001
-0.577212
0.366468
0.132307
0.264490
0.201676
-0.559846
0.326751
-0.517036
-0.689572
0.148136
0.309113
1.658271
0.218889
-0.036841
0.151260
0.059578
0.335310
1.654083
-0.640304
2.535815
0.642328
0.445076
1.256421
-0.964346
-1.216574
0.509746
3.250783
-0.284102
0.181624
-0.076873
0.250357
1.688177
0.905785
0.097060
0.433929
-0.099817
1.452576
0.409902
