228
275
-7
-85
38
190
122
-127
-175
-106
-234
-52
22
-243
-330
-160
-171
18
141
-153
-205
-377
-281
-185
-41
-256
-579
-321
-239
-216
50
-240
-224
-234
-322
-340
173
77
150
-93
-116
-133
116
-283
-549
-521
-211
-158
-190
-505
-199
-345
-528
-236
-209
-741
-536
-423
-256
-159
-158
-515
-770
-749
-556
-392
84
-596
-493
-624
-758
-507
25
-501
-649
-331
-280
-329
-110
-237
-285
-298
-308
-392
-17
192
97
-36
-73
-107
110
335
-26
349
372
370
107
92
-147
70
28
241
-168
65
23
-122
32
177
29
309
42
132
288
68
-5
-47
-268
-148
-47
102
106
127
-34
-233
-31
151
-10
-25
-253
-109
-163
-255
424
345
632
441
773
687
317
431
547
425
503
463
391
380
187
24
441
479
454
347
576
449
457
423
120
518
628
588
540
571
452
238
189
200
145
143
73
226
-32
-134
81
227
335
341
180
190
366
499
295
621
499
444
534
449
358
720
717
583
496
550
318
644
650
523
427
447
345
497
200
348
409
399
338
157
67
195
71
394
-269
-294
-60
-145
-278
-222
-135
-369
-122
-430
-650
-623
-350
-704
-44
-254
-292
-440
-5
-577
-528
-213
-233
-608
-326
-474
-587
-465
-512
-485
-205
-404
-296
-164
-13
-302
-78
-111
89
-21
42
-290
-121
-324
-220
95
-286
-376
-221
-430
-397
-626
-514
-548
-320
-683
-447
-368
-467
-484
-413
-627
-653
-478
-303
-455
-347
-593
-560
-634
-446
-465
-249
-336
-488
-622
-371
-399
-375
-463
-349
-567
-493
-576
689
795
1128
953
720
746
771
1020
818
745
834
628
899
1301
1034
951
790
599
833
1006
1154
1037
885
584
803
1134
1109
1143
1169
608
751
781
635
640
741
702
742
803
785
751
775
672
-256
-165
-289
-43
64
84
-140
-397
-402
-203
-43
103
-150
-31
-2
-123
-34
-71
-42
-422
-394
-47
-39
20
68
-193
-188
-83
-79
234
88
-127
-66
2
-139
-223
-153
-278
-245
-283
-438
-409
261
154
69
187
268
335
-236
-6
-57
42
-162
3
-364
-289
-117
196
235
148
-263
-194
-214
102
-3
-43
-347
-245
-45
-171
-76
-176
-249
-136
3
59
-131
-75
-450
-131
118
-35
130
-72
-102
109
-116
-154
-68
-170
-130
-102
-95
-128
-82
100
-254
-173
164
-58
-28
85
-137
-263
-502
-306
-99
15
-124
-9
-106
-388
-293
-25
-225
-54
-9
123
61
-36
-163
4
30
-73
3
2
224
37
143
375
300
166
169
-364
-5
130
-263
-99
-369
-574
-386
-109
-111
-62
2
-320
-530
-406
-75
-171
145
-212
-492
-205
-147
131
71
-248
-39
151
85
-187
249
108
88
55
109
-44
37
140
121
66
72
-46
-10
5
-44
105
-135
20
116
437
187
-83
-170
-29
11
-154
-247
-121
-171
-46
-23
240
160
178
-3
28
-97
-141
-146
-1
-253
11
152
-326
-510
-536
-407
-196
415
667
698
331
567
709
313
283
156
384
294
527
444
638
251
125
71
390
448
334
25
-157
100
449
319
602
198
350
338
407
467
331
-58
127
46
515
397
64
-20
-132
-30
450
-653
-218
-520
-486
-521
-349
-300
-347
-26
-243
-248
-278
-542
-163
20
-44
-186
-85
-491
-221
-12
-25
-45
-67
-473
-148
23
35
73
-47
-581
-26
129
95
20
-316
-368
2
-105
132
-127
-154
38
157
190
80
138
-16
23
-153
-285
-300
-433
-310
-60
-607
-482
-150
-186
-131
-79
-294
-421
-123
-148
-155
-87
-250
-230
-186
-193
-200
23
-79
-237
-280
-21
-46
-163
-150
-177
-132
-165
27
-154
-601
-512
-114
-226
-395
-316
-454
-133
36
-66
-297
-141
-245
-8
168
180
-69
-151
-368
-150
-13
-184
-206
-13
-362
-123
18
-77
-385
-108
-309
-64
-102
-257
-157
-285
-397
-37
-187
-175
-506
-301
-188
-94
-161
56
-169
-216
-491
-603
-506
-229
-64
-398
-343
-831
-897
-580
-268
-289
-338
-751
-720
-601
-391
-110
-190
-526
-466
-480
-306
-159
-290
-418
-490
-467
-489
-53
-63
-192
-275
-349
-367
127
-129
44
349
310
-51
773
876
650
498
674
451
577
480
396
455
376
415
508
546
633
564
569
542
661
426
552
552
517
440
313
531
486
394
403
418
505
403
466
398
155
349
-225
-10
6
333
118
124
-489
-63
-186
-231
106
140
-473
-146
154
78
-1
-31
-552
45
130
-33
-298
-23
-300
-64
34
-190
-89
-82
-351
-249
-240
-62
-343
-244
-362
-107
35
-95
64
35
247
-34
99
387
183
-81
525
353
680
368
451
167
549
205
536
884
579
391
529
202
237
670
723
183
653
461
528
51
429
356
662
410
610
716
672
303
133
-255
-98
-18
-39
-397
614
477
643
742
607
506
835
778
485
540
591
814
844
1047
968
1023
1076
953
757
859
681
886
868
945
652
710
719
738
771
929
810
857
761
750
635
905
785
690
574
405
515
573
431
1124
878
683
720
817
469
846
807
790
487
821
521
652
875
608
787
519
726
930
818
679
603
612
423
718
922
967
785
562
587
947
880
992
615
696
504
483
577
671
638
742
241
338
557
428
634
663
34
76
-79
221
50
240
144
130
235
-36
-20
290
124
169
198
271
44
104
16
96
-13
-87
98
190
239
459
364
246
418
255
231
183
27
98
104
-2
382
311
239
190
247
252
-18
-84
-139
155
170
20
-149
11
-193
-361
-35
-127
-172
-305
5
-194
-395
-240
-65
-147
-407
-96
-53
-372
136
-259
-176
-107
-282
-27
-20
-247
-254
-371
-451
-492
468
514
747
316
260
344
107
115
-84
82
272
63
358
195
349
214
370
-90
303
241
359
245
133
-18
367
292
129
122
229
-156
235
-90
-278
-273
-203
-195
358
23
-312
-251
-279
80
153
-136
18
-119
51
-54
127
422
264
-68
81
11
72
262
-69
63
-457
-92
-195
101
-243
-483
-241
7
-81
-136
43
-114
-265
132
-45
119
129
-102
68
-28
-215
-252
-294
-253
-309
-138
-394
-152
-56
59
82
-57
-330
-348
-230
-292
-313
-98
-529
-578
-296
-190
-70
-233
-115
-143
-133
153
-113
-307
-111
-296
-388
-621
-451
-143
-112
-63
-50
-90
57
-294
-201
-146
-290
-253
-337
-373
-110
-252
-436
-441
-138
-33
-334
-186
-57
-130
-86
-279
-418
-630
-808
-598
-533
-380
-424
-468
-532
-534
-435
-576
-386
-350
-366
-399
-671
-621
-373
-343
-235
-260
-286
-492
-427
-257
-262
-279
-469
-709
158
146
91
382
366
284
186
467
529
472
434
706
109
151
169
443
665
604
340
723
720
723
664
659
280
317
491
358
434
692
349
525
486
648
443
585
333
552
290
368
396
583
183
-75
-27
84
-51
17
43
-67
134
133
-105
-46
-5
4
369
429
264
-133
-46
-173
-76
19
67
61
-86
-4
67
-52
212
-8
14
-32
262
293
111
-46
30
-79
97
35
73
127
227
77
-143
-229
-37
-161
109
236
-151
100
-229
173
184
-46
-255
-275
105
264
180
113
-69
29
16
259
72
213
40
0
-110
209
197
206
99
278
136
315
37
35
99
-93
129
497
-152
-124
-304
-300
-101
-61
57
375
629
617
274
484
53
269
265
54
215
413
100
382
329
170
248
483
40
194
110
272
448
457
-31
259
206
234
219
422
170
398
154
263
92
451
270
-56
-622
-482
-223
90
441
495
613
611
777
623
486
348
364
500
623
549
356
419
416
767
895
515
470
452
1184
904
816
594
508
723
677
795
856
469
236
279
370
402
258
33
35
342
87
101
89
22
107
332
205
313
373
383
192
461
327
354
212
259
19
327
262
220
343
315
162
292
206
395
208
274
76
37
-36
134
163
165
-108
106
170
165
22
-11
-343
-603
-414
-197
-540
-647
-558
-683
-772
-669
-499
-713
-492
-474
-382
-477
-413
-494
-605
-513
-276
-445
-552
-428
-444
-364
-442
-683
-498
-445
-411
-376
-187
-476
-483
-423
-574
-759
-656
-584
-648
-844
35
-172
-17
48
33
78
-124
-180
-81
-125
-327
-75
-127
-310
-279
-264
-327
-104
-64
-226
-393
-133
-181
-230
-127
-362
-311
-358
-370
-77
139
-223
-197
-206
-295
-247
19
28
-93
-226
-311
36
192
436
8
311
231
442
349
889
1001
779
977
761
480
941
1374
1211
1149
1004
630
1043
1049
1110
820
894
459
896
1040
1249
1070
1001
654
1258
1185
1112
942
1259
338
620
807
932
976
941
-498
-815
-683
-593
-619
-526
-314
-461
-379
-274
-304
-297
-406
-652
-512
-258
-382
-202
-478
-568
-374
-506
-396
-468
-515
-694
-720
-366
-415
-555
-613
-505
-221
-300
-303
-387
-347
-418
-312
-317
-462
-809
125
-32
463
712
285
236
-246
-562
-452
-740
-536
-493
25
168
-512
-562
-679
-553
-141
-59
-291
-394
-408
-540
87
-102
-336
-488
-628
-181
70
-315
-625
-469
-300
-409
-292
-349
-429
-385
-567
-415
-84
-242
-28
96
-51
-147
-144
-135
50
-225
-390
-365
-228
-396
-132
-221
-301
-577
-243
-496
-259
-480
-458
-342
-218
-684
-199
-74
-102
-292
-250
-396
-400
-295
-277
-402
-105
-350
-201
-144
-104
46
374
430
528
535
468
415
109
-33
-49
-179
-93
-240
186
33
-203
-379
-233
-253
43
-239
-243
-384
-218
-268
213
-31
-43
-211
-309
-223
97
-211
-172
2
-54
-203
30
-259
-255
-179
-206
-219
434
423
578
227
92
391
819
1071
874
972
1216
1158
944
1424
1170
1038
1051
1120
714
1340
1425
1099
1150
1243
804
1397
973
1008
1076
1241
720
1132
814
709
1214
1321
837
1172
886
1093
1186
1260
-190
-192
-196
7
-73
-47
-437
-720
-707
-582
-837
-862
-360
-806
-904
-569
-507
-654
-417
-1001
-892
-710
-851
-793
-340
-845
-1078
-921
-804
-915
-410
-805
-735
-591
-634
-686
-510
-749
-689
-824
-790
-838
-873
-875
-887
-922
-975
-793
-489
-483
-747
-993
-621
-499
-546
-594
-782
-619
-628
-554
-804
-683
-522
-578
-630
-444
-678
-725
-373
-632
-625
-422
-585
-385
-460
-685
-591
-635
-707
-392
-531
-413
-786
-478
206
186
38
158
22
27
-303
-99
-428
-633
-682
-622
-65
-422
-562
-262
-267
-447
-72
-234
-346
-279
-237
-414
1
-275
-297
-177
-283
-372
19
-434
-601
-487
-653
-526
-38
-138
-357
-613
-309
-341
-92
-247
-63
115
33
-251
275
182
402
344
258
253
141
-29
309
253
375
248
171
153
318
308
410
211
123
158
125
75
184
382
149
238
432
351
483
205
331
410
342
230
188
128
-675
-560
-753
-707
-737
-766
-359
-475
-83
-275
-440
-56
-411
-547
94
-214
-415
-187
-145
-160
-360
-186
-279
-432
-481
-519
-596
-435
-654
-435
-231
-285
-228
-125
73
50
-215
-314
-91
-73
-179
-214
-270
217
564
393
398
124
-233
-120
-277
-435
-227
-291
67
317
6
-219
-92
-518
-235
-324
-344
-467
-363
-517
-248
-114
-296
-154
-240
-311
-470
-410
-374
-285
-505
-402
-387
-590
-720
-698
-815
-390
-405
-215
-338
-609
-594
-643
-186
31
-145
-199
-108
237
-523
-460
-115
427
156
49
-455
-360
-101
226
353
61
-529
-113
150
246
52
-59
-500
-172
-19
37
42
-219
-224
44
114
46
-43
39
-256
-126
-150
-401
-194
-132
19
293
279
447
454
518
262
453
190
142
-24
468
61
309
-47
-128
-13
408
44
245
246
115
335
525
119
227
103
163
97
299
83
177
32
-4
54
278
-233
-70
-391
-418
-373
-17
-227
-216
61
63
-228
86
-538
-516
-294
124
-97
-122
-284
-338
-506
-333
34
-222
-375
-415
-394
-379
-547
-310
-272
-437
-253
-180
-52
-362
-326
-120
-87
-340
-361
-243
368
389
605
719
471
559
-154
116
480
790
295
-80
-192
433
661
499
420
-145
-173
40
204
424
264
-66
89
128
-64
-32
482
188
24
-31
362
437
57
-78
1
432
641
513
296
22
185
275
86
167
7
226
-11
258
-67
-101
39
157
-40
324
308
345
371
71
66
344
233
516
201
195
5
358
460
545
364
231
266
307
452
587
398
260
-44
266
167
256
386
27
-178
-232
-191
-7
372
214
-211
11
121
179
28
32
-271
-49
-16
-82
21
-104
-381
-57
46
-113
-127
-86
-268
-140
-37
-37
-89
-32
25
-30
39
1
-17
-143
-210
-189
-178
-199
-192
-401
-672
-853
-466
-387
-517
-601
-583
-953
-730
-429
-584
-867
-760
-985
-581
-465
-752
-902
-621
-936
-680
-611
-712
-733
-704
-930
-783
-847
-581
-780
-603
-744
-452
-570
-580
-796
-514
-512
-346
-230
-481
-604
-24
-145
-148
-121
-110
39
-102
-478
-893
-761
-403
-467
-185
92
-336
-365
-465
-449
-236
-210
-451
-572
-541
-495
-148
97
-430
-322
-506
-218
-140
-455
-619
-654
-603
-420
-349
-715
-810
-775
-650
-655
207
500
684
434
508
313
49
103
135
314
279
392
226
362
217
117
345
323
176
217
277
265
301
94
196
594
598
387
206
144
78
119
105
167
227
111
46
141
-71
-26
183
155
-30
164
-65
-400
-490
-281
41
117
247
210
103
254
189
296
81
263
151
134
-17
155
83
130
134
132
-47
92
134
-110
-194
-1
181
-33
-2
55
311
299
23
2
197
210
287
346
143
322
259
176
82
-294
36
293
224
401
234
-151
-102
-117
131
278
260
-155
-77
-132
-133
141
40
-290
-90
-220
-275
-178
64
-217
-148
-133
56
145
105
-34
-103
-66
-6
84
-29
-495
24
253
285
-19
76
139
191
225
417
536
369
569
-183
384
720
847
975
737
181
361
307
648
1106
622
-66
492
591
358
520
556
-88
287
492
625
590
667
209
342
443
434
486
411
-127
-113
42
34
-99
-122
363
137
-13
234
363
204
248
490
362
92
369
358
246
571
391
355
190
304
355
465
7
-67
-7
454
397
319
221
228
420
372
343
271
70
194
336
231
-112
-292
-65
-270
7
-88
-6
53
29
69
310
241
-174
-119
-169
247
228
147
127
225
4
99
296
43
180
138
71
101
4
180
-99
-143
-220
-90
2
130
56
-223
-239
-220
-164
-84
-377
-291
-186
-186
-90
-154
-2
445
194
1
149
157
254
332
249
488
468
318
212
464
510
379
216
346
281
518
625
567
418
319
359
515
140
82
15
245
278
259
172
220
192
443
168
358
101
-64
144
70
-281
-238
-97
15
392
195
-327
-222
-299
-152
-45
-86
-341
-240
-110
29
-45
-83
-264
-121
-64
-301
-49
-71
-509
-503
-255
-198
-244
-335
-87
96
77
-65
-66
-44
181
205
239
323
242
320
-88
-92
-16
190
13
-3
-27
-286
-326
-119
-41
114
-50
-185
-15
62
78
79
-54
-78
-249
-199
28
35
-15
-3
-5
-89
-83
-175
111
251
130
113
5
-223
107
583
817
953
860
676
-15
178
335
602
455
286
-74
324
656
526
481
313
98
450
741
657
331
468
-151
246
249
379
610
365
-128
675
929
857
580
616
70
396
509
548
421
204
529
277
169
62
280
349
844
734
518
465
439
629
881
616
471
608
616
651
875
466
310
438
614
737
696
271
208
435
526
727
714
394
280
342
493
605
823
775
686
742
655
719
163
488
364
287
306
333
262
-52
-231
-50
-237
-338
169
294
153
-182
-230
-336
24
-241
-2
-26
-149
-180
-106
-156
-171
-17
-172
-68
-113
-397
27
-212
-271
-146
177
-87
11
45
-171
4
-447
-396
-244
-71
-188
-335
151
241
42
-61
-14
231
11
4
-63
-97
-308
66
-60
43
-296
-164
23
86
13
137
-129
-19
-4
153
-286
-189
-123
34
28
74
-121
-158
-187
-223
-94
210
478
-41
-174
83
8
-124
394
218
316
203
346
351
385
208
218
166
-68
135
290
331
15
-214
58
199
289
114
301
254
-125
160
390
316
328
265
246
313
380
265
413
433
464
458
-192
187
331
373
202
127
-600
-1239
-926
-631
-490
-930
-476
-978
-829
-718
-617
-1082
-387
-992
-721
-667
-784
-988
-376
-1217
-1159
-972
-793
-978
-752
-1191
-723
-719
-821
-1099
-394
-451
-323
-363
-652
-838
-88
252
124
352
166
305
266
409
588
622
400
410
90
315
699
867
900
523
203
357
612
784
726
471
81
452
530
455
598
565
193
378
466
645
591
371
181
336
310
280
281
215
-491
-951
-758
-427
-525
-633
-311
-611
-836
-1005
-897
-448
-346
-915
-1052
-918
-811
-350
-323
-683
-1095
-986
-812
-504
-231
-543
-869
-883
-813
-416
-199
-396
-730
-673
-613
-355
-300
-512
-694
-865
-741
-777
657
921
943
921
1032
1083
335
514
620
554
518
530
364
754
987
937
1131
512
214
275
508
562
545
441
183
366
522
544
669
504
221
276
331
499
295
368
195
281
266
66
169
110
105
12
-114
124
340
380
99
-141
-62
-120
-375
-61
20
-326
-455
-194
133
-188
65
32
-250
-87
-85
-145
91
-309
-162
-430
-266
-98
144
-143
-321
-92
-11
-192
53
-74
-292
-311
-68
-29
-621
-403
-342
-396
-290
-184
-462
-417
-127
276
-172
-157
-540
-381
-184
-308
-263
-312
-621
-385
-99
-224
-289
-321
-425
-185
-499
-410
-337
-269
-413
-278
-118
-220
-255
-229
-548
-388
-308
-152
-353
-211
-272
-116
318
367
423
52
-824
-567
-485
-357
-361
-568
-482
-585
-449
-350
-481
-571
-527
-577
-388
-616
-530
-624
-417
-576
-601
-538
-389
-512
-583
-747
-667
-523
-479
-606
-716
-619
-637
-690
-556
-465
-177
359
636
424
122
66
-103
158
131
171
474
145
85
564
643
711
692
72
-120
106
447
417
260
99
44
394
386
500
598
189
-186
-169
127
0
0
-84
-275
48
25
27
-158
-153
-796
-723
-677
-904
-734
-895
-492
-429
-229
-302
-380
-246
-560
-403
-655
-540
-406
-490
-750
-592
-726
-431
-284
-544
-699
-571
-319
-644
-609
-424
-681
-553
-298
-207
-273
-543
-794
-578
-617
-640
-846
-542
-514
-546
-749
-379
-409
-676
-148
-482
-364
-113
-62
-375
-298
-441
-399
-433
-486
-504
-271
-382
-702
-629
-500
-439
-208
-219
-450
-540
-527
-177
-36
-266
-419
-314
-363
-377
-233
-460
-574
-511
-639
-549
689
742
653
363
296
444
405
489
452
403
175
212
498
381
158
246
210
508
289
203
-27
-4
159
399
359
414
288
63
-189
347
362
262
338
238
364
346
317
131
333
221
358
252
179
4
76
57
56
101
22
242
163
158
378
461
153
239
597
392
283
417
154
424
445
319
419
603
195
273
285
464
466
438
210
340
455
363
468
434
243
325
183
339
515
522
-437
-600
-387
-226
-162
-616
-242
-235
-325
-276
-302
-409
-201
-351
-486
-839
-659
-282
-230
-190
-359
-552
-760
-433
-193
-220
-253
-316
-445
-293
-192
-167
-232
-319
-399
-141
-273
-437
-555
-429
-384
-198
-52
-188
-163
-232
-15
-176
-639
-894
-712
-423
-655
-923
-524
-681
-646
-771
-1077
-1334
-500
-1023
-1080
-927
-1047
-1143
-584
-1068
-960
-670
-972
-1157
-533
-1008
-906
-823
-881
-975
-399
-562
-529
-506
-605
-719
93
1
-151
-451
-87
175
284
434
498
746
705
829
204
251
411
404
739
829
244
531
527
481
380
715
240
370
608
375
366
632
275
607
450
511
477
670
500
484
173
435
484
776
-254
-57
-202
-209
-248
-249
-252
-87
-92
-200
-100
-64
-296
-91
-323
-404
-2
-62
-451
-306
-142
-247
-316
-162
-337
-186
-261
-216
-423
-277
-353
-283
-205
-148
-286
-321
-223
-141
-297
-265
-408
-178
168
-26
-413
-137
-59
21
557
523
878
845
869
662
546
459
829
822
943
803
525
569
743
924
802
835
504
447
698
974
877
766
391
760
940
647
750
744
551
912
790
907
654
599
54
556
589
337
129
376
381
859
769
1060
979
898
380
980
931
1192
1093
1010
216
960
1014
950
1041
1099
536
1058
1244
1046
952
1175
341
959
848
779
956
977
339
968
857
839
695
915
-55
-295
-257
-201
-290
-558
-340
-145
-277
-335
-591
-234
-503
-285
-220
-382
-373
-381
-312
-169
-218
-164
-249
-411
-508
-191
-353
-501
-494
-371
-264
-366
-70
-186
-227
-293
-442
-264
26
-37
39
-131
-170
-123
-31
16
11
39
-73
-251
-254
-173
-4
-173
-274
-282
-186
-149
-159
-95
-98
-69
-298
-111
-172
-270
-99
-55
-342
-160
-261
-153
-182
-184
-149
-104
-217
-228
-172
-168
-344
-356
-324
-421
733
537
450
464
450
686
232
-238
90
245
-46
-58
182
-185
76
15
41
99
316
-183
-103
14
75
181
250
-19
10
135
240
47
284
1
244
261
184
119
537
413
154
291
328
189
-115
-427
-298
-122
-489
-459
-301
-30
-66
-27
-247
-182
-548
-272
-188
-435
-74
-198
-520
-144
-5
-58
-222
-232
-583
-282
26
-80
-197
-305
-247
-108
-29
-38
-2
-31
-205
-8
-20
310
346
160
461
613
483
248
361
610
421
656
822
946
908
611
544
508
699
579
708
595
465
577
848
851
817
491
553
419
336
650
625
466
586
456
524
491
708
646
413
618
690
587
608
395
140
188
250
384
272
158
53
147
164
292
202
216
-196
181
229
272
354
-148
-76
48
-42
76
121
-130
27
128
28
-283
124
144
34
-6
308
370
309
-65
-106
93
151
306
293
-4
164
237
222
104
72
154
64
210
129
111
89
101
-11
142
244
-70
158
41
252
379
335
204
228
71
1
271
298
534
170
-140
141
150
91
-23
212
88
161
214
100
250
354
285
-185
28
-193
-40
34
75
-74
535
284
221
285
385
-51
334
250
-1
133
255
-215
453
449
112
86
544
-135
188
116
309
438
396
-101
214
126
69
116
285
-322
-162
-144
-46
20
251
409
96
-78
267
254
388
581
386
384
226
-185
114
530
130
144
274
326
642
632
427
377
345
401
582
517
580
769
409
341
529
806
778
515
508
638
682
482
626
595
449
638
629
-385
-421
-98
-3
-98
-595
-411
-953
-687
-513
-608
-740
-455
-674
-617
-636
-748
-756
-463
-824
-1110
-1002
-803
-837
-362
-810
-934
-972
-917
-707
-375
-633
-661
-547
-740
-687
-395
-658
-656
-642
-663
-713
-32
422
506
205
132
286
349
418
591
755
519
503
375
584
641
389
581
475
504
501
757
668
581
523
375
597
521
529
651
580
450
633
572
460
515
484
238
324
437
520
287
354
419
742
828
976
851
804
178
439
210
159
59
265
196
71
232
406
219
66
186
53
188
226
233
286
127
88
275
362
195
126
258
233
234
377
191
255
172
123
182
41
17
249
-257
-450
-514
-473
-635
-652
123
341
463
282
202
-80
351
102
250
357
199
71
240
37
312
442
145
23
151
54
185
223
218
-147
102
187
558
429
229
49
82
295
446
594
534
199
528
387
463
705
672
534
295
242
237
20
172
154
314
-35
159
114
187
-19
434
-19
41
63
192
105
228
130
81
60
176
94
322
238
444
420
278
402
323
383
330
494
449
517
-328
-343
-414
-683
-626
-478
-490
-197
-360
-475
-171
-65
-271
59
-247
-368
-224
-53
-308
1
-29
-160
-206
106
-215
211
290
-105
-15
50
-416
-113
-335
-322
-294
-108
-177
-17
-128
-39
-118
107
-84
-380
-408
-239
-378
-385
-262
-544
-672
-570
-509
-702
-74
-493
-619
-494
-512
-611
-164
-682
-367
-320
-305
-570
-137
-609
-639
-429
-723
-598
-105
-413
-383
-516
-352
-547
-42
-246
-210
-366
-435
-346
-307
-431
-106
164
-147
-109
-348
-1010
-1035
-924
-585
-696
-300
-585
-300
-379
-301
-352
-206
-556
-527
-541
-623
-602
-192
-551
-500
-543
-519
-234
-281
-569
-165
-137
-671
-603
-340
-557
-471
-676
-747
-867
583
419
138
224
485
817
662
778
652
515
625
1071
579
903
971
798
867
746
506
1145
1097
949
778
941
473
934
1163
769
582
967
648
908
754
525
729
761
657
772
772
883
1063
1034
91
483
239
-151
294
582
-69
345
506
341
392
419
-55
145
476
683
841
631
28
377
356
728
583
498
79
278
484
287
443
471
274
483
397
766
691
493
103
610
453
535
477
746
58
-3
-296
-318
-156
-349
58
80
136
-1
-70
136
249
-22
93
150
148
-54
114
-79
-91
38
-60
-127
253
42
-134
-265
-51
108
365
80
182
149
92
188
106
-32
57
-130
-172
-267
348
2
-162
20
-7
206
-11
-421
-457
-272
-207
-118
202
-292
-578
-575
-475
-222
98
-414
-492
-557
-444
-156
220
-169
-457
-518
-368
-227
96
-427
-416
-116
-271
-120
-37
-602
-653
-404
-333
-180
-891
-1162
-878
-854
-1004
-1162
-890
-901
-848
-529
-777
-1069
-839
-1229
-939
-1244
-1331
-1084
-973
-1264
-1006
-1001
-975
-1171
-996
-1059
-1220
-899
-1114
-1229
-1045
-879
-639
-978
-780
-963
-1047
-1010
-870
-749
-841
-1259
698
341
440
417
258
250
597
65
205
381
-11
66
672
-210
-232
11
209
478
615
228
214
-167
17
345
557
-2
96
109
35
43
626
408
390
450
520
328
473
131
231
315
193
10
-99
-182
-179
12
-35
-147
138
37
-24
147
112
-72
367
352
367
81
40
26
386
38
-179
86
55
113
304
196
52
23
81
73
309
255
313
207
56
247
263
-20
-50
-116
13
4
-406
-451
-435
-448
-253
-117
-295
-312
-298
-260
-413
-286
-366
-297
-177
22
-198
-278
-455
-587
-621
-263
-48
-263
-514
-197
-190
-86
-236
-268
-459
-547
-441
-479
-265
-315
-382
-445
-439
-331
-479
-524
271
291
310
-28
-38
386
264
164
51
-43
-346
-5
-224
-522
-208
-348
37
106
-28
68
8
-125
15
141
-261
-199
-94
-31
25
13
-53
194
231
217
167
46
478
498
470
440
493
492
142
85
139
158
26
58
190
-50
-78
-198
-394
-27
53
56
-50
-39
-439
-81
75
88
-117
-259
45
191
-75
-19
-194
-287
-164
23
-57
-71
-166
-96
117
238
112
-21
-260
-245
-119
198
-554
-461
-374
-50
-119
-449
-394
-116
347
556
113
129
-355
18
-213
-269
183
-44
-230
69
69
-32
-74
-487
-243
101
-394
-311
-317
-332
-399
-98
-24
-219
-42
-394
-401
-528
-352
-412
-295
-687
-172
-338
-65
-375
-252
-396
134
558
640
647
499
598
24
277
554
375
281
434
18
534
723
576
504
369
146
397
374
518
393
304
116
481
459
571
688
515
117
386
536
734
654
484
-266
-481
-452
-317
-81
-376
-439
-727
-532
-300
-137
-498
-466
-645
-477
-401
-366
-736
-453
-760
-845
-629
-622
-849
-323
-759
-769
-840
-493
-625
-442
-850
-723
-747
-909
-924
-419
-725
-725
-694
-871
-983
-601
-883
-396
-311
-343
-466
-561
-425
-564
-646
-675
-369
-303
-249
-488
-505
-410
-189
-412
-302
-512
-335
-355
-130
-376
12
6
35
-415
-179
-314
-8
-102
-402
-238
-120
-504
-283
-354
-390
-231
-138
-248
-352
-360
-386
-514
-315
33
-38
-78
53
144
70
-181
-39
-233
-90
-152
195
-266
-11
-229
-280
113
201
-129
2
-65
-19
-75
261
-93
-159
-413
-302
-177
-214
-105
-165
-351
-388
-233
-52
293
159
277
257
171
182
277
247
71
9
255
-95
231
192
19
288
-124
3
126
27
118
75
154
227
195
14
121
112
40
274
87
-48
122
273
134
47
117
86
463
310
254
204
-123
19
-81
-34
132
384
303
241
39
186
382
521
347
597
419
238
151
341
477
500
417
404
220
614
206
728
637
480
218
559
339
603
622
395
405
441
465
479
355
456
550
639
-253
179
186
44
-23
93
-43
120
-9
-64
268
530
141
531
170
174
100
98
164
342
177
119
190
363
130
310
246
182
288
410
-122
12
-150
-45
35
317
80
42
83
6
29
406
-246
-335
-120
-47
2
-221
-59
-492
-386
-58
-147
-157
95
60
-179
-406
11
-260
-33
-533
-341
-224
-251
-348
50
-306
-377
-313
21
-310
-193
-381
-154
-2
-334
-169
14
-398
-286
-411
-430
-485
101
258
475
79
174
361
-181
-244
-187
-87
-188
-297
-163
51
-462
-643
-376
-361
-74
-207
-686
-802
-703
-555
95
-185
-389
-455
-394
-411
-235
-552
-861
-507
-736
-396
-9
-477
-584
-722
-556
-447
-210
-603
-723
-358
-422
-616
-508
-468
-363
-582
-934
-796
-320
-723
-634
-681
-816
-811
-444
-743
-880
-653
-643
-886
-356
-816
-525
-662
-858
-907
-371
-495
-307
-216
-469
-538
-357
-615
-617
-438
-617
-596
-44
74
373
469
522
467
66
173
493
548
666
490
105
443
658
369
222
413
135
580
505
514
456
576
194
283
327
247
239
475
262
721
779
611
627
550
462
824
803
951
877
495
