0.081410
-0.679823
-1.430804
-0.180718
-0.431916
-0.910826
-0.192493
-0.660883
-1.079245
0.291918
-0.144513
-0.188159
1.145025
-0.386147
-1.456504
1.431001
-0.042826
-1.057643
-0.535662
0.423793
-0.534071
-0.733950
0.010668
0.525710
0.428903
0.585218
0.156987
-0.033673
0.017302
-0.062310
-0.380385
-0.176146
-0.186537
-0.627156
-0.230014
-0.024509
1.484785
1.853511
0.743674
2.074550
2.158858
1.013722
-0.283717
1.224304
0.034493
0.169390
0.486336
0.199816
0.084270
-1.802576
0.205045
0.080502
0.379299
0.116199
-0.288214
0.090696
-0.157241
-0.766347
-0.556854
-0.192664
-0.467309
-0.103877
0.148373
-0.191477
-0.210386
-0.047216
-0.498187
-0.540478
-0.302553
-0.082182
-0.392048
-0.220237
0.384792
-0.027460
0.190443
0.705885
0.348193
0.363126
0.083060
-0.121812
-0.229089
-0.492456
-0.173120
-0.420042
-0.383957
0.009491
-0.492728
-0.523046
0.112230
-0.094386
0.122082
0.245954
0.230133
0.221179
0.434103
0.477788
-0.039406
0.249135
0.239456
6.024151
1.292691
-1.940552
1.276136
-1.487760
-4.301324
-0.464929
-0.518303
-0.019773
-0.379450
-0.354780
-0.472176
-0.242838
-0.264240
-0.400894
0.073552
-0.110525
-0.080488
-0.018656
-0.331005
0.126363
0.188569
0.247811
-0.593561
-0.144178
0.704140
-0.002307
1.359794
-0.245533
-0.253974
0.496912
-0.662490
-0.736896
0.935439
-0.466241
-0.769725
-0.396232
0.515853
-1.544452
-2.591895
6.043643
1.027249
-0.764103
0.334152
-1.156206
-0.022451
-0.176360
0.037487
-0.297898
-0.404436
-0.122000
-0.022331
-0.318321
-0.249513
-3.133334
0.400960
-2.788644
1.695962
12.770303
0.669134
-2.078513
0.636494
-1.434957
-0.474638
-0.319251
0.277894
-0.570722
-0.471002
-0.189153
-0.148051
-0.358902
0.721550
0.796915
0.319460
1.048519
-0.466800
-0.896587
0.302481
-0.990450
-1.815782
-0.801613
0.057584
0.899347
-0.056184
-0.121197
-2.502991
-0.180861
-0.117803
1.570234
-0.159612
0.430159
-4.342989
1.229852
-0.023591
0.740426
0.418855
-0.050988
1.045185
-0.436627
0.053141
0.238095
-0.500429
0.543711
0.761370
0.461788
0.579812
0.343284
-0.024612
4.849674
1.409106
-1.727564
0.045276
-1.639647
-0.662638
-0.792464
0.122073
0.356347
0.065608
0.439515
0.386949
0.695564
0.425999
1.584442
0.615519
0.727796
0.808220
-0.257293
-1.559627
-0.227171
0.172041
-0.281799
0.223504
1.368665
0.747427
-0.270645
-0.194467
0.015717
-0.097791
-0.311014
-0.223353
-0.283176
-0.287811
-0.152109
-0.010320
-0.764671
-0.542264
-0.720403
-0.547187
-0.083110
-0.368087
-0.626045
-0.368585
-0.259755
-2.079132
0.526075
-1.450230
0.711059
5.209286
0.464205
-1.250686
1.238691
-2.114025
2.494525
1.236686
-1.082619
0.995509
1.029560
0.130571
-1.351909
-0.233468
-1.083750
-1.431181
-1.347833
-0.915675
-1.324251
-1.173852
-0.948517
-1.649366
-1.532018
-1.026994
-0.097557
-0.106565
-0.411138
-0.357672
-0.247743
-0.444759
-0.066797
-0.128263
-0.122441
0.010597
0.036503
0.010366
0.078352
0.265378
0.114933
0.024848
0.166411
0.098376
0.143118
-0.583391
-0.352071
-0.029085
-0.572172
-0.348887
0.312738
-0.222756
0.122731
-0.032827
-0.068014
-0.018341
-0.252275
-0.258492
-0.157343
-0.325165
-0.168690
-0.032962
1.715557
2.471996
1.563950
0.785461
-0.752824
-0.893947
-0.342614
-3.334922
-1.386859
0.191091
1.785316
2.935015
0.245938
0.843451
2.179282
-0.194437
-0.754034
-1.030894
0.636428
0.646787
1.051601
0.017986
-10.195477
1.888131
1.436630
2.333558
5.441229
-0.728197
-1.766032
-0.483766
-0.451867
0.121690
0.444922
-0.288651
2.330130
0.830816
-0.332497
0.672706
-0.676720
0.557507
1.778452
-0.105369
-0.504485
0.359853
-0.489218
0.819998
1.113797
1.263177
0.124443
0.074269
0.165617
0.583217
-0.060364
-0.359988
-0.797848
4.705185
1.403403
0.011009
2.582382
-0.569360
-0.038232
-1.687997
-1.786319
0.598185
-1.701174
-0.684786
-0.553424
2.388570
0.305866
0.143776
0.219560
-0.244444
0.622681
-1.550930
-1.501550
0.147644
0.466464
0.138079
1.070104
0.119700
0.518386
0.084465
0.148300
-0.113042
0.489428
0.413362
0.289557
0.089728
0.098950
-0.032145
-0.468379
-1.914473
-2.339281
-1.059136
14.374340
-0.401871
-1.520561
1.508622
-1.285559
0.361844
1.429114
-1.745403
-1.102561
1.467845
-0.138871
-0.020486
-0.930768
0.578960
0.620323
0.012609
-0.622014
2.800789
-0.231198
-2.665313
0.425849
-0.120651
-0.113677
0.120921
0.103766
-0.374770
0.053659
-0.203414
-0.708100
0.134342
-0.198098
-0.568143
0.184345
-0.620119
0.636088
-1.871717
4.170800
-1.884391
0.236075
0.564884
-1.378674
-0.220566
0.110424
-0.375307
-0.118981
0.050248
-0.281058
-0.200204
0.003548
-0.473940
-0.044501
-0.140197
-0.167704
-0.293274
-0.378713
-0.220354
-0.230750
-0.315690
-0.190629
-1.627200
-1.567825
0.324641
-0.725502
-0.115151
1.175596
0.050689
0.679301
1.604102
-0.343037
-0.305317
-0.174573
-0.576481
-0.245367
-0.064431
-0.453035
0.002168
-0.119217
-0.002765
0.321797
-0.164029
0.351170
-0.136700
-1.439897
-0.425071
0.844902
0.633547
-1.026812
1.991401
2.442534
-6.405018
0.247879
1.447147
0.960327
0.722295
-0.369031
-1.417877
-1.532475
-0.054896
-0.641297
-0.932296
-0.024218
0.490346
0.210415
0.945377
0.532186
-0.238765
0.090488
0.810507
-0.312593
0.572993
0.830411
-0.398318
0.257377
-0.192346
1.603619
0.563148
0.000901
1.175123
0.426987
-2.009784
-0.864022
-0.514675
0.390741
0.003155
0.313361
0.844897
0.791944
0.238452
0.553747
0.380926
-0.097046
0.072668
0.659557
1.129149
-0.858123
-0.123856
0.497698
-1.242378
-0.322170
0.123911
-1.100700
-1.670096
0.348632
0.455537
-0.567584
-0.458979
2.470081
3.253931
-0.631294
-0.221340
-0.262154
-0.050314
-0.253451
-0.317153
-0.153617
-0.057496
-0.054884
-0.030226
0.455501
-0.075038
-0.188237
0.006700
-1.500558
0.839830
0.062848
0.319371
0.044209
