186
93
428
952
43
423
118
110
204
2184
149
700
208
368
779
528
626
577
175
356
454
449
488
284
352
119
695
2
407
13
273
4
490
356
340
36
176
145
391
783
398
106
-333
-299
-431
-144
-299
-358
-241
-194
261
-260
285
7
-220
-73
-94
88
-71
-18
-330
-254
-133
-205
-180
-346
-335
-103
1252
2308
1400
216
-385
-341
-352
-381
-289
-375
-283
-328
-317
-100
-223
-134
-154
-147
-158
-143
-141
-157
-158
-125
-178
-200
-191
-167
-127
-116
-145
-105
-123
-134
-180
-186
-211
-206
-218
-188
-183
-215
-231
-246
-231
-209
-167
-177
-170
-177
-155
-162
-173
-189
-187
-177
-207
-161
-216
-285
-361
-330
-397
-236
-205
714
818
1890
981
603
-211
-48
-275
-170
-122
-184
-312
-415
-515
-581
-376
-330
-106
507
276
443
-147
-185
-167
-146
-80
803
51
527
-188
-172
-75
-199
-272
-52
581
728
287
1374
865
592
587
93
-119
-28
-163
-64
559
971
101
1671
-114
1058
405
900
-102
1639
-35
460
608
805
930
29
410
257
163
395
-112
507
-110
1099
245
424
453
706
-39
367
-42
-77
-61
-108
-61
-61
-15
75
-131
302
334
-128
-48
-18
-78
191
-140
-8
-50
327
-9
-65
-152
1314
-50
188
-115
132
-73
-186
-93
182
-235
201
-108
-241
-127
535
-148
-163
216
1072
-518
-267
-173
251
79
-293
-419
-58
353
356
89
415
-453
-199
418
-202
400
-45
-459
-322
-69
381
188
-290
-292
-148
-71
448
-133
-308
-408
-277
-119
322
-242
-378
-453
-357
-411
-407
-221
-429
28
81
675
33
21
447
25
89
1486
221
55
1287
50
75
34
382
189
1
20
88
32
319
282
220
17
109
165
366
718
368
108
18
290
845
210
93
160
55
166
1346
270
96
19
4
5
65
25
130
140
24
113
109
304
38
134
16
26
32
21
105
76
139
37
166
57
423
105
140
138
13
316
27
57
111
299
85
559
31
142
216
296
140
306
197
902
466
735
792
736
837
405
-92
-59
102
12
268
263
-73
-55
20
-29
-65
338
-202
-270
-87
-221
-6
221
-80
-87
-135
-64
247
724
-134
-124
-224
58
102
1058
438
769
420
1118
1197
349
415
805
855
926
898
757
730
142
-20
-13
125
473
304
114
236
446
1140
746
1043
607
895
411
526
376
-13
-12
-13
-1
206
753
885
-17
79
-14
859
437
533
815
278
724
524
286
273
229
69
23
192
427
347
712
41
572
64
482
67
60
443
53
276
375
343
1098
1249
1031
448
467
60
1090
1101
1113
129
435
502
227
618
347
13
274
469
309
127
51
16
-8
-28
-27
-68
-56
-37
65
-16
203
-4
66
-28
150
-34
-38
-93
-34
-70
108
-35
-26
-177
-62
-14
12
-20
-28
-107
-65
-43
-7
-82
-47
-69
-80
-47
324
335
350
543
607
586
230
748
1210
604
790
774
92
102
135
200
246
36
72
493
749
290
232
345
397
68
1274
32
1541
22
153
229
63
48
492
18
54
142
559
211
421
335
359
577
451
741
998
359
-170
-141
-188
-151
-154
-156
-217
-166
-242
-176
-169
-162
-47
-161
70
-75
-78
-68
-63
-393
-156
-532
-269
-363
-264
-376
-353
-463
-277
-294
184
1004
368
2302
-10
982
-154
-70
-146
-181
-255
-170
-42
-42
74
-76
-2
-15
-43
-15
106
333
271
45
-36
-50
228
-36
215
-71
-14
-9
-3
-45
-129
189
-52
430
-36
2138
972
-17
-81
-150
-166
-697
-203
306
-51
-204
-216
-196
-367
-365
-47
-86
91
-22
-113
414
-48
-100
-61
426
-94
-82
-48
-76
-124
-145
-24
-148
-50
-189
228
756
1145
-291
-48
-226
84
-256
27
-258
-51
-117
-374
-75
-210
-247
-52
-58
-233
-194
-229
-126
131
44
320
664
523
123
31
237
381
327
597
145
265
69
1031
732
1019
202
271
613
337
1191
402
521
260
44
172
857
285
225
177
876
696
1340
994
520
269
753
753
887
791
358
-102
-42
-44
-51
49
-84
-117
-149
-227
-217
-156
-155
-198
-40
176
1917
710
373
-124
-173
-167
-410
-234
-92
-170
-84
-445
-623
-626
-358
-187
-285
-243
-102
-311
-165
-338
-368
-352
-339
-272
-294
-42
-84
175
-91
-16
-22
-35
-78
367
-67
27
-13
-30
-59
1867
274
2106
-31
-29
-132
2968
-371
3344
-115
-44
-152
1036
-325
1209
-96
-32
-61
-11
-72
-1
-49
-16
64
-66
310
-49
-2
4
157
239
203
266
188
131
205
124
194
273
347
91
341
806
724
809
1013
283
196
305
802
649
734
427
416
292
253
139
198
22
923
362
1082
85
1247
111
384
427
525
547
530
1082
773
167
448
245
234
1061
687
104
203
361
240
1052
981
1468
1430
1655
1033
702
77
430
364
407
169
443
126
581
748
561
18
1319
1168
1515
1658
1423
796
825
667
642
956
882
963
-65
-66
-51
-64
179
-107
-78
377
-36
1461
-91
887
-106
152
-110
31
-175
-23
-108
-3
-8
-53
-36
-31
-60
-49
-13
-31
510
-85
-51
-79
309
221
542
-33
-69
-84
-47
-77
-86
-125
661
450
-39
38
-58
97
-5
-99
-275
-280
-332
-43
-62
-111
-191
-288
-231
11
310
-76
-5
-235
-72
-54
371
-182
1171
-732
1016
-165
507
-131
1664
-514
1629
-92
883
181
989
260
907
227
72
6
19
39
30
16
165
9
4
24
20
31
8
18
23
11
31
9
27
73
125
162
141
92
13
28
61
53
59
18
85
80
194
183
97
310
15
43
72
89
67
21
268
249
649
100
14
658
222
299
446
1194
981
0
205
35
877
1088
1508
21
2
20
4
12
21
156
262
19
301
173
632
395
22
37
89
460
38
248
18
85
870
1115
826
157
6
80
101
438
7
230
5
248
6
708
40
310
9
769
141
19
468
978
3
164
0
6
8
1272
4
3
683
3
0
9
2
9
347
67
325
11
361
369
295
249
335
269
128
106
76
62
5
90
169
186
60
292
5
268
108
52
58
119
59
8
131
79
77
40
80
88
170
14
282
74
207
152
541
455
471
1592
781
1176
170
266
371
333
257
236
1002
842
327
449
457
820
892
779
872
632
1090
884
472
179
385
453
394
24
891
1054
853
1040
1135
1040
641
15
163
238
150
215
920
1090
594
485
696
1261
1075
1298
1557
989
1482
1423
-235
-216
-154
-151
-174
-226
-196
-193
-98
-113
-98
-170
-179
-47
404
-72
484
-86
-193
-36
542
1319
444
-65
-213
-102
372
-82
440
-111
-129
-256
450
55
685
-305
-173
-156
-161
-149
-66
-56
-178
-111
-67
-151
-82
-196
-308
-64
-155
244
79
-141
-344
-211
-16
-3
262
-266
-201
-87
564
-35
678
-40
-156
-190
-7
-24
139
167
-200
-242
-146
-172
-39
-272
-302
-178
-206
-199
-147
-330
-58
201
-38
369
46
-1
-146
-168
-179
-75
-54
-138
-32
-30
93
-95
487
-42
244
90
275
-109
690
-18
246
19
801
615
859
88
186
203
694
1274
197
-29
-56
-121
-175
505
-198
-156
267
778
1005
1842
1328
579
14
59
66
85
66
86
40
70
75
91
62
66
88
1501
1224
2629
811
1115
62
33
128
100
85
44
27
8
264
3
11
64
3
10
11
638
392
192
368
222
334
588
420
214
194
-5
-8
-21
91
9
247
-3
-36
-65
-39
-4
393
486
927
345
220
-1
110
749
2195
2622
2600
1042
45
95
-2
-17
138
711
-8
-20
-16
-28
-22
-20
-61
-41
-18
-157
-103
21
-58
24
648
178
64
475
-32
-164
-97
-281
-241
-203
631
-57
1764
-174
1693
-103
-93
-191
847
-281
954
-250
417
-96
-60
-573
-107
-144
-72
246
1767
53
1425
421
95
110
179
190
242
215
90
120
162
303
320
141
3
28
0
104
76
32
184
304
253
319
126
245
232
9
235
94
163
42
156
63
123
367
54
626
407
236
219
223
525
329
230
42
340
352
375
282
292
50
221
220
504
576
68
180
126
11
457
645
30
296
39
218
60
243
27
200
208
6
33
54
80
170
315
389
214
131
159
111
13
11
72
79
-348
-263
-111
-46
-120
-272
-320
-325
-470
-483
-393
-335
-336
-319
-108
190
-25
-304
-363
-209
214
690
540
-38
-335
-280
-161
-43
-110
-216
-333
-334
-293
-390
-240
-247
-272
-141
-91
116
123
-150
229
160
329
71
535
240
229
243
309
149
473
262
74
1110
359
314
559
1099
53
1258
210
521
875
1739
234
186
462
646
214
275
82
89
873
321
449
244
93
102
538
166
425
20
84
136
10
103
54
91
212
425
126
207
217
154
290
153
196
61
199
24
477
216
371
35
341
49
528
308
156
58
214
160
452
224
99
67
195
317
472
54
256
16
152
155
-375
-290
-246
-224
-275
-343
-350
-211
155
575
383
-126
-239
-124
-123
-100
162
-5
-248
-159
-181
-179
-276
-334
-301
-5
388
287
156
-84
-371
-143
310
426
25
-263
-480
-470
-427
-424
-478
-470
110
132
86
109
17
81
145
76
771
338
820
10
219
239
889
781
953
167
47
99
108
490
207
49
165
215
19
557
21
22
76
57
156
42
45
101
65
25
39
33
51
27
840
1131
1430
1614
1404
978
1156
1648
1918
2143
1760
1162
1078
1971
1903
2247
1712
1558
1154
1882
1590
1987
1260
1365
1000
906
20
37
77
635
580
291
9
77
68
103
513
80
58
627
31
109
-6
-6
-6
-6
-6
-6
-6
-6
-6
-6
-6
-6
-6
-6
325
-6
216
-6
-6
-6
1549
-25
1614
-6
-6
-4
416
1388
443
-6
-6
30
-7
11
-2
-7
-6
-4
15
-2
-2
-6
143
498
431
1356
876
555
139
258
317
581
861
384
98
459
477
1208
661
184
244
490
927
711
664
465
18
57
402
223
273
23
90
380
449
791
430
476
76
187
254
76
656
59
1017
1019
779
671
733
1241
349
71
154
227
202
5
781
713
748
51
702
932
539
75
212
305
201
188
888
762
1401
885
1125
1076
907
553
34
35
404
1218
1060
1121
1067
1480
818
1163
10
3
112
-74
-9
-4
39
17
322
-86
-33
74
68
418
-3
784
-90
680
56
660
-68
1960
-122
1224
241
295
44
1219
-23
906
337
46
73
-6
-11
417
176
257
99
-35
206
248
176
43
364
739
569
21
50
68
76
482
426
20
3
232
260
941
430
148
897
1205
3377
1798
3723
1010
518
129
446
495
783
362
89
115
307
98
246
413
381
383
48
249
788
101
106
-51
24
1082
505
-119
-2
-172
5
251
-31
-199
-54
-264
-232
-472
-344
-286
-264
-436
-376
-440
-276
-129
-144
-132
680
2226
1041
355
-126
20
-453
643
-334
831
-400
-366
-702
-778
-900
-274
-32
-28
-19
9
27
-19
-38
-18
374
344
-2
512
-31
-18
1185
1327
1851
789
-52
-26
-34
1134
331
442
-57
-89
-53
206
1182
295
-63
-103
-72
-81
733
632
-63
-89
-100
-137
-100
-73
-284
-269
-232
-261
-193
-277
-212
-123
95
187
187
-70
-228
181
78
1156
233
358
-276
300
672
1199
831
231
-273
264
357
987
265
-3
-213
318
479
1230
832
408
-254
306
-35
1097
130
379
200
477
575
664
754
513
101
332
93
304
67
336
224
570
530
444
665
705
174
563
821
727
1040
739
171
425
514
196
298
269
63
634
384
348
37
124
236
200
352
67
631
74
-296
-311
-282
-335
-289
-369
-319
-291
-334
-401
-416
-405
-289
-171
-141
462
-91
-64
-174
-163
-384
-362
-301
-56
-294
-52
-151
3268
-75
-151
-174
-63
919
-160
-32
-322
-187
-256
-50
293
-104
1073
-83
-73
-72
-70
-71
-76
-10
-23
429
654
297
137
51
217
927
524
1223
60
-94
36
-58
120
249
-87
-101
317
-8
694
-121
879
94
200
493
122
865
-17
-51
-125
1
-108
-69
-47
-359
-424
-341
-463
-423
-345
-465
-278
-509
-434
-362
-495
-403
-386
-283
-249
-272
-18
-277
-64
422
-289
953
-249
-271
-42
293
827
694
199
-275
160
700
258
805
523
-221
5
493
668
439
-211
-423
-112
294
199
393
377
-358
-481
-445
-255
-301
-439
-487
-360
-395
-357
-322
-343
-256
-436
-333
-434
-323
-464
-487
-369
-162
174
-155
-347
-410
-210
-45
559
-166
-436
-467
-455
-464
-363
-200
-205
-37
-50
-44
-43
-55
-46
-44
-44
141
306
159
-19
-51
-61
-11
-17
-8
-43
-58
-94
-151
-175
-161
-82
-50
-72
-71
-56
-58
-44
-38
-55
-49
-24
-13
-12
-24
-26
-52
-16
-31
28
142
197
16
540
293
107
290
234
147
835
127
61
275
473
137
1433
766
382
316
92
58
3241
78
25
329
241
1681
3530
1866
5
273
360
59
2516
159
307
228
253
34
263
170
199
24
17
9
77
63
296
54
25
35
68
350
97
21
11
22
103
69
148
25
55
66
90
55
63
35
54
15
583
33
273
27
38
126
51
104
48
21
6
807
189
714
304
-207
-151
-125
-156
-110
-173
-122
-212
-121
-126
-85
-134
-245
37
-145
754
36
401
-192
-26
84
504
28
-35
-242
-59
702
804
1338
241
-215
-223
190
191
568
-79
-264
-257
-297
-274
-362
-340
-477
-214
195
-347
-316
-326
-468
-346
-171
-135
-137
-331
-549
-427
-342
-83
-308
-300
-436
-162
-31
113
230
40
-445
-471
-198
-431
16
-516
-435
-347
-245
-335
-220
-475
-555
-537
-554
-524
-571
-569
395
577
609
612
613
384
141
501
915
845
1001
236
250
208
578
436
584
219
18
326
245
821
925
812
563
1384
2330
2806
3198
2038
34
8
124
78
347
120
74
86
107
120
61
146
268
118
201
272
194
252
769
752
854
393
1511
364
823
45
319
68
114
688
362
354
48
491
222
131
1038
1072
217
2197
32
1713
242
125
226
44
248
302
329
507
195
447
457
364
117
164
388
517
473
356
240
311
641
755
797
517
373
575
1054
1004
1203
655
680
923
1781
1157
1531
510
579
678
1241
471
1069
355
176
30
345
899
512
191
61
387
926
1231
973
334
-1
-1
-2
-4
-3
-2
10
36
-2
-4
-4
-2
221
907
2228
3449
2230
1075
11
-2
-1
-2
221
-1
-2
-5
-11
-18
-10
-6
1
28
43
-2
-1
-1
-1
19
60
127
58
29
-14
-8
-13
-3
-5
-11
-6
-6
140
-30
-98
-90
9
-4
150
118
428
217
89
183
103
305
626
1326
-54
-93
-103
-89
-62
-50
87
-7
131
158
-16
-40
-10
480
198
118
-26
34
46
169
71
278
132
15
42
21
59
16
56
70
123
155
261
230
269
155
22
106
1243
514
1515
17
163
105
12
363
473
113
95
16
267
202
288
103
3
16
38
21
8
47
283
265
310
413
369
283
145
96
112
13
10
141
291
95
105
178
162
78
8
45
412
556
500
430
420
65
145
183
47
26
1
43
37
130
125
34
239
320
441
1157
1650
432
184
406
543
146
32
419
2
704
372
113
161
531
357
702
362
149
488
540
381
373
1130
110
761
406
205
155
154
447
44
598
141
291
998
558
1097
819
297
137
1304
568
1524
712
-293
-409
-370
-281
-264
-533
-255
21
538
1126
784
218
-254
-17
-376
-121
-248
-27
-263
-232
37
-115
254
-210
-269
233
213
876
200
13
-141
121
1348
1269
1380
268
-277
-209
-142
-17
28
-83
-86
-69
-51
-18
-61
-107
-16
26
-36
-43
-59
-29
-30
-143
-242
-286
-70
173
-95
-14
13
-85
-78
-92
-59
-24
90
660
-49
-135
-162
-193
898
1056
1569
-26
626
1406
1604
895
1434
1088
-289
-274
-274
-270
-192
-341
-261
-217
-242
-223
-235
-320
-235
-100
-133
-9
-203
-227
-273
-69
-162
504
-54
-7
-234
-99
-98
63
-149
-111
-200
-128
316
371
333
-26
-218
-229
60
-117
162
-190
-323
-246
-77
447
263
-278
-346
-317
-63
521
44
-276
-261
117
131
1407
-96
-26
-369
212
854
159
298
979
-413
-572
-716
-470
-453
-618
-371
-389
-190
26
-134
-350
-318
-339
-340
29
-389
-253
217
98
207
16
132
239
237
274
352
757
602
152
140
147
72
6
8
62
10
203
169
158
73
70
77
689
548
1182
466
346
126
476
236
822
20
122
175
22
257
263
198
49
-77
-46
-115
-47
326
210
-57
-7
1
-116
-229
-27
-48
105
61
159
-102
-159
-13
422
-68
-123
-124
777
-18
-68
-133
-118
392
78
62
-120
634
-22
62
-130
-175
-266
-320
-326
-350
-277
3
34
72
98
90
53
21
264
1006
1722
984
816
132
41
8
389
229
39
27
69
89
187
109
90
20
8
363
1214
1398
777
544
1315
1042
67
415
1069
3
26
44
60
62
99
67
44
69
82
68
85
7
341
203
86
170
3
11
35
7
41
10
17
1
3041
73
4925
43
2506
12
36
125
172
152
91
9
51
557
51
671
65
16
391
1731
121
1570
237
-445
-441
-352
-525
-407
-510
-434
-402
82
-275
-3
-472
-335
-213
-74
-223
-117
-386
-422
-192
535
399
1090
-221
-471
-357
-50
-60
865
-161
-450
-178
13
416
386
-213
-317
-199
348
-36
678
-264
847
483
478
651
577
530
509
50
109
225
242
401
302
99
132
505
553
163
324
221
1
504
721
584
397
35
634
679
646
405
315
89
244
1071
1101
905
717
722
664
704
543
664
83
910
357
189
31
508
268
833
542
643
1333
102
374
638
767
48
1065
645
383
1855
146
259
455
2096
209
485
231
92
333
459
127
602
714
84
620
696
202
54
172
229
328
84
73
150
172
42
88
180
32
268
538
715
494
193
78
15
153
288
107
47
144
7
3
696
28
243
275
607
660
1209
561
610
268
481
1332
1192
1564
529
57
58
73
89
49
136
224
113
24
48
54
28
4
27
59
91
84
46
363
1544
1552
2200
2047
1943
21
87
188
190
210
165
412
668
634
929
1127
902
109
47
168
196
494
379
109
13
99
20
6
36
705
530
265
211
98
80
338
245
405
438
590
332
254
207
426
479
393
429
386
296
278
110
159
49
652
743
88
468
472
149
481
577
527
273
48
168
154
216
3
261
53
216
-148
-165
-159
-130
-145
-160
-188
-101
-102
434
-73
117
-65
-76
943
1095
1850
545
-21
-57
1216
40
1775
317
-71
-29
99
137
239
-75
-143
119
704
1151
750
205
-145
-89
22
337
24
-99
51
58
60
283
114
464
196
-8
428
-1
400
-3
101
-24
-4
-29
-5
-14
-12
-14
-83
-5
-71
146
-13
-13
-5
-33
-8
32
-10
-37
-37
-38
-19
-11
-22
-27
-5
-40
88
-6
293
292
344
695
302
353
159
578
642
301
284
758
132
246
2
367
94
471
83
431
1512
1595
1639
309
406
37
639
115
306
381
548
296
631
2244
673
331
202
61
555
50
1
346
82
73
97
1374
750
152
67
190
732
1355
1813
374
129
59
315
1187
63
704
106
129
81
2008
354
0
112
92
2543
245
2797
46
37
114
476
2
5
60
22
230
82
330
138
407
336
515
463
117
70
154
658
841
850
443
300
422
624
610
394
124
41
12
495
152
14
305
6
35
237
294
137
313
42
374
205
354
351
335
252
636
182
310
257
194
149
338
337
604
476
77
385
546
442
102
722
351
861
618
24
626
226
169
377
286
78
327
580
482
1579
187
95
57
371
305
892
96
18
163
6
176
131
54
86
129
219
369
128
329
-52
53
-32
-18
-118
399
-83
41
-86
-7
-158
195
-95
247
-355
1403
-407
911
-37
517
-168
1356
-206
822
28
1147
-69
2262
-249
1349
187
66
686
31
-35
580
251
-42
1162
-17
366
410
75
-76
22
-38
5
-29
-109
409
-52
-154
-124
1587
-36
66
-305
1643
-371
27
-109
-382
1371
-767
1006
-575
244
-28
-558
1352
-530
-52
-113
-162
798
-516
-178
988
-71
40
-256
-96
-5
-221
63
104
41
65
73
35
69
115
171
347
259
109
43
96
38
135
63
59
54
84
386
137
388
2
154
131
171
161
171
47
112
164
68
3
12
324
47
602
283
569
718
305
20
25
122
177
142
104
861
1684
2115
2132
2048
1581
218
421
485
570
417
152
303
475
308
195
215
101
473
217
78
281
5
69
159
14
155
189
54
372
34
146
8
0
41
257
113
-4
-4
-6
-4
35
288
192
172
185
229
217
240
557
1079
-1
1333
389
330
-13
646
-79
636
-13
270
-5
-11
-15
754
-26
269
698
-5
1756
-1
179
256
444
-33
926
-15
-2
-26
-30
-18
170
217
-19
-18
-18
-32
-23
-36
-26
-26
-14
-22
-19
-33
484
-14
291
395
2442
436
262
-24
-21
-47
-4
-67
-40
-46
-30
160
109
-77
-28
-6
-9
-8
-6
-25
-33
1345
1137
387
120
100
863
1283
568
618
1166
1041
189
1103
9
906
1533
1605
698
1026
352
374
1088
901
250
1114
1078
184
213
420
606
1363
1042
218
233
23
793
1356
980
914
437
858
753
-137
-116
-113
-70
-109
-100
-24
184
382
-44
-27
-2
633
818
-5
-110
-10
-3
-29
42
-10
264
253
425
469
318
855
-48
947
-8
174
-31
-17
-107
-36
-79
50
119
-95
-111
-72
-40
-16
548
631
-12
-6
436
-30
-1
389
245
406
472
-44
-30
-33
-66
-76
-19
-51
-54
-64
-57
-52
-9
-32
277
348
-34
-64
-47
-48
-43
-67
-110
-97
-61
-45
-30
-25
-59
-55
-49
464
466
354
130
163
499
832
795
426
216
57
449
813
1371
142
296
282
301
409
1020
116
25
273
146
435
194
782
41
474
33
247
218
128
311
88
213
420
154
93
15
73
7
2
92
76
50
23
78
12
175
235
92
35
356
108
75
832
417
1605
315
69
820
1688
1682
2234
1104
100
576
2049
1342
2770
858
56
10
239
244
49
267
40
73
157
372
46
156
1253
1213
1213
760
1138
1024
1215
983
968
751
1093
894
990
502
252
-233
295
357
1173
846
1110
181
1163
778
1144
750
406
51
38
486
1300
1119
380
887
260
1313
1274
1314
803
1518
509
1188
95
212
377
515
457
220
150
480
1204
1759
1536
1050
69
509
1285
1559
1455
1040
141
413
738
962
715
427
222
539
493
14
569
691
63
18
597
778
771
33
124
29
64
40
104
64
6
41
6
99
2
23
115
566
512
61
482
666
2
607
318
426
167
363
129
986
4
158
144
1019
154
1829
2295
624
1953
2240
49
513
442
357
508
203
239
30
1057
592
1116
640
-52
-51
781
380
454
708
45
25
-26
-69
-100
-60
-40
-117
-93
-111
171
-228
134
-107
1025
-153
585
-84
214
-172
916
-80
1094
179
148
242
-10
791
289
-80
-124
-126
-232
-81
-265
-251
547
600
70
772
559
32
728
460
367
625
839
206
523
366
226
567
-59
614
502
252
506
157
428
226
516
436
27
438
325
315
647
781
506
841
297
490
487
299
392
239
379
541
210
108
-244
-224
-247
-65
372
-124
-173
-566
-378
-82
324
815
641
1074
1034
525
344
1017
1788
2837
1734
1301
182
76
1064
131
1037
11
227
237
-127
-70
-111
420
223
-25
-201
-109
-166
-38
169
119
90
46
149
110
273
23
146
92
104
117
147
180
275
19
289
381
208
99
169
36
17
220
359
443
155
186
98
511
158
46
367
248
307
540
370
41
163
264
67
285
283
275
542
904
744
500
381
357
518
585
456
31
173
399
432
174
346
317
675
1021
1298
1901
1164
950
184
520
433
902
329
358
457
641
856
930
769
822
25
60
243
127
228
88
218
242
33
135
92
72
93
371
592
1801
1267
814
58
287
554
366
515
38
274
511
1366
1243
1615
757
9
117
183
368
279
76
436
705
1509
1024
1248
267
125
131
91
92
27
81
46
24
654
885
723
109
27
131
10
41
122
15
103
254
292
345
259
122
164
367
309
225
105
81
202
419
87
62
44
228
66
77
731
312
25
130
88
88
131
152
236
82
66
134
239
167
171
322
3
209
14
243
204
57
18
133
64
87
10
121
31
23
62
47
126
35
35
24
111
22
138
37
35
86
62
27
121
43
15
69
56
102
86
60
72
3
334
532
613
426
353
257
1359
1428
1650
738
0
335
689
985
1310
762
74
517
839
1212
1282
762
69
457
288
443
963
874
3
9
21
506
161
464
140
9
4
98
1
487
557
-100
230
81
446
283
623
188
640
523
973
133
592
-38
2095
-185
2614
-77
194
-431
-258
-770
-81
-573
252
788
-421
550
-360
516
-56
716
107
196
442
1017
249
408
773
286
493
50
149
21
29
2
21
11
154
244
310
646
393
398
98
713
1056
2438
1191
1377
423
942
435
1014
1066
427
315
74
1087
945
884
219
297
274
920
44
298
256
88
313
308
43
179
600
71
47
110
155
172
72
516
51
163
257
356
87
6
224
117
297
185
156
40
103
262
351
654
436
99
42
12
119
70
51
8
411
611
781
607
281
186
33
18
15
51
136
-149
-245
258
2210
833
-151
-387
-324
-243
-111
-107
-125
-396
-232
-301
-863
-529
-274
-277
-152
183
-43
-82
-318
-266
-226
-124
-145
-47
-262
-216
-249
-433
-258
-348
-333
-325
-402
-397
-358
-387
-410
215
40
19
29
54
15
239
49
59
147
116
60
27
66
100
246
175
59
32
265
144
267
260
225
17
164
85
326
132
178
743
113
21
100
117
157
264
77
208
358
212
105
18
27
22
34
35
25
13
4
482
2240
367
2
6
12
43
53
23
5
4
33
57
120
50
34
2
756
1109
488
1074
1558
10
0
7
1
34
43
33
12
12
0
3
22
18
21
19
20
19
20
21
23
21
22
24
21
62
50
423
71
614
67
595
134
1162
127
1180
149
369
86
945
280
1200
278
546
1013
742
434
795
1058
34
393
1384
1618
700
18
116
195
61
48
46
35
78
155
691
1945
1535
39
178
453
983
1219
1013
733
78
16
89
38
146
394
53
539
1290
1526
1179
715
52
113
264
68
264
302
47
660
947
1099
848
734
309
544
757
985
907
482
510
949
1261
1559
1314
615
467
581
563
562
603
381
522
969
1031
1001
664
481
256
403
481
376
381
271
65
66
238
261
100
214
130
257
282
317
405
357
357
455
345
508
193
569
470
-29
912
-45
1008
-27
403
891
51
1099
61
1142
215
361
435
-17
164
434
552
679
103
1182
114
309
467
-19
502
-58
1420
-96
475
836
130
1582
-18
1064
203
471
943
199
564
225
26
314
702
1047
367
737
23
36
80
83
64
78
122
11
814
779
939
55
14
8
54
368
42
261
178
513
12
738
283
312
3
1
242
34
0
4
-24
-26
-77
-53
-92
-54
-33
-61
-15
-67
-23
-58
96
532
488
1376
871
372
-73
99
-59
1514
-35
-57
219
722
1005
803
623
699
-73
-173
670
-334
767
-140
233
463
29
987
-15
364
-259
-161
-212
-224
-133
-288
-180
-29
-104
-108
-121
-76
-109
409
121
515
-45
504
77
167
1425
460
1440
-70
-127
-4
741
-92
488
-64
-242
258
-181
1208
-190
349
-247
-342
-249
-408
-237
-303
659
-1
264
-22
-5
20
291
-5
-32
-48
-38
-14
968
1658
1213
3515
633
2131
199
-12
107
-65
364
-23
842
340
236
1013
399
990
626
147
570
-21
93
29
131
-6
-37
-39
-49
-25
112
69
-79
-371
-170
167
-183
-26
-238
-135
-67
129
286
102
-45
368
1189
536
-114
-269
-39
-115
-16
-401
-80
240
193
627
-267
-40
-224
-323
-202
-519
-139
-247
-102
12
-123
166
-88
-100
-257
-329
-323
-319
-351
-308
-211
-148
153
278
726
273
-46
305
982
-88
-27
1022
-22
112
-315
-298
-344
-176
-171
-200
-160
-262
-110
-150
-6
-57
235
3014
324
-9
-143
-195
-101
-8
-58
200
251
638
4
1690
889
5
51
0
110
1170
1113
3
5
0
5
1515
1
620
10
747
0
154
454
1540
4
356
1652
1
1573
488
2
13
1554
10
895
91
1
18
1074
4
0
3
7
11
10
7
9
8
68
26
92
289
59
4
3
29
21
44
19
27
128
834
1143
2175
1321
682
4
19
14
30
12
25
5
1
2
750
283
209
5
10
16
6
19
13
317
155
294
349
444
468
387
134
828
1157
880
482
482
422
724
227
514
437
577
616
2083
3206
3204
2134
388
400
496
0
1188
1215
193
341
591
326
425
30
360
182
474
659
402
302
171
9
904
220
733
564
192
317
10
795
56
1214
502
611
531
1999
412
479
51
71
1293
171
2018
61
557
564
1240
7
1090
706
18
14
66
1814
56
7
245
701
224
434
391
366
174
5
298
38
526
68
107
75
102
436
82
54
156
68
802
584
1423
373
44
35
104
1568
116
934
174
57
831
583
993
142
131
5
228
1364
290
97
222
126
156
346
207
286
-91
30
754
473
473
-65
-99
-72
923
-54
1212
-78
-75
-35
794
-21
831
-81
-111
-64
1108
284
978
-83
-120
-40
19
-102
13
-106
-148
-93
142
-10
155
-135
-153
-125
-109
-161
-124
-154
455
886
144
162
245
604
856
868
1076
442
1089
199
470
17
1422
50
1474
404
111
754
1307
26
1359
1136
228
523
251
299
120
1161
197
167
1291
849
867
1247
188
150
1599
333
1577
548
143
77
0
69
45
73
41
271
21
507
122
233
102
175
387
320
455
73
55
550
394
861
353
283
343
567
635
1124
727
497
204
487
345
827
508
255
40
347
501
664
720
224
-33
-24
40
-37
69
-15
-39
-47
-23
-96
-10
-47
-45
-93
-95
-134
-89
-80
-39
-94
-20
-114
-64
-12
-46
-86
-27
-148
-89
-18
-64
-52
-34
-119
-86
52
-49
-34
813
-103
514
331
-44
-37
-52
-47
-49
-45
-34
-25
-37
-28
-40
-39
-37
-32
-23
-16
-14
-20
-32
-35
-33
-42
-27
-23
-43
-40
-32
92
-40
-42
-60
-32
-17
24
-55
-52
-34
95
-12
-108
132
159
-233
-169
-307
-408
-242
-243
-108
394
-162
-331
-64
459
-74
-405
-135
-384
45
-334
-133
-541
-221
546
-266
-511
-107
492
1126
320
618
474
-85
-205
-272
31
-165
-235
-114
-233
-261
-290
-213
-197
69
139
108
45
9
131
11
66
40
251
197
212
14
130
199
223
178
62
18
952
1248
1895
1556
884
155
397
316
555
462
293
38
238
447
844
388
119
73
17
1807
1038
1652
13
101
27
419
77
254
105
29
102
583
295
491
398
353
216
452
559
770
329
21
634
706
934
1090
104
564
337
156
728
449
44
389
160
608
154
99
151
85
147
462
33
373
195
-53
253
341
145
-191
-147
-76
-114
-362
-471
-345
272
-54
403
653
1088
1270
1017
-1
222
-181
-399
-304
-197
-203
-330
-388
-451
-362
-161
-46
221
637
742
216
188
-91
-80
-93
-65
-95
-128
-377
-411
-550
-271
-407
-534
-301
-327
-463
63
-468
-332
-71
430
-102
1003
47
137
-120
-481
-908
252
-1012
-97
-75
930
410
1735
-3
557
35
654
-348
1677
-547
488
-342
-9
34
378
212
-91
100
69
1020
1460
1065
279
45
20
1248
226
1052
563
325
1238
3339
3636
3368
1606
507
915
1849
2285
1811
1133
943
355
3151
667
3291
1074
465
62
1680
4
2373
75
129
81
13
570
16
513
-33
-88
-111
-154
-85
-63
-89
-276
-189
-265
-139
-161
-98
-171
-89
-176
-60
-106
-113
-248
-297
-385
-325
-180
-101
-135
-148
-312
-235
-198
-56
-166
-202
-230
-154
-137
-36
-71
-59
-29
-39
-36
2297
1369
11
65
54
558
2318
1955
1393
1399
1416
2032
2281
642
59
165
108
16
1832
189
93
162
105
4
2266
1072
9
61
20
963
1835
345
77
122
94
126
2345
1901
842
657
811
1928
-11
-42
568
-5
123
475
-7
139
-9
992
584
-15
-11
-26
200
430
-6
-44
-20
478
292
283
195
623
-3
-36
-36
710
-54
-33
-48
377
555
418
1338
1255
-5
-9
1
842
319
54
386
686
729
602
703
719
589
565
723
-102
689
849
-44
-319
-845
-126
-952
-336
-415
-959
-497
-443
-1035
-1322
-142
30
23
756
672
-36
-198
-534
-893
-939
-883
-323
-275
-123
8
-71
-224
54
-6
-6
-5
-13
-11
-1
-13
-2
-8
-9
-19
429
-10
-2
58
-30
516
-12
-7
-8
-11
-25
-5
-14
-9
-5
-22
-3
-22
10
-7
-7
1072
-38
1173
-14
52
-2
384
-18
650
-10
68
11
58
21
31
25
491
645
589
665
281
9
387
279
34
52
59
35
437
1065
372
987
3
325
289
53
79
3
85
9
466
162
37
492
146
691
406
47
284
7
310
30
359
209
382
273
325
421
220
176
78
190
54
63
26
226
29
144
164
61
382
165
1385
146
1572
217
134
69
281
26
184
121
76
1629
425
2395
268
1426
144
33
446
196
365
117
-56
-59
-90
-89
-93
-66
-48
-50
-14
31
-1
-37
-44
-64
-96
-116
-93
-69
-98
-243
-371
-474
-341
-225
52
1181
2897
3981
3231
1384
-29
-28
-138
-97
-192
-78
-128
-137
-88
-38
-96
-89
-79
-16
345
-94
-3
168
-75
61
-87
86
175
-25
-80
-28
-127
670
685
539
-78
510
485
2216
743
814
-80
252
-271
1375
-384
593
-80
-100
-97
-73
-113
-64
-74
-80
-55
-111
-52
-76
-235
-202
-245
-10
-276
-251
-235
-42
469
-82
-125
-180
-145
-26
468
-94
1018
-69
-167
-36
-20
1036
-231
-250
-125
-41
735
232
387
-175
-232
6
-164
-69
-180
-282
-267
-47
-147
795
-138
-266
-132
-134
-135
-124
-146
-121
-153
221
-186
648
-129
1640
-317
459
-540
-267
-888
1622
-324
-44
-399
-116
-198
730
-234
471
-282
-187
-464
1132
-299
303
804
-376
-90
-106
-340
-346
-320
-482
-261
-50
-265
-387
-298
-310
-431
-290
-97
-255
288
-291
-156
-365
-350
-560
-285
-33
-60
13
-79
102
-176
142
-277
-122
-274
-312
-165
-595
-223
-477
-382
70
-67
1023
-40
376
-108
-116
-30
-10
-134
-133
102
36
216
181
283
28
141
94
219
6
393
102
58
225
20
147
121
253
248
385
85
1340
127
604
58
8
54
212
63
323
194
556
615
101
464
387
144
3
153
295
86
52
-88
6
189
48
-46
-19
-87
333
397
1670
1341
321
-101
-81
-129
312
-156
184
-132
-77
-43
-108
-122
-128
-129
-56
-90
1006
-28
-56
-98
-145
158
-93
37
-115
-67
-72
-17
-160
-37
-73
101
105
233
31
174
64
520
201
93
2
297
456
406
387
1291
174
1329
137
254
258
1370
195
1218
0
171
351
224
3
278
325
261
29
238
281
724
184
500
244
509
633
104
723
0
135
169
310
217
512
27
784
1092
367
891
1205
7
127
288
613
159
791
332
172
129
145
251
321
395
59
453
137
208
56
219
333
598
56
512
417
422
325
701
192
661
392
-171
-173
-159
-99
-184
-92
-206
-166
-203
-83
-96
-80
-118
-316
-37
-405
-33
-284
-52
877
-125
1490
-134
846
-132
988
1530
2005
1536
716
-183
-141
-3
-59
-30
-70
-182
-194
-161
-117
-81
-188
63
19
0
176
143
17
104
64
468
131
236
239
3
44
22
126
204
2
74
163
254
248
4
246
145
658
1110
1863
2167
1571
69
39
154
805
239
179
128
195
125
58
121
173
-3
-2
-2
-1
-1
-2
22
-1
-2
55
144
-1
-4
-5
-7
-8
-8
-5
-1
-1
195
134
-1
85
-2
-3
-1
604
-1
-5
-3
-5
-7
-7
-7
-6
-4
-5
-6
-7
-6
-5
73
203
82
402
343
572
-4
-7
165
-4
150
366
-9
493
711
30
1317
457
6
913
-12
5273
-14
1872
286
-1
3329
-41
3119
333
130
479
1211
3258
1425
911
63
190
107
227
208
457
195
934
1023
1065
762
1091
630
465
973
535
1016
166
12
0
387
160
225
259
9
8
37
109
39
411
2
24
461
16
1556
21
443
527
38
2024
28
984
561
36
497
149
236
160
-317
-306
-236
-254
-349
-133
-340
-170
10
-88
-193
382
-315
-248
-365
-93
-234
-181
-232
-232
-283
561
-220
-238
-358
-282
-25
1053
301
-123
-405
-411
-544
-318
-293
-173
-425
-260
-272
-219
-391
113
-30
-66
-53
-60
-39
-47
-100
-76
-136
-73
-87
-44
-51
123
1061
2206
2455
535
-52
-67
-49
300
-86
-54
-53
-56
777
1061
878
-53
-19
165
-43
-64
463
562
-18
-60
-106
314
-139
-13
-82
-50
-21
-3
-24
-5
-31
1179
734
2163
797
973
-69
-166
-210
-299
-227
-139
-70
-170
595
-158
820
-104
135
918
843
1445
827
890
-44
-134
-309
-293
-275
-91
-3
-11
10
-28
-23
-37
-25
-111
-86
23
-101
-149
-175
-97
-146
-142
-122
-49
-32
-116
-105
-169
-43
-94
-189
-108
140
-120
-108
-152
-111
-177
-143
-164
-143
-108
-117
-193
-121
-199
-99
-161
-217
-197
-195
-176
-212
-201
65
25
168
216
143
59
55
196
249
646
200
168
221
88
309
489
255
78
145
227
351
737
170
198
261
223
155
452
130
44
148
27
72
233
33
25
17
8
8
233
202
272
-41
-37
-89
-31
-58
142
-53
74
-21
1065
-8
838
-34
1479
525
2976
735
1525
154
-86
719
-42
-33
-188
-32
-49
317
-83
526
-57
91
-54
14
-250
728
461
-53
-92
-32
-184
-95
-171
-8
162
539
365
376
489
-3
72
576
634
584
357
-9
-25
42
-38
-50
167
-58
-94
-4
364
-14
121
209
-133
-58
-145
-45
-49
219
276
220
236
290
479
-28
474
535
1250
581
433
-182
-185
-166
-151
-152
-161
-184
-191
-172
-145
-140
-169
-140
-195
-143
-200
-28
-204
-149
-172
-156
-196
-52
-110
-155
-145
-159
-197
-68
3
-185
-151
-196
-117
-194
-154
-184
-154
-169
-129
-175
-161
183
286
209
334
325
321
556
237
185
43
13
128
415
49
158
444
304
123
177
61
379
466
106
41
170
38
529
1023
588
121
14
192
280
257
167
250
322
403
23
139
234
13
18
16
8
874
394
9
42
63
533
1034
995
23
49
59
123
193
445
40
66
76
49
55
31
41
32
24
132
38
110
9
21
259
365
861
1024
746
70
80
83
35
41
18
480
572
884
1088
1181
699
558
691
872
1112
1273
1078
488
550
586
928
879
762
361
632
678
1162
1228
1068
306
12
737
1561
1345
629
47
36
277
402
746
839
102
33
113
270
246
163
-371
-371
-165
-281
-198
-379
-278
-236
-38
-146
-15
-251
-361
-82
-110
94
-83
-206
-350
-165
-196
-86
-174
-284
-103
-132
-21
-110
-38
-157
-286
-252
-128
-254
-141
-330
-375
-417
-337
-385
-348
-428
93
113
17
87
93
59
103
143
24
37
8
154
30
293
732
34
357
6
119
774
1350
1071
2226
1433
131
8
287
251
118
13
214
95
112
84
125
159
67
145
183
238
115
92
47
138
114
34
129
22
92
24
94
321
224
184
21
180
509
331
438
3
43
193
85
196
87
53
93
39
3
43
22
252
91
41
281
41
26
17
62
177
377
277
414
225
-26
-49
149
865
467
838
-25
-33
-23
391
-6
622
-29
-50
417
-28
263
-29
-26
-42
188
1051
545
976
-22
-36
-26
55
-40
311
-30
-61
-64
-75
-79
-45
-3
-14
-28
-16
-25
68
-332
-327
-331
-327
-333
-330
-325
-309
-262
-524
-287
-331
-322
-289
-157
-376
-213
-306
-311
-299
1421
-448
1296
-319
-311
-262
240
-330
278
-351
-296
-244
-291
-174
-262
-247
-326
-281
-320
-275
-133
-343
349
866
1063
1020
984
853
563
1100
835
662
733
869
350
298
757
758
542
712
113
516
318
542
71
712
359
958
1708
1938
1709
914
119
325
1014
599
804
53
75
7
173
706
149
114
38
5
65
40
24
28
51
37
184
114
207
54
142
77
108
202
132
11
156
78
92
652
400
373
125
226
126
271
257
178
126
155
119
367
171
144
50
24
961
1862
1482
512
-124
-123
-115
-120
-119
-112
-127
-119
-116
-127
-108
-130
-142
-26
-137
-93
-113
-133
-21
-144
-123
-88
-137
-131
-181
-49
-142
198
-199
117
-136
-203
-109
-251
-82
-204
-130
-176
-136
-230
-127
-201
86
260
229
409
227
201
42
391
780
1134
772
350
61
272
102
514
429
399
169
418
569
571
542
404
470
1040
891
1918
741
1024
49
252
363
353
375
195
111
179
427
45
453
131
166
147
355
204
309
86
142
324
544
280
720
106
-37
-573
117
-824
246
-284
134
-371
-61
-719
-99
-274
100
693
-1478
509
-1560
138
-55
321
37
395
-196
25
-133
-145
759
24
823
120
104
-133
-161
-39
-3
4
24
-227
-244
-717
-584
-186
92
-100
-75
-643
15
-448
-64
-130
-89
444
323
126
-213
676
-330
74
-500
208
528
-151
254
88
-83
28
181
273
227
484
231
367
95
96
51
197
166
152
22
55
93
91
100
56
4
6
281
151
61
25
252
520
990
805
863
294
61
49
90
196
95
104
33
36
93
29
68
4
1
145
432
1190
797
788
216
334
289
141
153
202
173
193
121
102
105
166
189
324
456
539
599
502
110
419
527
1339
256
176
120
41
18
26
264
146
165
203
279
303
25
31
26
46
480
205
163
7
-191
-202
-100
-175
-73
-163
-117
-147
42
-281
-20
-169
-57
-177
410
-343
566
-223
-30
-16
-99
64
-192
-148
-128
-277
-27
-31
-30
161
-27
941
-178
724
-225
-147
-182
-300
-537
-242
-114
-30
72
147
373
503
380
157
254
95
212
515
418
260
19
184
102
469
359
0
328
503
751
662
730
461
310
515
957
872
910
511
122
548
940
1369
1096
694
156
349
510
828
591
361
-389
-492
-319
-475
-491
-483
-371
-243
-333
-481
-457
-633
-324
-376
-133
-251
-287
-27
-457
-289
-11
-583
297
-138
-206
-467
1116
-679
933
-539
-402
194
-497
1542
-928
452
-304
-311
700
-81
833
33
26
25
24
23
23
25
25
25
26
27
24
26
13
56
10
24
9
56
498
50
583
15
546
133
3
56
16
19
50
71
9
132
94
515
138
217
27
27
35
14
40
38
128
17
39
87
70
49
70
35
4
29
31
33
21
5
620
639
1055
358
31
33
158
85
123
10
458
980
810
2022
955
1326
755
1352
3744
3289
3943
1594
0
148
86
181
1
0
-166
-167
-168
-171
-167
-181
-180
-141
-127
-148
-98
-164
-189
-188
-132
-88
-99
-119
-187
-209
128
-80
107
-177
-186
-85
868
209
949
-61
-188
583
-114
1912
-144
690
-185
-79
-116
-50
-112
-155
2
10
8
22
42
80
35
37
165
532
229
3
13
134
16
60
123
877
28
45
134
322
148
37
132
36
66
954
58
29
8
42
67
572
3
5
11
87
912
8
48
70
112
439
470
210
287
459
101
294
316
375
304
37
125
115
327
116
742
17
13
406
796
1906
709
296
303
203
277
583
508
292
2
222
178
161
153
17
57
685
882
899
1232
470
180
98
167
102
213
218
279
233
586
146
596
185
102
234
504
1490
20
639
214
169
43
1626
458
1112
282
115
920
319
1074
29
48
695
457
103
56
447
303
31
438
425
329
532
49
15
22
19
266
26
7
43
49
65
66
87
14
39
89
99
81
74
15
36
62
192
84
39
16
41
90
188
63
56
29
30
201
686
148
398
33
3
141
1029
147
1945
473
19
396
526
558
180
13
491
817
919
1131
702
107
311
514
479
831
604
166
537
714
645
664
624
679
58
187
288
77
270
828
114
352
413
43
458
948
550
369
415
939
1003
-216
-270
-136
-233
-194
-210
-334
-240
-286
-227
-285
-239
-196
331
1034
1977
1218
371
-235
-113
-142
-15
-146
-103
-238
-170
1052
545
1043
-199
-76
-178
319
-446
643
-167
-148
-292
-188
23
-123
-354
17
5
368
196
156
0
85
94
554
940
389
9
85
14
59
51
33
140
21
28
398
380
208
26
233
482
1265
2120
1764
613
12
22
100
133
156
53
14
6
357
683
813
281
253
730
757
250
55
1307
144
127
264
840
355
199
264
448
656
118
749
508
230
17
804
591
1256
181
225
109
23
2227
85
214
394
453
129
491
294
245
534
748
572
155
475
710
47
53
59
346
28
82
98
115
202
107
187
135
109
195
160
213
85
166
57
46
952
1290
1443
148
90
217
142
149
68
209
80
181
263
226
204
172
14
5
81
61
82
8
341
399
263
522
421
80
287
202
798
823
1044
581
205
140
86
-1
-1
731
101
146
-2
-2
-2
184
170
135
227
313
123
-1
128
369
547
255
25
267
-1
-1
-1
42
257
-1
-238
-108
-78
797
417
-270
-265
-88
-264
-199
55
-159
-331
307
-10
-357
-35
371
-343
1504
-275
-225
218
1028
-355
470
-343
56
-105
-101
-229
-177
-426
533
-241
-260
-252
-236
-335
678
-274
-245
579
482
260
147
16
373
318
118
252
214
328
43
43
214
402
531
378
242
35
198
269
666
473
395
208
396
432
324
734
528
24
433
463
527
635
424
77
206
506
633
330
48
416
1384
527
825
1350
473
434
703
99
1004
166
1038
16
106
137
305
112
52
609
477
668
24
811
283
1
438
59
11
154
526
9
27
100
408
8
65
546
496
171
40
7
221
248
-2
-51
-128
-82
-45
-33
-55
740
-3
881
181
308
-4
-91
-50
-124
6
-64
770
-32
-74
-127
-22
-36
2514
2059
1044
1276
2241
-39
-85
9
-120
-41
-14
-135
-270
-119
282
-26
-195
212
1101
26
357
169
689
883
1854
149
654
1024
878
996
794
272
494
280
362
685
357
676
259
747
415
760
416
924
155
751
688
1147
779
434
424
662
454
608
397
89
341
401
93
88
409
65
897
170
258
88
492
484
1101
501
906
92
105
241
53
189
28
378
778
1273
936
789
290
191
880
1829
1858
1202
437
107
254
312
370
501
408
223
375
597
768
647
345
-228
-225
87
-114
125
-135
-223
-225
-262
-213
-264
-243
-225
-209
-40
-230
-46
-222
-228
-229
-256
-207
-264
-228
-229
441
-180
1588
-168
645
-229
-290
857
-333
891
-319
-229
-271
-377
-264
-410
-265
332
111
362
231
123
266
28
43
178
279
166
115
518
554
191
1869
336
1080
16
61
1074
279
1030
59
516
638
37
1671
302
65
2
19
37
264
110
52
245
89
182
177
82
11
11
-6
287
-90
234
169
-3
-6
-85
-76
-102
-235
-9
223
-18
835
841
-40
262
-59
479
-102
-155
-11
-56
-31
65
-56
186
-162
151
117
249
469
775
-13
-13
-51
-28
-103
-104
-75
104
127
408
662
327
150
105
139
211
109
247
193
136
30
205
42
187
33
103
161
62
236
9
177
115
215
157
141
124
123
130
181
57
229
137
116
58
47
78
48
108
70
127
164
336
224
279
138
94
110
276
102
293
9
52
76
155
90
278
18
83
22
561
555
773
270
60
166
191
7
157
179
90
82
764
947
772
438
78
66
495
316
697
350
-71
-77
15
-15
43
-64
-170
-239
-262
-139
-243
-166
-184
-208
-5
49
66
-149
-173
-279
-347
-180
-323
-177
-254
-337
-88
46
-44
-205
-111
-209
-293
-162
-299
-170
-187
-244
-48
-17
-23
-148
306
657
232
804
290
52
199
8
148
193
123
112
303
507
86
712
35
272
172
135
57
43
6
53
40
39
1341
303
1098
534
492
191
237
364
42
260
243
269
114
372
60
171
103
616
733
55
216
537
52
259
108
331
947
154
167
30
440
91
442
225
76
94
81
226
119
243
299
247
153
110
145
148
485
548
88
75
171
617
298
340
275
778
278
358
399
346
422
190
739
381
54
343
325
208
147
9
47
120
88
312
75
716
88
239
171
184
23
412
29
65
332
452
356
211
178
24
443
637
736
320
390
332
486
357
299
121
120
484
280
2
158
1
129
172
591
438
648
152
100
333
1025
902
1251
314
97
253
707
1192
739
436
138
308
674
527
789
257
165
400
457
238
747
710
127
118
186
57
163
232
-28
-40
161
1107
936
29
-28
-51
-2
-39
-16
4
-33
-49
-38
-70
-49
-25
-25
-28
-44
-32
-42
-27
-26
-45
-35
-60
-47
-40
-35
-58
-67
-81
-73
-52
-15
-27
-29
-32
-30
-20
2
34
133
336
64
53
39
30
104
290
73
61
18
52
37
29
0
10
482
582
0
111
323
818
289
51
136
257
79
296
350
288
33
133
56
121
38
22
38
68
80
63
621
770
783
820
926
667
420
64
992
1424
861
130
171
112
763
809
263
49
162
142
127
16
358
284
365
938
895
729
1066
971
52
143
925
1497
1234
493
227
233
37
126
358
657
1354
1272
1552
1697
1370
1312
1240
1280
1569
1929
1664
1488
1439
1571
1894
2269
2090
1849
1684
1928
2341
2512
2459
2083
1670
1864
2290
2377
2349
2063
1019
382
32
240
67
783
981
320
219
484
265
619
-319
-335
-231
-172
-198
-357
-207
-245
-295
-289
-274
-450
-253
-67
-118
138
-180
-358
-306
-139
788
1760
453
-297
-306
-249
458
616
811
-197
-264
-82
71
-329
618
232
-474
-357
-337
-456
-233
-365
-140
-283
-202
-263
-250
-181
-183
-368
-252
-403
-327
-239
-227
-416
-125
-585
-196
-282
-211
-504
608
-655
585
-319
-273
-573
-201
-556
-155
-424
-259
-511
-503
-576
-518
-361
-251
-314
-366
-210
-399
-99
26
1064
76
534
633
153
66
818
351
575
1187
191
44
411
449
34
1094
36
167
769
923
140
1003
180
57
890
465
363
181
84
540
94
136
43
89
136
410
84
34
94
36
156
1400
1020
174
9
6
427
1369
1267
505
359
48
1018
1400
992
94
12
12
200
1369
1349
1144
1034
900
1088
1410
1425
1430
1396
1300
1395
1399
1404
861
811
747
1000
1398
1410
1296
1073
1250
1393
11
656
372
692
321
266
1
1508
1026
2335
1421
1063
100
815
10
1771
663
228
8
1057
92
2412
35
713
22
784
133
3429
104
986
18
204
94
2071
107
716
39
301
27
567
65
556
-226
-206
-152
-2
-57
-98
-207
-166
-91
-135
-77
-157
-200
-131
-13
-23
257
-94
-203
-147
-92
35
-94
-154
-215
-162
-44
135
-58
-150
-205
-153
-52
-52
-33
-190
-230
-212
-133
-135
-142
-211
816
865
833
909
836
616
867
1074
750
914
518
928
536
722
17
683
55
687
671
621
171
83
55
270
353
344
518
930
459
383
231
101
355
1018
560
160
241
77
453
626
547
75
386
41
402
26
475
232
398
158
1046
196
1011
198
382
15
1059
32
941
43
454
741
15
112
215
919
21
19
669
218
730
123
252
226
31
567
132
207
99
44
597
15
534
76
-290
-293
-232
-197
-201
-101
-277
-256
-187
-183
-185
-61
-261
-177
-147
-228
-225
-69
-188
-159
-167
-216
-189
-81
-197
-229
-54
444
887
-163
-261
-256
-82
321
1013
-232
-277
-270
-229
-254
-211
-341
1
-124
-50
119
88
-16
68
-161
-151
-471
-499
-100
-10
-244
-71
-84
546
-224
10
-166
20
-472
33
-229
-5
-430
-598
-585
-574
-227
20
-200
1064
-31
605
-78
121
-242
-255
-225
-82
-185
44
3
32
133
96
59
80
234
218
274
308
155
17
148
118
127
117
76
85
95
57
107
59
85
100
64
650
151
378
291
100
21
475
510
437
47
16
242
228
218
341
137
291
-196
1829
-270
613
552
338
-237
1089
-525
260
40
139
-449
348
-441
519
-454
155
-329
116
494
260
-386
155
-473
-457
-871
-329
-650
327
-256
-683
-752
-825
-159
159
-126
-296
-452
-465
-181
-173
-149
64
525
88
-208
-100
-117
-49
481
-55
-218
-120
-9
35
322
-52
-67
-186
-10
552
836
490
424
-204
-45
530
598
798
775
-128
206
799
712
577
495
-231
-217
76
-221
-85
-198
123
107
63
54
69
91
93
41
182
199
241
31
128
152
1036
332
713
274
752
1545
910
2092
683
1274
484
1497
2179
1396
1271
1404
409
630
490
420
78
48
355
663
544
425
64
226
94
62
7
19
12
69
26
24
6
4
5
15
26
8
3
5
2
0
4
7
24
20
28
5
6
2
38
10
38
3
0
8
2
12
31
12
16
8
263
12
337
14
33
22
34
11
19
8
36
7
48
293
15
153
22
359
4
1046
474
817
15
729
417
1394
908
1011
27
516
258
951
45
604
43
334
1054
2157
1514
800
39
41
61
42
51
35
18
40
63
163
160
7
161
185
1022
1017
904
158
35
143
147
219
222
151
102
45
245
455
324
15
307
279
213
171
152
114
59
266
141
172
210
171
25
79
141
239
355
70
18
28
15
53
21
54
11
11
12
19
20
36
11
14
20
29
23
18
3
382
343
21
30
34
3
33
84
100
69
33
23
722
340
26
36
12
22
40
65
63
54
40
147
56
767
1222
1082
227
194
725
1272
2033
1897
917
115
784
1263
1825
1854
1089
158
472
642
1075
1017
836
368
354
439
1074
683
579
629
92
198
803
638
429
619
388
47
277
239
80
0
-11
-5
-25
6
89
18
-42
-62
-83
-59
-46
78
-22
240
625
665
227
66
-24
61
7
-12
-6
-14
-33
-5
-32
263
171
270
-6
858
-20
1175
312
490
-3
722
-20
509
-10
-62
-61
-15
-5
92
-39
-37
50
-27
-37
-44
-28
-63
-25
-90
-119
-109
-116
-57
-107
-113
-156
-80
-57
-99
-117
-140
-131
-125
-55
-111
-121
-117
-103
-94
-119
-119
-144
-174
-147
-156
-113
-25
-37
-61
-23
133
-158
-56
91
958
1350
1119
776
-1
268
-22
-216
-95
-151
-54
-73
-342
326
-261
426
242
79
1095
45
574
-171
-117
-111
-105
-111
-70
35
-35
-23
-66
-123
-70
-69
-215
-212
-152
-93
-70
-151
-115
-135
-47
208
39
-147
-143
-51
-92
-65
-240
-236
-150
-86
-30
-26
-81
-151
-152
-32
392
355
588
-20
-179
-37
195
247
277
409
-108
-5
-45
100
217
292
-57
-84
-132
-160
-183
-167
-72
-78
-44
-61
-10
-40
-116
-77
-101
-58
-113
-156
-111
39
526
954
659
-12
-103
-56
-38
-33
-1
-81
-158
-127
-83
-161
-150
-186
-180
-202
-189
-203
-211
-181
-80
-97
-366
927
-342
-94
-113
-132
114
-245
44
-56
-92
-158
-152
-51
501
263
-57
-26
-349
443
-533
-143
-90
-130
-258
239
-335
100
-97
-135
-88
-122
-42
-177
-73
-170
-277
539
-402
-17
17
6
11
11
118
57
284
495
946
1750
916
1216
22
563
86
332
883
873
287
108
180
22
486
183
74
686
13
495
5
677
92
282
686
253
293
791
9
6
320
474
284
177
85
103
284
154
145
300
91
60
301
95
151
264
168
751
324
332
362
841
285
310
626
2524
713
366
172
97
625
600
830
89
66
90
178
17
187
78
38
63
195
89
169
33
30
53
82
127
92
53
18
13
9
7
46
76
122
829
2163
2823
2613
1516
51
64
110
51
118
41
50
106
229
243
244
98
613
828
1058
515
909
900
88
185
969
722
537
4
62
75
75
25
35
16
42
5
143
35
0
286
43
128
29
208
34
191
82
181
540
1168
611
211
64
63
147
1277
23
104
69
106
148
241
88
93
72
138
142
103
136
150
1137
1063
807
153
411
983
1068
980
369
27
358
750
1204
1010
494
706
423
650
990
601
210
124
101
742
620
172
699
502
746
323
520
100
884
505
697
88
768
260
245
387
154
319
719
660
467
39
232
272
493
418
102
169
197
358
505
669
143
494
7
680
586
1277
801
1212
573
835
451
315
170
288
541
163
224
21
225
811
225
417
450
114
632
367
773
141
