0.052494
0.003732
0.006526
0.005519
-0.039307
-0.040260
0.020717
-0.020747
-0.034931
0.011185
-0.021865
-0.025325
-0.027264
-0.042538
-0.036724
0.009403
-0.012496
-0.024372
0.001674
-0.000950
-0.005276
-0.033812
-0.030989
-0.028140
-0.007827
-0.016308
-0.014188
0.303135
0.024472
-0.140416
0.125342
0.005171
-0.202401
0.179336
0.022998
-0.466483
0.262492
-0.011712
-0.151048
0.075605
-0.058880
-0.245821
0.145071
0.036402
-0.478457
0.122202
0.019015
-0.034688
-0.077032
0.074973
-0.061564
0.024033
0.138299
-0.301144
-0.380954
-0.338064
-0.444727
0.222358
0.338943
-0.072917
0.003337
0.326118
0.148233
0.067934
-0.164687
-0.358480
0.540902
0.452105
-0.096793
0.026023
0.181855
-0.127124
0.094284
-0.089041
-0.193769
0.440912
0.296086
-0.035323
-0.214135
-0.058099
-0.234847
-0.029109
-0.027542
-0.027424
-0.033127
-0.029640
-0.030533
-0.037284
-0.034155
-0.033118
-0.023707
-0.024065
-0.024652
-0.026448
-0.023174
-0.024872
-0.027700
-0.026571
-0.026334
-0.024259
-0.022463
-0.021643
-0.026871
-0.023959
-0.022795
-0.027523
-0.024778
-0.023011
-0.036985
-0.015260
-0.014915
-0.031556
-0.033525
-0.024457
-0.014393
-0.046959
-0.034807
0.013533
0.033525
0.015117
0.038140
0.028821
0.033992
0.057422
0.026895
0.030029
0.035591
0.060795
0.044953
0.056325
0.053593
0.052959
0.079442
0.050371
0.059480
-0.130776
-0.158778
-0.031137
0.174976
0.083964
-0.129612
0.316722
0.342194
-0.069266
-0.231433
-0.213428
-0.088688
0.378512
0.144950
-0.248228
0.719471
0.693615
0.082082
-0.148853
-0.054989
0.011987
0.141032
-0.019233
-0.173075
0.237109
0.228303
-0.103624
0.077116
0.019252
-0.021600
0.021304
-0.048940
-0.116968
0.013532
-0.044936
-0.092666
0.004153
-0.004292
-0.069033
0.019189
-0.018015
-0.069552
0.036141
0.014638
-0.041662
0.007233
-0.006350
-0.061171
-0.007277
-0.042643
-0.083959
0.010221
-0.014060
-0.052248
0.035027
0.034747
0.028961
0.016773
0.011114
0.016354
0.028994
0.029656
0.034424
0.036018
0.029547
0.031293
0.018189
0.023902
0.030791
0.034167
0.033444
0.038160
0.000752
-0.002040
-0.004035
0.000770
-0.009989
-0.004200
0.014462
0.005140
0.006233
-0.233628
-0.222321
-0.269574
-0.379300
-0.379091
-0.479521
-0.290358
-0.381202
-0.405046
0.423986
0.433294
0.346395
0.367033
0.327504
0.197408
0.378791
0.287627
0.170264
-0.061110
0.013655
-0.055067
-0.016724
-0.047904
-0.133273
0.039460
-0.037844
-0.114674
0.031845
0.084053
0.088001
0.075098
0.136035
0.127408
0.082837
0.132685
0.146943
0.037891
0.046028
0.052754
-0.046120
-0.030447
-0.024435
-0.038182
-0.003458
0.010365
-0.160421
-0.126762
-0.133698
-0.240111
-0.228392
-0.234108
-0.197476
-0.183045
-0.181509
-0.064500
-0.021764
0.021084
0.017813
0.067095
0.084189
0.051718
0.126902
0.137473
0.034044
0.024896
0.019013
0.070220
0.072932
0.061350
0.058869
0.095781
0.100261
-0.006726
-0.039639
-0.041420
0.040607
0.028383
0.006903
0.046286
0.047190
0.035802
-0.062018
-0.113815
-0.052897
-0.014147
-0.114152
0.063919
0.133993
0.035263
-0.030565
0.035698
-0.070169
-0.028734
-0.134066
-0.228053
-0.089333
0.007024
-0.054919
-0.107120
-0.027774
-0.016825
-0.018756
-0.081775
-0.107455
0.003222
-0.009811
0.035648
-0.064686
0.008692
0.121080
0.082774
0.122686
0.204746
0.137656
0.024201
0.104446
0.042259
0.032077
0.049749
0.005925
0.012137
-0.037129
-0.062439
-0.082783
-0.092070
-0.135918
0.077921
0.043019
0.013802
0.060799
0.018892
-0.049963
0.005191
-0.011933
-0.070596
-0.438210
-0.439264
-0.280729
0.524105
-0.053631
-0.262650
0.685292
0.162123
0.034119
-0.302836
-0.587538
-0.609683
0.799259
-0.022129
-0.709591
1.112642
0.398328
-0.070440
-0.182909
-0.164145
-0.108906
0.321008
0.039025
-0.326268
0.422620
0.118308
-0.019879
-0.064655
-0.109181
-0.218774
-0.257489
-0.203640
-0.291982
-0.110223
-0.002492
0.012070
0.161188
-0.043114
0.042746
-0.077183
-0.192447
-0.021749
0.025874
-0.030314
0.196846
0.235986
-0.013563
0.075188
-0.007511
-0.151626
-0.029737
0.117029
0.022638
0.183376
-0.029514
0.114195
-0.018182
-0.072449
-0.154230
-0.184780
-0.026254
-0.010022
-0.042372
0.037213
0.097583
0.009972
-0.149206
-0.281442
-0.310441
-0.144104
-0.139989
-0.196112
0.022378
0.153108
-0.021508
-0.079004
-0.103641
-0.165014
-0.036425
0.019249
-0.083012
0.026382
0.027948
0.020457
0.023135
0.022359
0.019422
0.020807
0.024894
0.015217
0.024214
0.032548
0.022908
0.025521
0.025438
0.026925
0.021825
0.018642
0.012469
0.010218
0.021170
0.018825
0.017790
0.019229
0.013170
0.015927
0.017988
0.009360
0.074846
0.078274
0.057631
0.096010
0.121874
0.162461
0.052688
0.157431
0.160281
-0.025278
0.010531
-0.068064
-0.039554
0.159325
0.124762
-0.076643
0.203632
0.225245
-0.019797
-0.014455
-0.069160
-0.022726
0.090927
0.057733
-0.074302
0.064446
0.154037
0.011617
-0.000025
-0.011778
0.005969
-0.009997
-0.026771
-0.030547
-0.043333
-0.049083
-0.003888
-0.032706
-0.038968
-0.016578
-0.055019
-0.048337
-0.056880
-0.076531
-0.075784
0.008840
-0.010571
-0.024774
-0.008109
-0.030145
-0.026917
-0.025549
-0.054410
-0.052758
-0.012008
-0.022240
-0.007884
0.007660
-0.004328
-0.005832
-0.025462
-0.051003
-0.036365
-0.043909
-0.041519
-0.023678
-0.044063
-0.037219
-0.022133
-0.055724
-0.053324
-0.055882
-0.018925
-0.024852
-0.005926
-0.016409
-0.012232
-0.017487
-0.054752
-0.057491
-0.051728
0.418466
0.225323
0.073311
-0.176315
-0.684137
-0.560440
0.224610
0.225505
0.197102
0.650469
0.360241
0.163983
-0.413235
-1.393024
-1.158321
0.561804
0.373383
0.440136
0.255175
0.135298
-0.179121
-0.029767
-0.466869
-0.374914
0.200659
0.285703
0.176311
0.199678
0.170920
0.085662
0.164217
0.137298
-0.007732
-0.091311
-0.190892
-0.274034
0.009496
0.033092
-0.028923
0.066441
0.092073
-0.030207
-0.063918
-0.171170
-0.238255
0.060698
0.115833
0.061042
0.146612
0.143277
0.054796
-0.032635
-0.147970
-0.168408
-0.040505
-0.017878
0.000140
-0.050188
-0.023696
-0.003693
-0.063623
-0.031419
-0.015920
-0.028783
-0.018386
0.002079
-0.039342
-0.042122
-0.022070
-0.061323
-0.047523
-0.037864
-0.020032
-0.018675
0.000076
-0.045122
-0.043450
-0.021311
-0.057247
-0.053167
-0.038547
0.117198
0.149791
0.109819
0.049224
-0.049192
-0.110204
0.063693
-0.137629
-0.346971
-0.021319
0.013644
0.079841
-0.013582
-0.163578
-0.136083
0.016773
-0.265872
-0.319540
-0.152448
-0.123188
0.010925
0.019510
-0.073538
-0.014989
0.092157
-0.088281
-0.130987
-0.022419
-0.020114
-0.017483
-0.012793
-0.015276
-0.014863
-0.010500
-0.014133
-0.013026
-0.016941
-0.012865
-0.011808
-0.007544
-0.010407
-0.009371
-0.004944
-0.010093
-0.007456
-0.015069
-0.011814
-0.010726
-0.004006
-0.005072
-0.006206
-0.001059
-0.004463
-0.003912
0.125363
-0.062258
-0.073833
-0.082070
-0.254079
-0.207592
-0.096293
-0.026564
0.029190
0.078496
-0.130592
-0.132006
-0.108508
-0.357626
-0.301162
-0.161492
-0.104692
-0.097033
0.135022
-0.032414
-0.039517
0.002948
-0.100875
-0.050505
-0.060041
0.078677
0.115071
0.005545
0.000125
0.004071
-0.031459
-0.026351
-0.022049
-0.048015
-0.022667
-0.013206
-0.015251
-0.012782
-0.010906
-0.044889
-0.032311
-0.029879
-0.061659
-0.029414
-0.017293
-0.007608
0.001869
-0.001803
-0.036005
-0.024864
-0.018943
-0.049468
-0.025386
-0.009879
0.021919
-0.013588
-0.016662
-0.008750
-0.024296
-0.031090
-0.054019
-0.057943
-0.064616
-0.005967
-0.000318
0.005974
0.077276
0.100995
0.093792
0.038724
0.069775
0.053497
0.004505
-0.010352
-0.020702
0.068879
0.086103
0.060636
0.045868
0.055429
0.026349
-0.012958
0.037404
0.093481
-0.065622
0.070388
0.071815
-0.003144
0.012259
0.150769
0.078688
0.130403
0.107405
0.078434
0.212131
0.146095
0.105618
0.077666
0.140563
0.029034
0.029338
0.008682
-0.013450
0.015246
-0.049847
0.016588
-0.071192
-0.009883
0.084301
0.037532
0.008432
0.047981
0.039419
0.008412
0.005971
-0.003939
-0.010802
0.065933
0.017091
0.008173
0.021280
0.022917
0.021461
0.011929
0.016312
0.017735
0.045172
0.015071
0.004722
0.005283
0.013288
0.009787
0.009569
0.006356
0.019145
-0.011832
-0.016559
-0.005091
-0.036704
-0.048533
-0.031332
-0.040811
-0.040328
-0.028657
-0.005510
-0.000139
0.011548
0.002294
0.001764
0.015377
0.004981
0.019797
0.030492
0.000234
-0.003345
0.012084
-0.003639
-0.008293
0.000993
-0.001473
-0.000039
0.006705
0.057603
0.030704
0.013771
0.035253
-0.000723
-0.027657
0.037487
-0.007196
-0.008661
0.071315
0.027165
0.005941
0.053866
-0.007686
-0.023961
0.052516
-0.010440
-0.011577
0.110229
0.037210
0.022167
0.084977
0.011716
-0.016382
0.076461
-0.003224
0.004202
1.056580
-0.758625
-0.923499
1.953466
-0.242987
-1.231586
0.326633
0.185695
-0.380015
1.957879
-0.954081
-1.962331
3.040359
-0.416626
-2.326872
1.628943
0.308930
-1.261804
0.809909
-0.426297
-0.885272
1.693935
-0.047095
-1.435015
0.371267
0.492224
-0.577831
-0.054195
-0.035293
0.022769
0.055074
0.082013
0.126140
-0.008676
-0.019429
0.101597
0.032448
-0.030413
0.018341
-0.086995
-0.137900
-0.081453
-0.090116
-0.130457
-0.059181
-0.048942
-0.041617
0.002718
-0.116412
-0.154518
-0.081820
-0.103559
-0.152659
-0.031623
0.004177
0.011157
0.004539
0.017261
0.015028
0.013510
0.030131
0.037095
0.027898
0.031887
0.035468
0.043099
0.042038
0.048895
0.045201
0.070801
0.061002
0.056716
0.045093
0.046059
0.043382
0.051813
0.044740
0.043772
0.055680
0.070210
0.057197
0.043476
0.014241
-0.027306
-0.017107
-0.137154
-0.128032
-0.042760
-0.183869
-0.130613
0.075265
0.009821
-0.085702
-0.001396
-0.201714
-0.189614
-0.065905
-0.266077
-0.180612
0.043816
0.005723
-0.082575
0.092889
-0.005695
-0.067154
0.015304
-0.075199
-0.036226
-0.024208
-0.034432
-0.037103
-0.012981
-0.021414
-0.018279
0.000597
-0.008910
-0.014541
-0.036371
-0.043956
-0.042144
-0.022927
-0.025918
-0.025608
-0.012754
-0.017599
-0.019089
-0.031546
-0.040838
-0.041602
-0.026133
-0.026092
-0.026827
-0.016925
-0.016117
-0.018285
-0.031956
-0.096888
-0.076877
-0.124563
-0.209465
-0.074339
0.113178
0.122172
0.239143
-0.015305
-0.160544
-0.121944
-0.075233
-0.251353
-0.157289
0.001597
-0.064624
0.012102
0.022731
-0.073424
-0.050504
0.026078
-0.117964
-0.085187
-0.075193
-0.133468
-0.062699
0.114824
0.060819
-0.035285
-0.039435
-0.159525
-0.061840
-0.172034
-0.174881
0.027900
0.176788
0.158700
0.088300
-0.197974
-0.341366
-0.096879
-0.351090
-0.340920
-0.015831
0.069698
0.079626
-0.064359
-0.041885
-0.069652
-0.011662
-0.214675
-0.104195
0.057656
-0.017723
0.246755
0.145174
0.260428
0.650069
0.509519
-0.001362
0.434129
0.342785
-0.073227
-0.116849
-0.166648
-0.187981
-0.276344
-0.278446
-0.119165
-0.180787
-0.167283
0.074291
-0.092552
-0.024513
-0.060378
-0.348636
-0.238472
0.041100
-0.164278
-0.038887
-0.004044
0.034885
-0.002374
-0.160332
-0.154403
-0.147728
-0.099415
-0.115997
-0.080426
0.070838
0.054260
0.096012
-0.183075
-0.250391
-0.208441
-0.109957
-0.183186
-0.089970
0.240319
0.224090
0.216866
-0.056688
-0.131734
-0.105065
0.014719
-0.069935
-0.053431
0.088116
0.002450
-0.041035
0.176532
0.080758
0.017335
0.016448
0.051891
0.108677
0.180796
0.078158
-0.123000
0.443166
0.254554
-0.021951
0.126131
0.019995
-0.093818
0.148724
0.040199
-0.147637
0.341955
0.147024
-0.094865
0.005672
-0.067548
-0.222617
-0.053737
0.116149
0.052140
-0.369712
-0.656615
-0.608614
0.260480
0.664923
0.467481
-0.246888
-0.138646
-0.178082
-0.298183
-0.727714
-0.691321
0.161654
0.521424
0.311195
-0.009106
0.183311
0.087624
-0.109800
-0.314524
-0.329280
0.015732
0.505716
0.219693
-0.209002
0.067998
0.222033
0.185347
0.139128
0.059023
-0.018423
-0.432220
-0.393895
-0.098284
0.033743
0.117349
0.294861
0.163252
0.100608
-0.102032
-0.509095
-0.430385
-0.128315
-0.018099
0.090457
0.278041
0.214302
0.082629
0.029782
-0.328331
-0.297611
0.186880
-0.214138
-0.062956
-0.060301
-0.481164
-0.331006
-0.063733
-0.386316
-0.226979
0.143592
0.525893
0.422067
0.429012
0.797814
0.726216
0.453057
0.872252
0.812122
-0.343352
-0.214735
-0.246671
-0.453617
-0.267872
-0.325537
-0.510038
-0.297718
-0.319616
0.023540
0.082789
0.060972
-0.053363
-0.050901
-0.114985
0.028593
-0.101689
-0.198975
-0.111676
-0.062406
-0.101400
-0.168963
-0.173166
-0.240796
-0.056926
-0.212122
-0.326378
-0.027413
0.022578
0.049349
-0.017594
-0.015397
-0.044516
0.067376
-0.077854
-0.119303
0.048242
0.083862
-0.155742
-0.165832
0.424750
0.092455
-0.687424
0.349076
0.040674
0.061995
0.170615
-0.286329
-0.234645
0.850997
0.422759
-0.966809
0.731967
0.303171
0.137348
0.101650
-0.058561
0.004912
0.167294
-0.044901
-0.356743
0.193279
-0.077243
-0.084878
-0.087140
0.208421
-0.179430
-0.379709
0.050327
0.078408
-0.119527
0.051967
-0.216404
-0.374793
0.142623
-0.211489
-0.548992
0.074159
0.036269
-0.255702
0.103728
-0.033655
-0.105229
0.107676
-0.053560
-0.175625
0.100421
0.040149
-0.046013
0.094993
-0.085419
0.124732
0.064207
0.016747
0.183823
0.081187
0.091154
0.210871
0.092350
-0.082093
-0.009624
-0.016651
-0.152423
-0.079183
-0.127943
-0.128751
-0.124685
-0.191663
-0.086513
0.105607
0.135059
-0.022860
0.136290
0.130446
0.061575
0.166211
0.150431
-0.258040
0.191530
-0.225674
-0.088820
0.375537
0.035660
-0.111976
0.189103
-0.143588
-0.366584
0.323754
-0.252045
-0.192571
0.720837
0.020551
-0.181628
0.364929
-0.182495
-0.179880
0.217589
-0.202538
0.024176
0.282036
-0.048908
-0.105324
0.098645
-0.130917
0.123442
0.130612
0.155804
0.136979
0.147192
0.166883
0.182604
0.193233
0.209698
-0.013162
-0.036528
-0.032095
-0.065453
-0.088199
-0.078979
-0.047621
-0.079818
-0.069754
-0.100827
-0.104500
-0.077045
-0.136820
-0.144550
-0.120046
-0.107297
-0.128810
-0.107588
0.039784
0.041998
0.115612
0.032203
-0.020810
0.061318
0.074484
0.105075
0.220835
0.018594
-0.007919
0.040225
-0.250415
-0.369394
-0.222096
-0.211074
-0.245153
-0.105536
0.163631
0.135263
0.259120
-0.185219
-0.244107
-0.088952
-0.108622
-0.138940
0.020202
0.015000
0.056834
0.097764
0.025330
0.041455
0.044435
0.043961
0.017466
0.040276
-0.010340
0.048462
0.072955
0.024498
0.037097
0.037631
0.062741
0.018031
0.031898
-0.049245
-0.006463
0.040620
-0.021529
-0.030326
-0.001374
0.036697
-0.020045
0.013713
0.044567
0.047608
0.042519
0.023853
0.032824
0.031261
0.017479
0.020981
0.023383
0.030398
0.024687
0.025345
0.001159
0.013568
0.014967
0.001627
0.006714
0.009782
0.007733
0.006581
0.000283
-0.011412
-0.000763
-0.002366
-0.011884
-0.008591
-0.011019
0.392554
0.254620
0.164961
-0.036795
-0.320752
-0.185393
0.234524
-0.249170
-0.187984
0.707991
0.391202
0.187542
0.067746
-0.556137
-0.472064
0.264307
-0.457816
-0.438200
0.167771
0.198249
0.050106
-0.073118
-0.227334
-0.118331
0.187295
-0.053017
-0.019730
0.026870
-0.094696
0.055280
-0.002803
-0.126649
-0.002707
0.013392
-0.117253
0.003145
0.007322
-0.105525
0.086332
-0.058530
-0.184180
0.024839
-0.101869
-0.195487
0.017715
0.012484
-0.072550
0.020690
-0.018544
-0.049628
0.023134
-0.040560
-0.093466
0.012808
-0.035070
-0.029514
-0.030943
-0.027373
-0.024021
-0.029199
-0.015944
-0.020110
-0.022832
-0.033021
-0.024536
-0.025114
-0.023029
-0.018985
-0.020903
-0.014699
-0.014333
-0.016306
-0.019225
-0.013684
-0.014807
-0.012681
-0.007881
-0.007989
-0.006520
-0.006449
-0.006635
0.000967
0.075095
0.041653
0.135851
0.245268
0.218121
0.186628
0.297287
0.271951
-0.076945
-0.052685
-0.033916
-0.104652
-0.037156
0.004897
-0.102076
-0.035205
0.001640
-0.073091
-0.020431
0.005027
-0.095659
-0.027430
0.031790
-0.065970
0.014445
0.071441
-0.004700
0.118730
-0.129062
0.085611
0.300924
0.032663
-0.020699
0.056078
-0.089195
0.003933
0.209850
-0.014502
0.108234
0.477104
0.193116
-0.160236
0.021670
-0.001655
-0.025190
0.078901
-0.109710
0.053766
0.239634
0.042800
-0.057679
-0.010650
-0.043974
-0.012132
-0.014163
-0.019384
-0.008933
-0.015276
-0.019450
-0.011948
-0.019118
-0.022934
-0.010358
-0.010950
-0.016106
-0.007174
-0.010603
-0.016078
-0.011404
-0.013915
-0.018677
-0.007293
-0.004359
-0.006074
-0.003127
-0.003127
-0.006343
-0.007880
-0.007152
-0.010599
0.104914
0.068706
0.082254
0.029253
0.049676
0.114912
0.070437
0.009879
0.038171
0.030800
0.100919
0.100894
0.005397
0.110363
0.153820
0.018775
0.014013
0.053526
0.009818
0.037248
0.037832
-0.013028
0.020604
0.077739
0.026020
-0.031000
0.000462
0.042422
0.026237
-0.121989
0.063589
0.022526
-0.018694
0.118772
0.174566
0.136058
-0.039593
0.108861
0.000956
0.022890
0.252417
0.226269
-0.110875
0.184667
0.254436
-0.080439
0.056430
-0.063050
-0.066578
0.105769
0.114708
-0.172227
0.086848
0.171960
0.032942
0.039586
0.023245
0.211123
0.251310
0.224519
0.144107
0.157632
0.142564
0.152053
0.071335
0.063185
0.095489
0.007595
-0.002018
0.102871
0.013158
0.008593
-0.147868
-0.186888
-0.117729
-0.283922
-0.322820
-0.263343
-0.254690
-0.285828
-0.246390
0.015395
0.362826
-0.189641
0.462238
0.229586
-0.308511
0.088669
-0.188416
-0.632320
0.162947
0.777833
-0.276792
0.941411
0.573472
-0.402411
0.040571
-0.413164
-1.184950
-0.065261
0.373550
-0.194966
0.197976
0.234433
-0.171819
-0.068273
0.003563
-0.344788
