0.277139
-0.424485
0.210500
-0.676761
0.126840
0.792796
0.258761
1.370247
0.163129
2.006177
0.056673
-0.531290
-0.618439
0.553818
-1.132848
-0.077552
-1.089242
0.110028
-0.192950
-0.745635
0.971630
0.997951
-0.325446
0.933101
1.739419
-0.604494
-0.285403
-0.341721
-0.052775
0.068939
0.307619
0.720351
0.095914
1.632188
0.465881
-0.071902
-0.808033
-1.357906
0.546824
0.750377
0.089708
1.654920
-0.075833
0.531610
-0.164103
0.194795
-0.038293
-0.072061
-0.365635
-0.345195
-0.968415
0.035624
0.791842
-0.686338
1.165597
-0.077272
0.101566
1.016846
0.062678
0.160565
-0.755222
-0.044136
0.012015
-0.124970
-0.729909
0.700032
0.387715
-0.539364
-0.178916
0.971246
-0.135640
-0.185758
0.181814
-0.557105
-0.072405
1.242466
0.646333
-0.429882
-0.974984
-0.934915
0.267028
-1.006932
-0.317020
-0.275916
-0.947185
-0.934440
-0.097819
0.134113
0.624961
0.211457
0.040679
-0.093323
0.162136
0.572884
0.397702
0.273194
0.352190
0.376083
-0.798621
-0.010593
1.556984
-0.095265
0.390306
-0.067034
-0.156821
-0.297928
0.026093
-0.344105
-0.358745
-0.824417
0.120523
0.148776
-0.082042
-0.071504
-0.515279
0.048932
-0.909313
-0.155216
0.975921
0.714914
0.345281
-0.213764
-0.440266
0.211402
0.449063
-0.030005
0.584773
-0.557337
