28
-150
-18
97
216
-67
-10
-29
495
88
1340
-275
279
-3
-5
964
-172
479
-186
-35
151
-317
464
-169
1065
-175
-814
3335
-67
-521
-107
-271
705
-555
501
157
-171
144
65
-197
-132
781
7
133
181
28
37
1306
11
311
107
17
127
1789
6
67
0
1008
14
3
2
3
67
1346
54
26
5
7
13
1994
520
18
3
68
5
135
0
14
197
295
494
16
289
284
137
188
156
193
311
212
119
267
132
124
77
496
96
186
90
123
33
1
27
371
184
14
66
903
301
543
698
289
1039
249
230
530
748
232
1617
381
150
191
762
268
462
335
-72
-49
191
787
309
222
-119
-122
-2
1567
623
-49
-116
-121
-25
503
305
-95
-70
-121
-151
-65
-139
-52
-110
-76
-41
-171
-6
166
-119
-32
-1
-79
755
127
-118
-132
-83
434
-51
-128
7
155
-372
-591
-548
-283
39
-113
-170
207
-145
-369
11
-121
-226
-449
-595
-605
-111
-419
-115
-130
-170
-475
-109
-201
-298
-278
-68
-286
-15
1001
404
-294
-24
-222
184
266
-36
762
-69
-155
-108
-76
-86
-62
-76
-118
-121
-89
-180
-85
-55
-181
-127
-313
-129
-459
-402
-124
-205
-57
-210
-376
142
-226
-105
-71
-236
227
-605
246
-160
-266
-143
-491
-163
-533
-151
-275
299
19
569
-79
30
60
120
104
90
53
16
136
261
130
135
194
71
173
419
713
-19
729
286
432
795
-54
613
75
226
376
-72
-155
442
214
121
261
-456
493
-954
78
53
-199
-128
-858
285
73
86
11
29
31
24
6
6
252
84
872
155
42
197
40
948
310
1411
60
11
344
306
524
419
355
457
2491
357
5930
455
2932
61
139
243
101
357
442
97
85
376
108
72
82
652
40
351
607
961
-405
369
-645
162
-225
-105
-71
-78
-442
-793
-962
-727
406
-365
118
-402
499
-962
1254
-75
-344
-1307
-79
-726
-433
435
188
171
445
-128
722
715
272
732
1
500
795
76
55
110
79
81
65
77
62
109
77
75
97
3
60
18
145
94
88
31
81
54
199
0
153
10
38
9
85
116
0
153
294
52
604
9
44
29
357
201
55
126
13
271
467
310
109
135
200
208
351
347
-2
377
417
-3
-11
-20
-27
-17
-5
-1
365
-2
585
-1
604
223
1293
2320
2933
1747
733
-2
-9
-4
-12
-13
-17
145
-2
-7
-3
-3
77
233
381
771
823
798
612
652
327
256
622
412
6
46
2
253
389
311
94
318
807
1597
1976
1882
1032
408
333
48
487
140
34
133
167
409
788
446
198
589
571
1203
1070
1455
749
-75
-124
-63
-133
-82
-103
-64
-26
331
-107
85
178
-70
-6
-208
-125
-245
-19
-128
52
-72
-139
-71
163
-60
306
396
156
-253
1300
167
-171
520
-696
607
-404
-53
-93
-12
5
-253
274
-8
-10
155
-7
-1
-4
-3
345
914
1661
571
323
-1
-2
174
1111
205
-7
-1
-20
-21
-40
-16
-14
54
819
304
1069
254
1092
-3
-1
-7
-13
-8
-10
-1
-8
-9
-13
-8
-5
118
-2
-69
-39
89
514
-72
-97
-100
65
-86
-116
-90
-85
-201
-77
-219
-146
-32
-75
-216
-121
-155
214
306
420
20
-5
653
1377
302
10
-200
-263
-89
750
397
371
492
992
65
64
159
0
319
173
13
391
275
391
996
296
558
683
401
16
1101
396
1086
461
793
494
1048
443
873
81
760
403
677
124
514
206
490
554
490
352
711
101
277
564
395
442
745
36
225
103
216
282
65
74
280
813
272
68
432
14
6
244
1046
169
584
575
468
211
329
909
504
610
31
84
246
439
42
51
73
29
73
178
165
23
677
816
372
2391
451
695
172
354
403
61
17
175
126
52
242
206
662
278
110
742
758
114
1058
542
265
848
575
288
773
537
1223
1592
575
527
636
1031
1180
1441
1489
408
1793
994
743
1190
688
282
1074
884
22
8
87
122
78
12
48
82
131
95
119
78
2
144
1123
1519
970
31
78
231
381
279
262
113
18
500
1581
2144
1099
230
59
182
128
173
84
3
1
278
427
220
65
120
29
174
942
1109
728
498
369
1051
766
287
74
729
206
652
279
475
8
1265
128
784
824
891
2122
2396
23
136
167
208
310
750
40
374
858
1020
916
620
364
655
797
76
397
715
-204
-109
44
739
643
170
102
605
1137
1337
1607
1432
-58
-45
-122
205
-75
640
-65
265
573
-1
-118
1452
-63
442
1354
-124
696
352
-85
-267
340
-98
-191
-215
-104
-157
-168
180
-262
956
19
57
150
137
193
125
55
15
812
1000
1137
418
1
135
36
132
5
50
310
690
178
167
135
104
10
535
1392
1286
1394
1160
76
89
146
315
816
15
13
40
163
227
231
75
12
753
1435
2553
2480
1305
43
15
386
57
292
1214
9
9
82
93
40
506
23
526
94
467
11
376
47
87
40
153
51
196
53
108
150
132
231
143
32
29
40
35
57
47
62
78
214
210
335
281
199
157
803
291
159
226
167
183
292
303
62
175
5
364
330
484
109
88
13
32
587
1315
205
3
50
73
661
393
401
930
67
51
619
261
114
0
411
-146
55
504
-235
-69
217
-185
-236
-230
-49
443
-8
1120
-12
-90
463
-35
-9
340
-558
1899
-6
-183
899
102
-74
788
-71
-66
752
-161
-39
1461
-41
-280
579
475
-117
1368
167
535
298
359
879
763
778
371
558
-56
352
621
1421
-251
291
-140
325
-107
1384
-384
400
-249
557
-199
1119
-321
299
-281
591
-193
1098
-356
-58
-294
42
-234
312
-347
-182
-216
-173
-207
-160
-223
748
316
144
171
184
78
538
128
72
431
77
65
382
7
827
106
285
586
429
642
16
848
59
904
789
27
565
295
565
475
629
39
1262
874
2457
145
819
439
113
1212
52
585
-327
-327
-331
-255
-250
-250
-243
-404
-183
-204
-337
-315
559
93
656
-153
-137
-485
-480
668
-433
-200
185
-59
658
-289
886
-214
617
737
-90
961
-275
-250
371
817
-32
1163
121
974
85
1390
-287
-196
222
150
-26
211
-273
-296
-358
-121
-177
-229
-313
-160
-842
-15
-1016
-188
-263
905
-315
3058
-254
1404
-233
-393
505
-529
1032
-459
-202
-180
-229
-874
-337
-201
-224
-44
1937
-77
1885
-133
-63
-90
-112
-138
-148
-143
-4
85
42
1049
-78
-7
37
113
-10
2317
153
118
-18
-33
-289
-20
-337
-60
-71
297
-589
521
-462
591
-85
80
-100
-334
819
2084
-49
-59
-102
-492
-378
-292
40
155
121
42
7
62
93
56
266
10
456
71
87
199
69
541
27
288
351
172
965
648
895
388
87
932
25
1934
79
381
53
316
490
519
562
101
98
273
346
0
203
178
-106
-1
859
1123
928
409
-75
552
748
1229
913
397
-62
-83
-104
-162
-132
-105
-50
181
-80
-157
-50
556
86
-44
-30
-171
96
-32
-77
71
92
-128
-176
-146
-21
169
-38
-69
-191
-148
5
241
419
570
584
348
-277
-22
-461
-47
-676
-24
-489
-294
-927
-19
-583
202
-492
64
337
494
726
-85
-43
-659
-441
-1234
-576
-541
-499
-1039
1
-124
140
-18
104
183
-32
99
-137
-157
219
263
459
22
376
326
382
761
561
114
315
732
364
43
899
181
618
241
68
478
1506
477
1682
22
26
143
610
374
411
338
61
655
138
359
380
954
90
698
171
381
450
329
-208
-191
-193
78
63
-119
-244
-70
-242
-8
-93
-163
-193
-231
380
-56
-156
-194
484
-261
132
238
285
-305
603
269
1
-356
-252
-56
-17
-181
-370
-548
-429
-330
358
695
-112
-42
-125
374
303
43
192
247
172
30
429
159
160
736
462
177
597
186
122
907
464
624
705
135
83
969
912
645
665
119
115
1271
956
276
717
91
376
709
469
254
542
200
514
98
153
277
453
882
350
948
853
654
602
1281
780
1415
833
1039
97
59
-239
560
-109
567
-55
380
78
1092
557
890
-96
-60
-147
-66
-70
825
-44
405
-73
-97
-169
599
308
660
108
634
14
648
47
136
238
236
437
6
90
154
48
47
17
34
132
126
184
10
170
546
174
272
331
828
442
1139
184
9
366
916
472
1113
187
34
295
642
479
920
138
65
88
106
140
324
-1
-4
207
341
-19
-20
121
335
-14
48
517
-17
-6
-7
-40
-16
-15
-19
151
1592
-14
223
-18
-20
-6
420
-26
-6
-19
-6
35
21
-8
-7
-13
-7
-5
23
411
918
-39
-22
64
19
33
45
-5
74
-21
-14
-12
-1
87
-11
-13
-48
-43
-31
-34
-19
-47
-52
-75
-66
-62
-29
-6
-81
-170
-222
-199
-92
-40
-58
-59
-59
-24
-20
118
428
408
134
-24
-4
-139
-107
39
67
-20
-145
-134
-101
-20
-32
-48
-131
-140
-76
-91
-38
-83
-68
-139
-95
714
1104
891
-63
-135
-148
267
97
212
-143
-143
-78
-82
-79
-129
-92
-153
-109
-89
-49
-96
-115
-23
-23
407
684
748
317
-24
233
717
410
378
-36
-24
-54
-133
-142
-93
-28
311
1219
1478
2590
2047
1800
-36
-50
-101
-93
-138
-71
-45
-110
-117
-157
-127
-109
-34
-54
-55
-66
-72
-67
-183
-197
-207
58
-196
123
-200
-279
-224
-293
-303
-235
-66
-399
-195
-669
-156
-576
-225
-203
-392
7
-374
-177
-116
-125
257
-49
390
-134
-142
-356
76
-335
80
-319
-54
54
-269
519
-261
-49
200
318
233
560
633
363
-13
224
-30
84
-27
100
-21
931
228
964
482
1460
-1
968
-33
474
-45
955
-18
790
-38
1393
-43
779
-9
691
457
249
-10
888
-5
-12
807
-38
-16
632
53
330
616
576
541
465
49
132
177
16
81
3
118
1079
962
179
857
1487
102
710
86
381
232
130
50
341
148
509
20
141
71
112
412
105
129
406
123
299
395
356
646
612
-6
368
65
17
42
226
-4
133
-32
748
-71
723
307
361
1119
-21
1340
-17
-29
388
-88
621
-126
917
226
43
802
-26
977
-12
226
797
1805
-23
2131
187
33
-12
-81
-9
-91
80
588
579
540
505
543
600
-49
-628
-364
177
-266
-555
401
301
212
238
-141
-239
-63
61
-186
16
-159
433
182
-113
94
403
-374
-283
-26
-181
-330
295
-79
-214
222
512
149
498
50
520
150
160
-3
-24
-19
5
3
-3
68
355
241
8
-2
-4
366
1293
1058
223
-3
-12
-17
-16
-32
-23
-2
-3
-5
-4
251
223
-2
184
447
561
1251
925
-6
-7
118
370
-1
-9
-46
-48
440
-96
128
126
-41
-32
1196
-14
797
390
-59
-114
-66
-129
-56
-89
255
-32
477
-45
326
-103
124
-31
65
129
-5
-9
-6
875
-40
1433
45
287
-34
271
275
66
1031
-89
50
76
311
-8
68
162
287
143
429
489
272
356
304
428
800
351
927
317
-3
-281
78
-1111
-148
-458
280
158
1011
708
470
290
106
-225
1
-208
377
242
-17
-65
27
-362
6
-255
402
-70
-188
-208
45
-113
402
338
873
173
404
633
395
583
-4
490
157
419
402
398
133
161
150
400
397
387
-500
-46
-437
388
395
391
321
960
293
389
410
407
783
-435
814
413
167
193
35
28
67
41
237
232
72
5
50
104
461
579
451
417
302
338
415
391
313
173
208
213
437
516
681
386
494
311
150
130
356
84
247
24
123
18
30
287
28
42
273
641
265
21
87
591
391
234
595
414
538
274
323
499
303
229
388
279
172
364
193
239
262
8
338
458
176
182
159
341
93
170
163
32
201
18
141
678
223
178
575
413
15
-220
29
-421
-92
-235
27
-108
420
-72
255
-149
-92
-245
644
-347
515
-197
-52
-255
-198
-641
-252
-600
-85
-24
-99
605
534
-314
-40
-84
208
340
1855
-278
-80
-95
-188
768
-117
-234
-5
-11
-7
-1
-4
-8
706
-13
68
1694
1350
-35
1113
-22
709
-6
121
-28
511
-1
1667
-11
1061
729
-3
623
1357
-4
1871
289
-6
-6
-7
-8
-3
-9
-3
-2
-9
-5
-9
-3
16
1074
360
714
474
333
82
124
151
132
288
180
331
662
701
252
794
413
387
2211
511
121
395
1971
222
253
539
21
800
174
357
869
1141
213
1022
897
79
149
146
69
88
197
880
868
-72
784
-41
660
856
718
-146
275
-201
418
218
-220
-112
-1059
-129
-466
165
-464
-372
-1438
-356
-703
-51
-512
-256
-1624
-46
-633
446
-70
-284
-279
-120
-76
609
648
748
530
794
1015
133
390
392
10
190
444
149
335
430
46
379
464
20
612
358
629
293
613
181
145
354
9
47
407
225
270
481
378
372
158
81
363
495
178
28
870
288
376
386
538
657
348
506
655
685
458
417
765
408
310
3
16
69
259
127
251
488
443
459
350
843
830
1237
632
957
776
151
572
840
1539
993
490
464
856
835
1262
701
773
344
40
619
421
566
0
25
38
-250
-160
-251
205
580
471
871
872
676
762
473
-875
-752
-1186
-1165
-694
798
-229
184
426
168
134
828
-135
417
-61
257
-154
880
-13
189
-600
-13
15
-48
13
-373
360
-421
469
-131
-75
-118
-76
-108
-125
-95
-43
-38
-23
-54
-65
-76
215
523
1230
99
176
-72
478
516
1788
855
636
-83
260
1780
1146
2582
855
-100
-18
1163
936
1601
778
-117
-66
288
1446
671
54
-441
-347
-343
-111
-79
-624
-409
-324
-177
-11
-112
-20
-351
-181
-50
-265
-50
-534
-301
-223
-241
451
195
45
-239
-101
-13
-39
111
-205
-202
-112
-79
-321
-124
-159
-246
-1
-171
-291
-264
-166
15
271
144
278
81
111
200
42
224
176
484
212
419
80
684
130
745
266
410
845
182
65
368
876
200
244
433
303
707
583
137
194
490
227
286
22
158
827
1340
78
918
823
173
172
146
118
191
166
121
503
1301
2152
2008
1022
143
299
436
588
343
286
191
233
275
298
245
166
37
669
2346
1863
1575
57
179
346
550
743
769
486
218
217
339
150
319
139
48
337
95
157
485
348
109
558
75
114
506
502
136
626
174
300
500
161
117
577
106
5
65
322
315
623
497
934
41
95
119
123
587
237
119
90
4
603
520
207
179
40
201
216
212
236
263
233
174
43
73
307
0
46
201
268
392
606
488
347
171
321
293
978
292
529
247
447
247
462
213
283
45
2
222
69
84
62
161
285
915
330
697
208
475
410
706
436
338
1090
501
132
475
-189
439
204
999
-53
1311
654
1142
-22
1199
-139
39
1246
-6
-39
1036
-58
-185
734
-107
-7
741
226
397
1601
614
266
424
179
109
372
146
154
419
820
726
706
722
794
667
-177
-83
-227
255
50
496
-104
365
252
383
713
-113
-346
-512
-174
-200
203
-380
-593
-769
-927
-715
-310
-264
-270
187
-656
-371
-255
590
806
113
618
495
726
895
738
577
573
713
854
744
577
738
787
756
804
421
194
271
381
67
116
392
480
265
23
94
275
450
646
480
212
247
417
653
186
455
81
37
591
962
211
144
578
495
465
-64
-60
-408
2662
-35
-195
-59
-56
-629
1673
-527
-244
-58
-108
-445
-583
-386
-403
-57
-128
-313
1954
-74
-75
-54
-158
-814
-2
-1213
-236
-45
-40
-465
-674
-661
-205
-40
-41
-97
313
-71
-48
662
630
21
77
71
290
350
10
109
74
108
100
166
90
61
18
42
132
171
18
28
42
32
452
449
1062
1062
98
559
977
166
7
191
808
404
56
64
21
8
217
166
14
-185
559
-16
-10
85
431
-251
1003
-7
509
212
962
-208
933
119
1450
193
1399
-249
1081
-128
1411
-133
1439
-244
1041
-86
1332
-114
1498
-317
632
-117
335
-162
1215
-217
71
-55
-2
-84
464
36
546
1100
1254
1147
389
65
812
1238
1493
1276
400
32
523
607
479
235
51
78
85
149
416
480
478
82
32
358
386
645
489
130
283
550
805
816
501
205
428
363
704
442
540
369
193
299
419
402
450
395
223
241
246
101
160
359
354
166
-25
-421
135
345
215
39
-502
-191
126
240
-133
-119
-144
-140
201
66
-153
-83
360
175
234
242
192
478
659
410
283
-27
123
36
254
115
-20
-29
-37
-31
-84
-46
-34
26
-50
1123
-150
1030
-35
-12
-46
-7
33
-2
-43
640
319
169
350
748
-87
211
652
1716
118
1425
115
-40
-67
-28
262
-40
-93
-25
-22
1236
852
1195
131
-32
679
284
1672
209
55
-18
-45
1250
679
1045
-15
-41
1137
2463
835
2463
634
-9
-16
-51
3335
-38
119
-42
-3
2259
-76
2925
807
-15
-27
-42
1402
-24
-22
-216
-199
-199
-213
-230
-214
-207
-212
80
-61
-12
-19
-67
-32
1004
692
772
311
-42
-90
1386
117
1395
-98
-32
-166
548
152
827
-54
-122
-153
-119
-28
-27
-85
-137
24
-2
-5
163
-211
311
235
86
283
58
-29
159
2
449
-471
-60
799
66
261
-45
-809
-790
-164
-104
-641
-677
-501
-1032
-1100
100
352
704
-784
1284
-27
43
-528
-992
-18
-1499
-767
297
53
21
-850
-95
1141
67
140
-58
456
-31
-21
-309
-423
-261
-337
-647
-271
-235
-58
-149
1016
100
-538
-198
488
1440
2179
1071
914
-448
-189
899
384
1056
-311
-177
42
-138
1604
-126
6
-20
773
1592
850
1236
629
233
573
513
669
482
399
1
1
11
8
12
31
384
1742
1257
2816
1946
1486
2
8
22
11
31
8
1
702
6
1680
468
551
2
330
77
451
14
721
9
8
949
50
739
237
-48
-23
355
856
910
246
-23
257
60
-19
-20
-20
-74
-82
-78
-70
-46
-49
20
915
2026
2340
1799
834
-79
-134
-198
-185
-187
-126
-10
498
938
968
670
236
-60
-90
-81
-94
-88
-65
57
136
171
104
117
105
9
17
128
497
1008
281
14
85
108
206
187
142
16
99
103
175
255
186
12
54
535
2550
1146
292
1
10
63
455
366
697
75
93
132
180
211
34
87
174
-101
806
455
-164
228
872
915
2236
1627
-16
19
506
-270
475
-196
404
-111
523
-569
356
-486
701
-128
1014
78
552
-230
670
-200
147
-35
62
-139
-42
-102
-153
-249
-125
-76
-166
276
-6
121
317
355
-21
266
-61
-34
77
-3
-59
351
-30
877
208
1266
-55
290
-49
-41
273
-56
-42
328
230
-49
3112
-71
-5
341
-32
-106
1233
3
-31
-19
-27
-93
-97
-138
-17
280
282
247
327
318
205
195
3
321
330
260
40
119
56
382
7
216
328
286
699
400
997
935
1107
483
65
80
57
38
2
144
175
211
852
814
790
264
1273
466
297
94
289
-204
-26
205
-198
152
-43
-149
-151
-260
-180
-382
-96
-279
185
-352
781
-166
52
172
-565
1086
-834
62
-499
-68
-467
-1
-387
720
-541
-199
-65
356
169
2
251
-151
-57
-231
-350
-98
-364
164
439
183
282
140
9
0
21
314
152
126
340
17
10
37
17
22
66
123
866
1041
1060
1147
357
19
16
52
74
57
29
10
367
1114
774
953
399
6
6
18
22
19
6
-63
-89
-17
-141
-32
-71
-19
198
600
578
505
421
-38
253
-91
825
-51
488
17
-88
967
-143
855
-14
-30
567
1051
942
962
402
-30
-43
-34
5
149
-37
-22
-29
-20
58
-7
71
1244
868
943
-322
-49
1465
998
854
-99
86
-13
1673
951
1790
-340
739
-299
2307
1003
672
-193
409
-209
229
1238
399
493
-27
592
415
811
1553
690
-46
-82
541
116
255
313
636
640
652
13
40
661
906
873
601
123
420
1132
1602
1680
1089
68
192
101
86
324
466
245
828
921
1445
978
498
32
36
90
110
55
299
33
442
474
764
559
620
156
362
340
586
354
26
15
1
35
98
73
13
84
30
85
86
66
46
92
1
180
53
1074
6
57
5
32
47
27
34
130
654
8
124
93
784
161
233
65
690
26
32
88
3
311
707
204
25
-57
-102
-93
-211
-158
-90
-47
-38
-20
-32
-48
-19
193
425
1911
2035
2274
574
-43
382
1324
1648
1605
755
31
44
-267
1164
-222
249
121
1246
1827
1507
1644
980
-40
-60
-40
-106
-90
-74
154
87
116
265
12
24
115
33
579
905
491
59
109
275
115
1642
6
784
117
433
27
1775
689
1370
331
253
355
190
173
620
419
395
92
353
156
8
420
563
198
364
220
363
-12
-12
-9
-2
-3
-11
-14
-18
-9
-2
-9
-6
-14
-12
-9
-9
-1
-6
-12
-11
-6
137
372
-4
-14
-12
365
1067
313
-2
-15
-15
690
-18
875
-16
-11
-15
-7
221
-5
-16
312
464
453
63
7
13
453
194
201
6
16
28
229
305
159
0
349
501
960
1380
1695
2026
1766
1164
196
82
133
160
124
101
310
1695
2264
2555
1575
555
32
41
114
83
77
9
503
114
308
-74
378
90
92
-121
-140
69
-98
321
482
1275
531
2568
70
1513
57
-738
-579
-1716
-446
-677
641
167
138
-21
1
249
252
-259
125
47
568
492
-109
-272
-183
116
146
388
408
106
441
620
560
202
245
217
715
794
745
186
65
443
1302
1503
1750
699
90
450
765
998
876
398
503
205
346
1149
505
468
402
261
57
384
312
27
872
612
520
698
946
1114
465
509
528
23
302
294
54
117
35
174
292
78
130
23
327
710
156
266
167
65
249
757
302
251
2
1069
466
2210
530
1079
238
299
462
305
15
867
32
288
476
303
336
356
-211
-249
-141
-45
-17
-194
-159
-94
-334
186
-111
-101
-157
-360
-276
147
-78
-27
-160
69
-19
262
192
-274
-169
30
1245
1291
776
-231
-181
-72
94
-45
348
297
-201
-388
-421
-24
-451
640
45
372
764
796
856
1000
411
131
241
443
130
176
27
159
301
131
251
62
16
273
214
332
452
368
24
207
235
716
461
318
370
517
465
1223
552
91
82
158
59
148
125
186
-264
-233
-206
-158
-243
-206
-260
-200
-408
-80
-357
-47
-278
186
177
947
269
174
-230
-314
-96
-91
-2
-31
-214
-2
-29
675
81
246
-186
-95
-64
-124
-150
-572
-217
50
213
1054
1391
1009
-15
87
-51
150
-29
-29
-14
174
-137
579
-251
401
167
196
722
-318
789
260
133
-90
505
-649
858
-70
419
-30
312
1401
763
-136
11
200
-3
407
-212
522
189
32
-230
-232
-238
105
-98
-155
-294
688
-76
-231
-149
-91
-353
373
696
-308
-95
-191
-341
448
-292
-141
-144
-36
-24
-287
-4
-163
-136
-302
-205
-267
-182
-113
-130
-85
226
-143
-250
-112
-111
-262
-157
389
298
-199
66
186
206
-4
-5
-4
-6
-8
-12
28
-2
52
-1
502
1013
894
983
478
-8
-18
-41
-21
-36
-5
-3
249
1690
1341
1362
65
-7
-18
-19
-21
-22
-27
36
88
566
304
585
172
17
52
28
141
50
10
41
36
62
456
15
42
99
19
1638
65
1339
6
38
53
97
20
90
57
14
2
1497
42
1657
5
357
11
296
13
843
20
27
14
62
35
63
27
736
25
-525
-554
-509
3
583
273
298
228
411
619
667
459
33
-162
-76
44
473
-104
-14
-510
-108
-127
732
971
1167
738
1341
1119
1088
1071
-29
-17
-53
1208
988
944
-25
1447
-19
989
-16
-53
-51
-58
-54
-30
-74
-116
-105
-95
-81
-84
-61
-82
-140
-117
-125
-79
-63
-109
-144
-95
-128
-85
-53
-132
-168
-147
-145
-96
-28
-97
-78
-137
-84
-49
-47
-111
-111
-182
-144
-84
273
109
1068
444
1125
407
227
165
1680
445
2027
632
101
679
2272
500
2373
999
384
1251
2141
407
2139
1379
767
1280
1562
449
1251
1400
722
1460
1729
641
974
1768
498
830
802
327
359
973
49
76
12
234
247
14
32
63
272
561
1231
99
54
85
63
79
14
41
61
135
88
104
59
53
63
102
61
123
52
60
75
71
57
22
54
73
80
54
49
45
78
75
-556
-538
-417
-423
-366
-481
-311
-203
-88
-89
-51
-328
-487
-521
-531
-692
-357
-316
-465
-205
-34
-411
-20
-341
-541
-352
394
792
309
-505
-502
-552
-548
-713
-555
-597
-469
-359
-153
21
-31
-210
985
337
52
107
246
10
750
77
400
446
789
716
199
410
708
826
1093
888
358
56
315
115
717
213
589
536
353
146
456
375
1066
1078
1164
1421
1435
1257
1274
1304
1439
1438
1467
1294
-7
-40
375
440
455
175
-67
182
-227
-41
-259
99
-337
-372
-423
-184
-357
373
-448
-410
211
-156
471
-326
-403
-782
-1062
-533
-745
-428
-244
-293
125
125
958
1028
-95
-384
-164
62
320
-83
-270
-71
111
-223
-239
-21
-80
141
-22
-137
-205
72
-373
-379
-406
-62
-92
-592
-308
-230
-58
-137
-219
-339
-147
-211
119
-153
-92
-451
-249
-169
-660
-104
-401
-465
-432
-418
-510
-657
-580
-607
290
792
1157
316
683
875
144
851
132
282
778
961
340
52
317
107
966
136
467
165
138
163
6
267
831
397
742
119
844
526
630
487
67
40
234
732
178
154
93
60
57
155
236
102
821
468
722
366
106
1414
1730
369
1055
1522
13
841
109
65
680
512
229
435
997
64
1228
283
416
788
143
369
266
1028
662
32
1889
256
2240
67
881
817
1502
454
1657
648
-34
-43
-40
-49
-74
-69
-48
-67
-60
-37
-22
-36
-44
-54
-28
460
596
128
-51
-101
-110
-122
-153
-93
-26
-28
-47
-105
-76
-73
-39
-67
-6
443
-15
-96
-10
-7
-2
-41
32
25
39
642
1946
3288
2522
1210
225
725
1357
2862
2294
806
138
345
834
929
1042
486
60
266
1264
1110
960
1059
294
13
345
960
438
337
172
130
436
431
411
270
106
101
466
36
437
123
491
685
1060
1170
1179
1070
335
34
266
280
42
216
41
557
1105
1225
925
477
88
816
1529
1596
1052
623
134
1096
1546
1442
1195
1062
10
703
887
697
562
549
307
231
338
110
233
269
216
-297
781
-645
-103
937
318
-615
748
-269
502
-509
419
-339
-279
-168
-184
-193
241
24
1286
-814
658
589
63
-89
453
325
215
210
151
112
-1452
2505
-1238
507
-108
-111
-833
251
-717
69
135
31
-12
57
45
20
-25
-89
-89
21
133
-64
136
28
100
219
264
-31
125
-142
-144
-59
-119
-121
313
27
-44
409
-128
187
175
-12
-224
210
-432
-40
84
237
-42
1269
-10
460
-18
242
478
275
278
165
-274
25
-410
376
-144
113
598
1021
2656
1995
3185
1273
-288
360
18
232
-345
-65
-64
530
-96
586
-420
-62
-136
-51
-571
-296
-374
160
-202
-238
-273
-352
-243
-162
12
99
386
449
362
141
49
222
1039
1261
1216
434
39
79
25
94
331
28
13
106
146
208
189
45
62
93
318
218
333
107
92
245
321
370
346
233
109
141
134
155
241
207
-4
-43
-69
-79
-75
-41
-35
-62
-87
-116
-105
-44
90
636
1132
1576
588
-20
127
18
-49
-80
-29
169
300
1001
1428
846
1598
1452
222
712
917
361
198
568
-92
-187
-245
-164
-185
-198
519
-20
732
-67
16
620
509
222
28
56
-154
983
278
-45
-77
-9
-140
228
509
190
707
455
867
106
712
89
516
7
-177
1041
672
151
-111
883
-178
248
416
414
-1
937
-43
982
699
645
433
57
337
638
818
331
-443
38
-458
162
561
402
-756
1683
-677
-167
385
290
-269
345
-580
-235
608
415
-647
787
-776
114
575
6
-585
370
-268
-27
575
32
69
1064
-64
317
75
115
142
85
125
142
249
626
1624
2220
2008
1038
102
61
158
588
377
181
545
264
268
211
83
341
756
220
1681
1295
1705
201
27
356
159
255
66
466
9
55
211
485
367
15
-17
-73
-108
-137
-57
-90
-15
-76
-158
-189
720
-34
-28
-75
-208
-137
293
-317
-36
-45
-41
-92
-134
266
-22
-67
-40
-151
-272
-188
-14
-27
-17
-104
-137
-65
-54
-124
-153
-123
-86
-92
10
1
477
153
241
309
68
926
1003
1179
1083
496
58
377
2
13
0
4
7
24
33
45
30
20
12
13
42
40
46
22
6
2
16
24
27
22
2
10
25
39
45
28
-129
-546
-1043
-190
-564
-838
-611
-449
-404
434
-806
-42
-338
443
633
11
-174
638
-80
202
260
-739
773
-161
-224
89
-1357
1070
-960
-64
-205
-519
134
-467
-240
-190
-87
-257
-345
850
-569
-309
207
78
544
1007
566
118
273
308
238
134
7
459
287
299
86
214
54
68
130
273
35
238
180
585
266
848
1677
1952
1517
747
153
542
1841
2338
1953
178
232
360
884
1483
1264
446
-123
-147
-206
-155
-186
-223
-103
-91
-15
-87
687
-27
-106
-105
-284
229
-437
-13
-117
-140
-159
-230
-156
-22
-99
-265
-180
-255
300
-226
-124
-36
-93
-244
-187
1218
-40
-68
-255
492
-23
-203
324
224
103
500
190
169
217
-5
272
-30
-7
-13
494
-2
626
-26
-34
334
477
790
-114
1074
-74
109
314
802
306
-104
333
-4
288
89
1054
-112
224
258
732
193
1299
-45
786
616
-80
-76
-80
-78
-76
-75
-82
139
732
1157
489
105
-23
-31
473
704
294
-94
-55
-244
-189
-427
-214
-211
-69
-18
-220
-53
-211
-61
-63
-89
-107
-111
-151
-117
-60
-54
-52
-52
-32
-45
512
772
405
105
91
729
740
773
743
36
578
1143
975
787
1001
267
581
110
649
86
271
421
349
186
668
740
721
1650
663
188
366
89
280
236
287
208
258
61
27
60
57
61
24
5
30
31
34
14
4
11
12
246
156
12
2
257
1264
1884
1693
665
7
1
37
315
2
1
96
273
73
4
254
271
3
7
18
24
3
236
3
94
4
2
16
6
-227
-427
-524
-631
-727
-462
51
28
569
797
495
392
-10
-174
-43
277
-659
-585
-58
233
-153
1822
594
1156
-69
316
122
1698
1406
1858
-228
-299
-314
-338
-255
-203
-245
-362
-388
-510
-410
-358
-25
184
136
260
99
-33
-226
-184
-414
-257
-415
-217
-166
214
-305
140
-395
-160
-210
-119
-26
1176
-45
-152
-100
-92
-658
-220
-885
-200
-227
-67
895
1875
991
-176
35
-34
-617
286
-578
-151
319
625
276
315
146
227
110
591
176
96
50
906
146
61
165
335
54
107
80
84
337
2325
286
68
15
132
827
293
936
16
11
155
954
337
869
146
28
75
108
442
170
131
27
55
-19
-103
-120
-106
-92
-138
-174
-185
-51
-19
314
625
776
677
1889
1751
-165
-140
-231
-236
-326
-63
-72
-45
-30
-43
-117
-109
-72
-116
-90
-141
36
40
-59
-53
-63
-46
-102
-28
-92
-101
-111
-122
-121
-106
-96
-102
-76
-11
26
-55
-24
322
88
2
273
80
-28
-174
324
1415
-34
65
192
-58
571
-164
18
770
-49
-128
1370
586
1604
-141
15
-142
416
-303
455
-184
683
78
-62
11
61
-49
795
-55
-101
-162
44
-182
592
-120
65
-166
544
-230
525
-118
121
-274
594
-210
822
-76
-64
-154
-32
-123
906
-56
-91
228
124
-130
861
-33
-41
1646
366
-83
58
268
582
311
28
1042
235
2
320
274
788
55
282
35
313
15
562
60
118
121
14
58
33
136
18
230
80
3488
113
77
226
286
668
130
1017
59
214
125
80
17
20
388
246
416
268
71
65
306
92
176
250
393
211
170
4
572
1540
2003
1851
165
87
57
420
11
388
128
53
15
75
456
274
205
156
368
73
133
133
126
79
62
157
94
39
53
-89
-56
-20
-129
-92
-10
-14
-111
884
-184
716
-87
-209
-226
-247
-469
-155
-316
-26
137
-228
258
-150
-118
104
-12
1449
1322
697
746
-134
-127
-238
-177
-279
-56
-28
477
-6
478
137
-18
452
363
-16
-83
-78
-66
-46
-115
-155
-175
-186
-191
-75
-116
-121
-93
-102
-107
-25
347
455
462
341
559
-25
136
632
1099
430
-7
-23
67
-5
322
137
120
-66
-78
-80
796
94
-20
280
809
404
1165
732
457
351
43
-131
-308
-285
-120
293
665
-151
1133
270
738
278
1060
1293
1871
1040
1585
-21
-142
-357
-695
-457
-341
223
58
-172
-268
-407
434
556
695
238
-28
179
392
343
756
638
824
912
545
263
255
357
332
-64
403
-416
-173
-1346
-862
-1443
-306
654
575
877
304
698
199
59
-50
511
60
256
95
181
316
-494
-152
-542
97
169
78
382
278
433
67
294
37
871
461
908
422
434
185
1005
555
874
782
650
472
2078
954
2141
1310
865
408
1443
705
1331
888
190
814
2085
555
2292
1274
430
90
1668
723
1828
493
275
339
1823
157
2205
371
398
198
353
189
316
73
76
466
151
97
178
130
222
425
165
114
194
501
951
2175
574
471
647
1737
114
221
344
305
68
192
234
23
565
477
664
335
181
0
414
94
647
229
318
404
479
558
542
432
304
143
-2
-1
63
216
398
845
1131
1043
1094
746
505
312
-10
-31
-26
-19
317
357
791
-22
233
223
381
375
1061
-5
-16
-38
76
-3
416
-9
720
1416
420
87
312
207
226
151
531
18
445
393
427
333
357
330
435
618
471
359
299
279
865
927
945
274
661
37
343
905
452
19
529
52
375
794
399
71
603
299
115
276
3
226
-40
-48
-47
-65
-66
-66
-48
-84
-63
-103
-70
-55
51
-14
-45
-120
-76
-107
-5
-43
-20
-52
391
337
217
494
147
-47
-28
-73
159
53
-122
-76
232
901
32
725
1115
657
243
-12
-2
14
-6
105
-1
36
42
47
822
282
333
903
269
-19
197
-37
-29
126
1093
-45
769
102
1396
-56
296
-31
385
1239
-1
-4
51
291
-7
1265
-53
1115
30
141
-15
393
-32
339
296
129
25
49
50
191
197
228
229
82
39
183
93
142
86
88
96
18
209
16
267
518
467
13
112
10
309
1203
60
339
232
49
703
704
423
139
167
24
489
933
965
868
46
431
796
124
537
519
66
704
954
72
481
691
162
880
672
178
361
1013
283
819
277
354
376
1146
466
370
452
307
826
618
546
285
411
65
798
348
426
464
226
15
498
534
71
270
585
231
406
578
16
505
1010
295
887
843
66
1137
909
569
875
1556
10
1140
1296
652
1465
1648
69
1034
1509
681
1438
1758
178
495
1903
848
1852
1257
64
426
1117
603
1057
875
41
0
4
15
197
465
4
25
15
44
21
4
10
33
51
64
56
19
9
5
21
10
23
7
10
58
62
108
47
57
229
47
100
132
43
6
683
1316
2077
1394
1917
793
55
12
135
399
395
234
183
415
472
406
439
270
14
470
363
75
323
462
168
665
627
541
572
410
52
167
459
569
390
509
104
5
586
2057
576
411
5
37
613
1186
787
78
-48
-63
121
312
228
-43
-27
386
658
1285
1100
415
-66
-90
-11
597
501
-193
-15
244
583
-100
517
679
-1
380
-131
1511
-96
444
-27
309
-95
-314
-69
884
-77
-81
-20
-176
-23
-45
-143
-218
-237
986
406
-174
-77
-143
-274
50
114
-152
-22
-305
-18
-35
-155
-213
-78
400
55
-122
671
-178
-83
-200
-189
457
-102
-285
-52
-40
118
-165
203
-39
-131
-167
-120
-192
-86
378
-7
-100
188
-86
113
-2
344
456
611
1246
817
544
122
-235
1014
-422
1431
-244
-143
-43
-288
-88
-434
-21
132
779
-279
1737
-316
685
-89
26
9
90
-40
90
-42
-124
-38
-341
-30
-156
3
55
998
2148
1970
443
18
38
80
117
106
78
10
5
6
5
25
156
7
582
1932
8
1849
644
30
90
117
94
109
82
84
604
62
1243
81
350
16
11
38
14
80
34
-1
-1
-1
23
-1
-1
447
484
130
249
0
177
303
-1
-1
-1
-1
-1
98
44
115
14
70
-1
205
-1
-1
690
-1
-1
209
389
422
-1
218
689
87
-1
-1
130
-1
-2
366
80
249
409
156
97
457
88
372
555
64
33
378
15
537
730
588
493
327
53
843
45
596
618
356
38
736
45
704
732
502
376
498
322
18
173
425
320
375
364
262
68
996
645
-34
-73
-133
103
1071
576
740
210
443
270
1101
516
-21
-111
-157
154
998
148
609
-316
228
-41
967
367
667
-82
773
-93
840
503
-18
-84
-129
-15
919
1116
1071
880
579
1119
588
746
993
899
945
564
216
218
234
-80
-29
36
-4
-198
-262
-487
-264
-175
48
-105
-56
-98
182
-44
261
625
2169
1943
1958
223
100
53
261
-54
-48
-47
-32
-71
-28
225
2
-34
8
-60
-72
-55
-54
93
158
43
704
-35
906
-41
48
-140
-298
741
-279
-316
-201
-134
-197
54
-578
-11
300
521
-473
1108
819
60
-267
-426
120
-1511
269
-73
-60
392
100
457
-272
257
490
335
43
36
203
362
649
430
186
633
318
154
651
683
80
543
55
368
759
886
146
764
347
605
612
523
164
575
94
717
633
1143
391
50
570
1347
486
642
384
308
533
867
87
81
337
540
413
124
175
322
635
676
562
353
20
43
103
108
88
90
47
354
699
1021
842
314
469
1069
747
369
603
786
69
379
132
494
380
762
325
524
141
932
87
802
19
92
34
130
85
40
32
102
95
217
136
84
257
58
40
118
398
198
652
309
316
676
464
67
155
131
1003
998
326
766
98
709
108
386
891
137
4
960
132
694
334
1278
14
241
-175
171
-88
-93
-13
-10
174
147
635
-117
434
-152
406
-3
-305
241
-98
-124
1784
-438
2594
-83
633
278
344
-344
223
-253
-163
-129
-497
1793
-653
702
-168
869
-133
15
-122
520
96
235
718
183
826
472
445
1157
802
326
707
845
561
1010
510
126
96
827
158
34
1085
214
1776
288
527
497
1185
154
1040
464
133
24
1360
255
1518
235
352
232
313
191
62
595
188
364
352
38
471
459
202
257
274
-3
458
691
-17
354
-4
1251
249
955
-12
-22
-17
-46
-19
-29
-7
-18
710
25
565
-27
-4
171
658
1332
266
-8
86
14
-21
76
-17
6
379
180
204
9
46
248
129
6
7
35
480
1
331
774
840
591
789
261
168
17
20
45
43
27
243
241
15
602
112
917
370
1425
1269
2154
944
896
1
10
21
41
35
13
26
31
4
232
62
4
64
85
7
665
217
34
52
67
6
18
21
23
45
74
65
90
58
42
23
40
66
452
48
6
42
6
395
437
525
211
40
444
1488
1811
1680
1055
123
50
31
166
31
40
178
193
186
270
223
249
188
61
121
15
30
89
145
5
218
19
246
89
244
224
382
363
363
299
121
36
208
39
237
65
218
287
213
380
242
329
855
305
23
-55
-20
-18
1003
616
875
67
6
440
1046
780
344
-39
-92
263
1183
1193
1211
995
513
693
1438
1378
796
35
149
82
1485
891
444
641
532
38
1099
773
708
391
529
332
-61
-113
-67
-130
-94
-29
-123
-133
-182
-166
-188
-8
815
856
1798
2126
926
1602
213
-16
2202
-544
1943
385
504
-286
1236
-821
1086
-92
52
-221
582
-25
41
898
38
-163
92
78
-127
168
-42
-197
-126
-366
-228
-183
-180
-250
-290
-497
-247
-340
-46
-49
1207
25
1243
419
-166
-52
191
-342
861
-309
-16
-49
-242
-106
-92
-173
-78
309
605
988
1322
448
-17
-95
-256
1801
-125
-210
-136
-102
-73
320
-18
-54
-168
-116
237
668
471
145
-131
-89
-133
410
-215
-38
-179
-26
-114
-183
-114
-169
-4
1000
1361
767
1045
632
-198
254
824
-236
187
-101
-314
-472
-529
-384
-506
-433
123
201
-12
-51
-36
128
96
174
396
604
329
14
-85
-151
-152
-73
-243
-260
378
770
771
572
774
982
166
-53
-233
-251
-78
24
81
121
580
729
550
99
-62
-113
-103
-198
-128
-98
197
147
312
386
378
302
9
338
656
237
316
798
256
560
155
422
336
132
175
14
295
613
372
68
257
758
1411
407
772
857
209
2
172
50
239
218
122
105
254
171
364
220
-4
-6
-11
-9
-10
-10
290
181
-5
-9
-9
-9
342
266
-4
-10
-10
-10
-1
-3
-11
-9
-9
-9
559
992
703
112
-10
-10
160
-1
-9
-15
-5
-3
-5
98
-2
-2
-12
-11
438
188
52
161
84
59
178
12
128
165
183
131
15
12
194
105
194
95
44
98
135
218
54
154
366
499
604
412
786
240
516
730
1164
9
1548
130
101
43
273
576
660
51
-1
-1
434
291
462
257
-2
-2
-3
-3
-2
-2
295
1614
1477
2657
2012
2151
-2
84
421
-2
486
347
-3
-3
-4
-5
-4
-4
-3
-3
-4
-4
-4
-3
-2
-2
-3
-3
-3
-3
-86
-74
-81
-16
-66
-54
-107
-75
-143
-299
-249
-120
-154
-211
48
607
829
176
66
267
-3
-46
-176
273
188
1024
1079
807
1412
1344
-122
-214
306
587
479
-89
-9
62
442
761
271
-56
-34
-47
-81
-47
-74
-71
-20
-34
-86
-5
-56
-40
-30
-38
1070
-87
499
-21
87
-69
-55
-21
-20
-119
-22
-57
270
-34
-4
-22
-21
170
-69
2152
-85
131
-36
-29
-34
-1
-31
-24
338
386
467
267
514
413
229
329
584
1057
745
505
75
55
31
2
4
65
66
7
7
9
9
6
91
6
6
1
6
9
301
9
18
10
9
4
336
1023
1271
6
634
1102
12
402
663
102
746
427
293
1129
1103
80
976
1157
356
779
761
275
446
1030
164
528
220
349
396
868
194
1224
397
201
612
1568
115
876
481
77
355
912
189
500
909
461
1223
143
-203
-252
-265
-291
-286
-246
276
85
-61
-96
-6
158
-49
-150
-185
-284
-201
-229
-183
-218
-240
-153
-169
-232
-70
-25
-154
-100
-139
-65
-161
-173
-86
314
-84
-181
-160
-250
-282
-294
-238
-236
-222
-198
-189
-173
-75
-214
-258
-155
-249
-52
-114
-93
-250
-124
-8
-194
-88
-142
-282
-140
93
2135
226
414
-268
-267
-305
-197
-160
-331
-246
-288
-174
-384
-343
-123
-259
-287
-242
-193
-6
103
7
25
15
9
14
12
14
18
77
50
86
39
2
24
25
1
0
67
429
719
1248
282
963
448
273
103
25
1256
41
164
12
358
974
95
2017
849
154
270
17
671
227
99
-149
-185
-26
623
373
-99
-117
-80
-76
-260
-212
-26
-163
-161
-149
-209
-187
199
-130
-165
-39
-108
-105
-303
-163
-84
-397
641
-140
277
-154
139
-202
1626
344
-191
-80
-210
204
-136
262
582
-38
-188
-363
-46
-147
-243
-62
-99
-99
-168
-31
-143
80
146
-185
327
97
-157
-44
36
-42
-771
46
-60
-129
-837
-1082
-203
-631
-470
-431
-694
248
-1338
505
-212
546
-164
-291
1159
-21
-161
-245
-200
-209
-197
-193
-233
-232
-159
-150
-99
-80
-168
-259
-124
11
577
964
105
-274
-136
281
282
695
-132
-245
-100
472
175
726
-117
-136
456
1411
1358
1468
-3
-159
-76
587
184
488
-180
-3
-13
-24
-53
-38
-19
-3
141
1175
928
1073
1125
130
642
1455
2077
1571
1184
-12
-17
-17
-55
-18
-29
-4
-4
265
433
81
427
24
296
705
957
714
686
-8
-16
-2
-29
-1
-15
82
44
146
120
159
106
322
175
90
-97
95
-21
-17
-1
-248
-232
-216
-146
-25
160
622
-232
526
380
-13
-197
-65
-91
-22
56
7
-118
-395
822
-330
-9
46
-219
-226
427
-86
-196
307
33
133
133
211
300
50
45
310
57
1051
231
75
3
1110
287
347
197
109
609
1625
1104
1473
822
117
903
775
2385
1071
1333
87
106
525
559
532
166
86
353
256
478
591
609
103
3
52
104
232
19
125
233
630
345
757
557
56
487
432
44
209
500
58
818
565
351
786
456
119
264
1173
380
1342
631
29
652
988
441
931
98
0
40
95
45
22
12
-354
-377
-453
-383
-432
-408
261
893
729
997
850
562
-187
-123
-138
-149
-117
-135
-202
-138
-189
-228
-185
-184
-160
-156
-72
-44
-129
-216
-55
-28
-160
-62
-278
-295
-182
120
124
542
556
22
-2
-44
-40
-50
-60
17
96
129
246
170
242
204
302
-35
240
-46
382
252
412
43
169
-9
223
288
794
742
1400
1285
1387
844
241
127
-41
374
232
549
423
366
348
322
327
317
10
129
464
15
258
198
136
349
183
153
72
590
215
172
558
191
374
326
265
29
930
269
20
109
98
172
575
1056
537
17
31
727
485
32
649
238
218
55
236
661
774
227
208
41
107
66
110
144
226
72
219
288
207
143
154
66
312
581
319
42
125
69
126
1683
249
165
155
173
431
645
589
174
101
432
353
140
599
82
147
123
256
108
625
191
615
341
554
266
672
-48
644
651
1001
124
1232
-24
518
543
1304
-152
1378
-18
413
552
717
343
600
69
426
73
-112
598
-32
-10
620
62
-94
-180
-125
-23
475
82
334
-135
-11
-39
-174
-278
-140
-454
-305
-111
-137
-323
-231
-324
-268
-68
-172
-360
-297
-225
-425
-158
-190
-295
186
-415
-86
-266
-72
-43
527
-422
546
-3
-18
126
-309
242
-106
-326
-15
-142
-490
29
-200
-207
235
307
29
116
62
51
21
115
695
167
141
428
0
281
9
1294
34
911
19
375
280
817
930
31
7
386
859
1441
838
1040
72
259
46
699
330
922
7
66
360
891
160
85
-28
189
108
-14
-11
57
39
299
-67
-74
-114
175
-9
-6
-27
-32
-50
-89
199
-96
256
-108
-69
-207
295
-116
-267
-135
-324
-175
397
626
255
677
226
214
458
761
602
-138
925
551
541
1223
1353
2265
2154
1882
481
714
-24
-128
-27
1338
-14
-34
-60
-181
-184
-131
69
780
1524
2438
1814
1103
204
-165
-187
-231
-135
-159
-12
-68
-196
-375
-325
-167
-77
99
323
505
366
-32
3
2
1
1
1
2
2
1
37
0
48
2
2
1
249
237
48
2
2
1
113
148
1
1
2
2
559
340
708
0
2
2
510
480
827
1
2
2
0
1
18
2
215
408
794
1252
949
532
563
1384
2011
2007
1756
1181
140
-4
-11
-17
64
119
307
452
706
982
1871
1325
89
-5
-16
-20
-17
-14
394
499
-3
-12
421
926
-1
-3
-1
219
-1
-6
210
485
256
260
610
610
124
64
57
72
111
53
61
1030
425
2096
1343
1420
9
185
352
486
417
196
37
376
56
1485
174
810
31
124
292
218
209
9
106
132
224
177
98
134
60
358
160
165
595
150
81
988
279
590
1210
2
40
169
329
192
85
143
316
461
390
69
283
312
67
1727
217
439
16
612
243
311
308
233
445
21
219
666
369
16
291
240
71
53
191
116
303
88
117
11
642
317
704
217
113
154
1253
474
1071
321
164
657
1454
382
829
663
34
321
1638
592
1031
520
404
453
642
635
358
821
233
907
816
81
517
754
209
1024
1744
1579
1701
1633
660
481
171
47
85
72
14
178
97
337
245
285
284
1101
175
911
305
611
254
159
350
886
359
282
84
170
164
435
183
271
230
163
118
316
70
448
532
660
761
492
460
336
332
76
451
483
332
63
35
99
410
505
288
178
51
9
1272
1333
261
167
152
461
765
1449
515
147
310
718
1052
414
60
49
102
122
206
377
75
56
217
136
34
21
133
25
37
380
720
60
450
391
238
3
125
406
20
258
116
229
988
254
1919
378
376
483
99
27
52
543
1
11
331
250
694
24
53
72
532
474
697
236
-388
-205
-409
483
-240
-436
-472
-273
-347
-395
-93
-292
-392
325
495
-123
1297
1538
-539
-380
-680
430
-418
-494
-414
-159
-399
567
-231
-214
-424
-349
-407
-547
68
-270
-275
-231
-126
-274
-147
-352
-36
-51
-106
-149
-137
-93
-82
-135
-162
-126
-147
-170
-91
-97
-112
-145
-102
-115
-70
-81
-139
-117
-178
-113
-96
-60
-56
-45
-4
-47
-76
249
818
283
1108
551
-58
-1
-173
-67
-155
599
-26
261
658
898
734
313
-291
-131
722
986
742
364
-99
-20
-41
54
41
421
-224
433
-283
-137
-264
304
-343
-182
329
-67
149
-282
-105
35
1004
413
43
553
-316
-740
-934
-650
-1099
-749
-118
51
162
497
348
270
-119
-33
-155
280
-129
17
-120
-181
-179
-248
-198
-174
-108
170
263
747
501
465
-99
123
-154
589
-132
308
-99
-168
-126
-215
-124
-147
-75
-94
-75
-87
-85
-76
759
747
-2
-103
-38
286
907
723
59
-125
503
508
839
1056
832
146
1666
1015
366
-64
-130
324
-158
-234
336
6
-170
-115
-240
-158
359
483
598
91
-63
-164
-40
51
384
-69
364
-12
32
50
202
131
134
106
21
49
38
52
72
49
74
19
184
200
142
12
67
104
247
222
202
150
115
74
166
199
154
114
283
103
241
230
244
86
26
58
197
95
122
189
147
571
88
216
63
609
336
172
971
48
1228
29
603
256
1805
61
2272
424
510
623
1469
123
2149
618
63
859
724
513
1363
473
233
705
833
651
1233
167
167
315
758
330
901
29
-239
-57
-115
302
-108
-57
-286
-353
-464
-622
-288
-476
-34
6
186
867
-50
329
-187
52
-316
759
-578
299
-210
-197
-480
-152
-470
66
-211
-159
512
-509
194
-392
-207
-186
698
-96
790
349
-6
-1
432
471
450
125
-6
-7
-12
-15
-8
-1
-2
172
-3
-3
448
941
-2
38
97
260
696
261
-5
-11
-6
-6
-12
-6
-6
-2
803
439
393
-3
-3
-1
-11
12
-8
-1
23
0
91
78
98
37
156
231
56
57
107
67
227
88
204
445
272
158
174
124
317
717
549
409
66
35
266
342
337
121
8
13
507
283
117
317
39
73
560
133
47
271
105
95
173
306
116
1
429
177
77
235
230
464
170
7
13
550
87
25
18
42
12
544
201
31
79
23
13
729
41
86
81
86
298
665
939
617
78
8
34
0
28
21
-107
245
782
1256
822
974
-94
469
27
275
288
62
-162
-159
-405
-375
-431
-221
-117
-90
-374
438
-314
445
-19
966
641
2520
543
978
-72
-118
-122
-293
-226
-312
-97
-185
-232
-318
-200
-187
120
39
108
145
194
48
458
142
65
105
318
20
679
118
696
208
490
153
751
494
193
101
125
319
657
900
1106
560
1300
1294
772
302
850
357
945
468
1047
611
306
263
415
481
48
14
97
39
80
81
43
149
160
318
144
83
284
29
572
142
743
135
32
90
182
241
208
57
20
955
141
1576
182
601
62
62
612
55
1278
237
342
85
791
184
1018
55
222
50
359
473
270
41
218
274
517
773
354
21
314
310
874
1020
673
62
473
122
365
737
435
38
482
47
513
756
604
35
390
356
430
84
240
213
379
267
285
226
441
362
-265
-471
-626
-731
-583
-466
-342
-235
-160
-138
-287
-149
-290
519
356
597
-254
616
-201
117
-322
-204
-382
1420
-170
-165
-13
-141
-233
1051
-172
-169
328
-156
-220
-156
-154
-94
-106
-119
-127
-100
84
73
48
-1
35
39
-1
-1
29
-1
66
-1
-1
-1
39
-1
118
-1
-1
-2
-3
-5
-4
-4
-2
-5
-5
369
-2
-6
-1
-5
-9
6
-3
-5
152
1326
1473
-5
295
1626
296
21
245
169
164
390
191
66
40
35
152
15
175
113
260
70
7
25
263
366
10
87
72
244
151
180
1205
304
1225
412
97
636
458
208
404
879
182
171
1183
874
1352
914
395
97
96
-159
531
-127
342
-172
361
-195
-126
-43
340
-105
50
-35
132
-222
229
513
-45
-47
209
487
194
102
-177
3678
433
-87
68
911
-21
-558
-216
1538
-1
-18
348
-93
219
-3
-111
-107
-148
-82
-114
-164
-86
-7
-52
-1
-37
-105
-130
26
60
260
-27
292
-166
-205
-139
-211
-112
-174
-185
-294
-466
-473
-497
-304
-159
-82
-222
-32
-149
-48
-169
-53
369
202
312
97
408
574
879
924
720
238
126
415
1045
1509
1216
556
4
40
114
106
289
728
18
312
2
56
236
784
91
380
36
202
76
47
45
428
107
183
249
93
251
1451
792
235
16
759
-189
-253
373
175
257
297
-135
-79
351
441
363
561
-33
-134
1380
347
2429
372
-109
-295
620
-359
1411
-327
-247
-330
1548
-130
1628
-268
-259
-203
1665
36
1736
434
-183
-106
-15
-488
-170
82
289
434
199
209
239
289
339
355
488
713
363
768
436
411
1203
1805
684
425
482
429
470
519
480
410
421
64
978
637
849
149
600
71
1395
1849
1153
182
325
5
174
15
23
5
-17
-40
-58
-70
-69
-48
-23
-29
-52
-37
-43
-21
-10
-27
-38
-60
-50
-23
-6
-27
-33
-62
-38
-45
310
812
1406
1361
681
182
36
-15
-48
-81
-28
337
-11
2
-20
460
-10
-17
127
5
8
88
33
268
204
270
620
32
541
641
152
37
39
64
60
21
345
792
177
2060
234
1373
313
1510
9
2781
28
2020
98
249
91
73
102
332
5
1
873
142
653
180
55
795
1071
1678
1264
1297
70
-124
-166
-145
-195
184
-13
78
64
528
337
641
232
1040
-175
3673
-194
2287
32
-318
-96
-437
-211
-129
86
427
-209
1710
-229
1202
152
-19
193
-51
186
84
114
144
160
88
107
134
121
108
253
272
355
155
64
95
304
54
190
108
89
196
72
415
155
195
54
513
200
1800
42
687
133
196
136
355
121
176
344
471
276
318
102
73
572
503
227
-2
-2
41
904
1180
978
1692
1173
1061
638
1095
1769
2025
2270
859
323
-1
466
-2
375
-14
184
-3
896
-21
483
-12
335
127
1228
-15
1390
138
344
360
924
-11
892
662
21
12
-2
26
-3
-8
20
-35
-5
-39
-9
-36
-7
-56
428
-114
326
-31
-6
638
-140
1200
-132
658
-20
102
-144
554
-117
149
-2
-21
122
-8
370
-13
-5
-13
981
-104
906
274
354
330
32
79
92
29
53
3
568
1175
444
1
119
348
800
888
901
359
214
79
109
319
28
212
198
22
7
27
458
222
127
755
1616
1818
1467
441
64
86
25
2
86
133
-112
-107
-83
-68
-70
-83
42
-49
-208
-257
-248
-157
-123
-129
-223
-219
-217
-169
-51
473
1659
2043
781
882
-78
-129
-306
-135
-350
-168
-52
-74
-140
-168
-98
606
-38
1148
2193
218
2265
1695
-107
-19
203
308
-48
234
-128
-179
144
-19
432
-98
-155
576
-307
1662
-269
739
-151
122
1080
324
1615
-7
-152
-166
155
-97
820
-153
-197
-155
-234
-216
-192
-126
-98
-196
-157
-146
-93
-175
269
455
513
599
719
567
208
123
73
61
194
366
197
574
1001
1166
973
595
352
821
1313
1315
1280
873
129
522
1101
969
936
430
16
326
1016
1353
978
417
210
219
945
1473
1093
360
296
391
289
253
83
488
344
658
951
319
608
908
120
359
315
313
605
349
351
77
154
1152
76
34
111
125
765
1050
1023
215
228
39
516
523
498
20
356
380
29
219
55
321
17
15
145
283
147
23
8
87
190
80
225
8
61
500
275
2002
235
696
50
574
249
1698
297
811
83
182
200
171
278
177
46
77
240
489
280
559
26
33
23
64
81
14
92
249
156
185
87
61
21
150
72
264
174
212
57
374
478
678
504
223
91
109
816
376
1187
108
201
121
1567
1798
2467
454
397
430
449
842
204
15
109
133
99
258
183
219
177
165
76
268
160
45
75
331
532
700
463
285
200
521
138
276
89
243
277
258
21
180
223
130
244
7
245
304
366
159
460
679
776
437
641
147
504
608
772
616
756
416
143
206
747
1068
932
698
409
891
1347
1608
1662
941
292
31
534
584
629
292
48
193
344
231
548
331
292
684
97
10
228
947
363
494
32
38
289
981
404
582
352
141
143
118
312
486
642
1079
962
576
274
503
141
1
1
19
12
16
47
32
33
17
144
1277
1136
2078
1462
1117
13
15
43
39
51
27
167
0
2
15
73
149
54
0
709
21
407
0
273
176
209
174
162
333
43
-23
-136
-54
-48
94
112
155
-32
-126
646
193
137
401
939
287
1036
269
278
-50
211
1206
600
-105
134
119
-103
578
-128
831
68
-42
-73
514
-59
545
