-55
-5
-282
-76
43
209
65
148
464
137
106
96
109
-297
76
24
243
-75
106
185
227
-99
-78
531
-150
30
-158
-478
15
248
294
177
189
-48
99
67
-143
-198
63
199
-130
116
169
-49
-67
-111
5
303
270
-86
-22
334
147
118
-341
-241
-259
40
-86
-181
216
-137
-176
-169
-41
-154
234
-76
-263
-184
-154
-189
528
-81
-47
161
36
-219
-67
165
241
-350
457
-198
-25
-22
249
-636
-87
228
-3
338
70
213
-26
374
239
-291
-244
-291
-181
101
-2
-147
104
-10
50
193
214
-74
-163
126
383
-478
76
83
-45
11
-75
-241
-36
221
174
-129
314
-71
44
70
