345
865
-61
518
738
353
486
-587
-1096
-841
-1083
382
1375
678
351
688
342
695
774
574
914
71
742
682
625
764
685
677
598
434
244
269
776
237
660
487
305
608
547
866
794
-263
143
1091
-668
468
563
-418
692
259
203
-192
690
543
611
149
-727
807
311
-582
391
397
61
594
440
547
-930
306
1104
-87
849
60
-999
713
671
479
620
578
255
385
-567
648
489
212
309
526
731
385
-541
-856
344
-942
-408
448
746
1300
-700
482
531
161
-43
-699
-237
517
131
-32
474
-612
807
466
347
-421
890
309
415
-58
412
600
694
456
709
-742
-1257
895
-887
314
182
534
