-11
1
-48
-11
-45
-7
-75
0
-5
8
-26
3
19
21
29
17
44
-32
11
-21
52
-33
-5
-21
-21
-5
-3
-2
0
16
23
2
-7
26
16
-53
-17
48
-24
24
-11
-22
18
20
-6
-34
-50
-41
24
25
-2
-35
-36
32
-4
20
-15
53
35
-17
46
31
-34
26
2
44
-26
63
-41
75
-13
19
53
69
34
23
35
12
40
67
20
-10
-10
-15
50
-26
15
-8
-38
-22
37
-81
-25
2
39
11
-69
54
-69
-3
-56
53
39
-37
-38
-60
10
34
19
68
55
4
-62
-31
-2
40
7
54
42
67
64
31
84
41
41
20
-16
-33
31
-19
24
-9
-22
-16
9
23
41
57
34
-28
-23
6
32
74
-7
11
-26
25
-4
39
-10
-2
-26
-7
-21
7
40
3
3
-27
7
8
50
49
-27
-32
-1
-25
7
15
4
18
17
-2
15
46
-6
-18
10
3
14
5
67
28
-31
-9
11
14
-12
26
-29
-14
-3
7
53
-68
38
39
31
8
23
59
28
-26
10
-2
-44
19
-5
70
-16
31
29
-66
14
-10
30
-8
-55
-64
9
-3
21
11
-10
58
92
47
35
36
50
45
-88
21
-15
55
14
48
47
24
-7
56
27
-11
20
47
38
47
-21
9
-6
70
45
-76
-56
21
19
-17
38
59
-9
-51
1
17
101
-26
77
-7
-7
-76
-24
24
-11
120
-18
3
-29
-11
92
-39
-13
6
-42
24
39
-54
11
-21
-30
-57
39
-3
-36
-5
34
16
13
-7
20
-6
13
-14
17
56
-19
-55
-35
-43
-63
21
99
9
103
16
19
56
-18
-17
38
-9
-2
-48
-10
-38
2
-30
7
33
-54
-12
-7
-57
-7
4
-23
40
20
4
-41
12
-17
40
-19
-41
36
-18
-12
-31
-5
16
-44
-7
-46
32
-11
10
45
25
5
35
-1
44
-11
11
0
-31
3
28
-35
-68
24
-13
35
-27
79
-15
-37
-29
-29
24
-29
-51
-31
12
-26
-36
16
-27
17
-16
43
-2
-62
-21
16
-45
32
-68
-87
59
-8
74
54
-27
-21
48
-31
-76
109
-8
-24
18
-57
-58
-42
-43
17
-64
-49
22
-43
17
-29
69
24
10
-12
-20
-11
-24
-14
-33
-46
39
-4
-35
-44
-14
59
-40
111
-61
-40
22
-58
-42
20
-34
39
-29
9
91
46
43
18
13
-42
53
-10
-139
-138
58
29
101
-51
-47
-45
55
143
-120
107
80
-119
-73
15
-26
67
-12
64
-43
-2
-14
-14
53
-50
-6
105
-108
1
-36
34
-2
-4
-23
-40
47
-53
-109
81
9
47
54
-19
37
-107
76
-45
23
-38
-24
45
13
21
-27
-26
-38
1
1
-4
20
22
54
2
-54
-5
16
20
43
-35
-6
15
19
38
-1
1
0
-2
-33
-12
-25
30
32
-39
-13
-31
13
-17
13
-41
21
34
18
-17
-19
25
26
22
-13
66
6
-52
-38
32
-4
1
-35
18
64
-20
26
-11
-6
3
13
-19
-42
-28
-88
-58
-7
-14
2
-48
8
41
-13
-12
46
8
23
64
1
-29
47
15
15
-5
-28
-13
-62
52
52
52
-33
-15
3
30
-17
-8
4
6
-62
-42
34
16
14
-23
47
25
-5
21
-39
22
-32
51
76
-21
15
10
42
20
13
15
-18
27
53
-23
-9
-15
47
7
-48
60
54
-27
-34
-64
1
-21
12
33
-53
40
-1
-14
-2
3
9
4
-37
42
-37
74
9
17
-23
-2
-57
13
-63
-4
-69
-34
52
-13
-4
-12
-16
-16
36
-36
42
24
32
10
3
42
6
-82
-38
-18
-43
32
5
20
56
28
82
-7
46
23
13
-81
-10
22
-48
-29
-6
-13
-27
-45
33
-15
6
11
17
60
25
-35
59
2
-38
37
2
-96
18
31
-65
-6
21
13
52
-8
6
-18
14
28
-26
-3
35
-12
-27
-3
-6
34
-33
5
-22
23
19
-56
4
1
-2
-34
-10
15
-21
67
55
-1
-64
-52
27
-38
51
4
-29
-6
-18
26
-30
-25
11
-15
42
-20
35
2
6
-20
-26
16
-13
-2
0
9
25
26
-32
11
22
37
14
9
-11
23
20
-14
-5
-44
1
55
-27
17
-27
2
-3
-10
-34
6
-34
-39
3
26
27
22
42
0
3
-32
-30
-7
66
21
-4
23
13
-37
14
-5
21
6
-7
69
20
59
-23
49
21
-97
-30
12
-64
-80
57
-18
55
4
46
-24
86
-8
-4
48
34
-71
-15
-28
43
69
3
36
19
1
14
-21
43
25
-55
34
-18
13
-46
24
-54
-22
28
-21
29
-43
-108
19
-11
-62
-29
-40
-62
-21
10
5
-57
41
-27
-56
-41
26
7
-37
17
5
25
-44
-13
-13
-26
-36
31
-5
-7
-23
-48
-14
16
0
-2
-4
-60
27
58
9
-7
21
38
5
25
13
-5
-23
27
-38
44
-67
20
-1
20
40
-6
14
-53
-23
23
16
-1
3
-22
-2
43
-2
4
-4
10
-6
26
-19
2
7
6
11
48
-14
0
-11
-6
-74
-45
44
-9
-6
-11
15
-18
-49
31
97
8
-35
2
-48
-42
-27
24
-30
-71
-52
31
34
-22
25
-26
23
71
62
-49
79
24
19
-12
-13
-27
-76
37
57
85
-24
-107
-5
-41
-48
40
63
20
-13
17
-22
19
25
37
12
-61
-5
-3
-27
-122
1
69
0
10
14
-20
32
-26
-46
-4
15
-34
-38
12
-11
-13
1
60
3
18
37
-15
23
49
-17
-34
-12
-16
-4
1
-13
23
-14
-6
-44
20
11
-4
1
-24
36
32
7
-7
-23
19
-15
7
-20
-38
-2
10
46
-13
-38
-24
32
-18
33
-34
33
-3
-7
-52
36
36
-21
-70
105
161
-9
50
-58
67
-90
73
41
15
-32
44
96
27
26
-51
69
16
52
16
19
-33
-106
53
72
-140
9
-45
-23
12
-164
86
-102
-35
-74
27
111
-138
-41
-59
-151
77
92
81
-114
40
-73
64
-61
53
110
-12
16
-56
7
126
69
-11
-1
30
-69
12
-20
-4
16
24
12
-42
5
-33
-38
16
10
-21
30
-68
43
-22
24
1
34
10
32
35
54
45
-33
9
20
-18
14
4
-22
-53
12
-89
44
-55
-19
-12
10
2
-9
-85
-73
26
-26
5
28
67
-22
7
-65
-4
-116
-14
72
59
4
-73
-14
-20
56
20
-3
-22
-100
-4
52
18
-46
-15
11
45
-12
-72
-7
-7
9
100
30
-6
55
15
-60
18
-17
-34
-52
21
29
98
-21
21
-44
-28
132
34
46
-19
-1
-24
70
18
18
-6
69
-29
2
-71
-73
26
-35
-69
45
9
41
50
89
5
35
-47
-5
-67
39
45
59
-36
-21
-47
-56
81
-10
-25
-46
-6
-4
23
-6
-4
-47
-35
69
93
92
72
9
-70
-1
12
-19
40
103
19
72
36
-42
4
66
-47
18
20
30
-23
24
-68
-59
-11
114
-44
53
24
-26
55
-45
38
-20
-17
-16
18
-20
-34
95
35
14
-72
-27
49
-17
50
40
-11
-1
-15
18
47
-2
33
79
52
-57
24
-26
-35
-42
26
34
33
-32
67
70
40
5
2
-41
15
-5
-10
-13
18
-22
126
-13
-4
9
-24
9
98
-30
22
-52
-47
42
-9
-42
41
72
54
-9
30
25
18
22
15
-23
-17
-94
-1
27
-31
-10
-29
25
-25
6
9
22
-11
-10
-9
45
26
-35
-22
-18
-3
-17
-1
12
-17
-61
20
-4
14
35
-5
11
-4
24
35
26
2
14
33
-10
13
11
-24
-31
11
-20
14
2
-2
-1
-17
-14
14
-43
-28
-35
59
24
9
7
-28
-38
18
0
-4
30
1
-39
29
11
-4
8
-3
5
55
25
-16
-38
15
-49
47
-127
11
-31
20
41
-20
27
44
136
55
80
20
-60
-56
38
19
-44
-17
42
2
17
-32
19
43
64
8
32
43
-40
-88
16
4
14
19
67
-25
43
13
-25
-53
44
-2
-30
17
18
12
-5
91
16
-50
18
52
6
-20
36
46
-15
76
99
35
62
-26
-6
-7
21
52
20
-5
-35
-37
-62
80
-67
39
-13
84
-20
65
-54
-15
28
-41
-46
5
-45
0
-46
-9
-79
-2
40
45
-96
16
-27
-69
-63
-24
57
22
-34
-8
63
32
7
2
-31
28
54
8
83
-67
-26
12
-127
-64
-67
-98
-36
-78
-151
23
56
6
-13
82
-52
35
57
21
-8
27
59
-3
-48
10
12
83
21
81
53
-25
23
-21
-31
20
-4
35
1
-19
-82
18
32
26
-115
-6
-62
-20
-18
-71
-76
-27
36
25
-1
-55
28
-25
68
22
-79
-80
88
-27
-9
-18
111
-29
60
-41
5
-19
26
-20
-35
-61
-20
-22
-60
-17
-22
56
-37
-2
18
76
-53
53
9
25
62
54
6
32
11
-42
64
24
-57
46
5
10
11
40
25
42
65
-4
35
7
31
38
-78
-7
-69
-44
58
-53
38
48
20
-28
-21
65
6
58
35
-26
45
59
40
-60
28
-7
-62
-70
-21
45
-39
76
22
-37
47
27
25
-54
23
-38
-6
57
55
-68
-41
-43
-10
109
23
3
87
-10
19
91
-54
0
-17
53
10
115
-10
-52
16
-65
53
-51
95
-38
26
-73
-101
-22
-128
31
-90
54
-94
36
37
-27
57
-23
-74
-10
16
1
-17
1
-146
104
169
-14
27
65
-44
53
51
-7
10
-95
-68
-10
100
-19
-55
-34
-96
59
129
4
-5
7
36
84
31
77
-34
-2
87
16
-10
60
-11
-21
-35
80
-88
-41
82
-33
107
-8
106
-11
-38
-47
-5
-12
-52
44
4
81
21
-14
44
78
-17
-59
97
2
66
-20
41
-98
118
-3
3
-99
-66
-73
22
12
-18
-17
21
-42
13
-5
14
-22
58
42
-47
-30
32
16
-10
67
29
-40
-10
43
-54
-27
27
-13
16
-50
-15
-8
-1
10
-60
-32
-35
-22
-39
-15
-6
35
56
44
25
-41
14
-38
103
-44
-13
10
11
-17
-15
1
12
31
55
7
16
2
-51
39
23
41
15
21
65
18
14
2
76
29
9
4
-18
3
-9
1
7
31
53
-4
-1
-2
33
9
2
4
-3
-11
-19
-11
-14
-54
-10
13
83
-10
-7
-51
25
4
-22
-12
58
-43
-18
21
31
-17
-13
-16
25
26
-28
-13
-22
3
-17
-40
-12
-58
-14
63
62
11
12
18
-14
-22
44
3
51
40
3
44
-72
37
-36
-120
-85
-6
-48
-32
-29
-18
-2
40
54
-4
43
51
-70
-82
-28
6
23
-7
-63
-47
83
5
0
55
-40
33
23
3
-14
-2
26
18
32
-29
-71
98
-51
26
42
-2
18
-11
3
80
-79
107
-52
-15
75
-13
27
-27
-9
-43
-26
-9
-51
13
-24
6
49
-9
5
-40
2
1
8
32
14
-16
25
44
-38
-98
26
6
9
-32
-30
-26
62
14
-7
9
-17
-20
-47
30
-60
-58
46
11
8
-10
2
-5
46
-2
44
-14
-52
-2
-21
10
23
18
-64
96
-46
9
-16
-18
13
57
12
-41
16
-26
-53
-13
-21
38
10
12
28
42
-23
4
-2
-18
25
-19
-24
47
15
40
13
-30
-20
12
-1
6
-25
12
40
-21
-23
4
-87
26
45
-12
-24
-11
-16
-8
-34
3
-13
15
16
35
47
31
-17
12
30
-2
-18
-21
4
67
3
-51
34
-31
-66
35
-25
17
-15
-43
14
8
55
-72
40
-8
11
34
-65
-73
-55
65
54
-78
-30
-24
-62
28
2
98
-3
40
-81
6
39
-44
15
14
-28
55
-5
68
-105
60
-16
91
-13
3
-36
-52
-27
27
-69
-3
44
-53
-67
-3
1
-49
-6
-21
-45
52
26
-11
5
-53
30
-21
50
62
28
-55
-21
42
-61
-8
-5
-36
74
42
-15
88
-11
-42
37
-61
-27
-25
26
26
15
6
-90
16
-30
16
26
-39
47
20
20
-15
-45
-35
-56
-16
-25
-40
-36
-41
-13
-19
-67
11
7
28
1
-4
-2
62
12
-7
0
-3
25
100
-2
-11
-38
76
-19
-10
37
17
-22
-11
-59
46
38
28
60
-60
29
-24
-84
-6
27
53
39
-16
9
9
31
-5
-9
-1
-40
-68
-4
-18
-76
-13
-8
-26
-49
17
-90
29
2
-32
-110
-60
11
50
-62
52
39
24
12
-20
46
-42
25
66
84
-19
21
8
11
-15
27
-22
51
-53
0
10
3
117
59
42
30
1
0
35
-10
-58
43
19
55
9
-2
-55
21
-42
-9
-47
-4
27
18
42
22
24
-34
21
-13
-4
-6
28
-27
-19
13
-20
4
-14
10
-40
19
31
-34
-30
-18
-23
-13
18
-11
15
25
22
-6
-55
12
-23
-64
58
12
-27
32
-19
-29
9
4
-1
3
-96
-32
-30
-21
18
40
12
40
30
-62
-2
-44
5
74
20
11
-2
-28
26
-15
15
-83
13
-4
28
41
33
4
58
-12
5
-29
14
42
33
-7
-6
29
34
21
-68
-33
-33
12
-27
-9
-33
28
44
21
-25
-27
22
9
-39
27
-35
-22
-43
23
6
-11
31
-74
-38
4
0
-8
-8
-13
5
-8
4
-18
29
-71
-22
-19
-20
-32
80
1
-15
-17
-9
-7
50
28
-22
-18
3
25
-25
21
-7
-24
31
46
63
26
2
-34
-10
50
110
-51
24
-54
-15
4
39
-7
108
10
-46
-91
40
-55
12
26
87
-37
-60
-41
9
10
35
-3
43
2
-3
-3
-9
35
6
8
-27
-19
17
-17
64
32
-41
-25
16
-23
-18
0
-21
-9
20
16
4
-5
-32
16
-37
-6
59
35
-1
-7
24
-25
-5
23
-50
57
-24
78
-2
47
-51
-17
0
-38
21
53
42
6
1
-15
-8
88
-60
-66
25
-10
-20
4
-42
-39
-17
-5
24
-34
6
-36
30
24
16
19
-36
3
49
2
59
40
6
-28
-24
13
21
15
-17
1
-1
15
-5
-11
7
2
-18
-22
47
16
27
9
-11
-10
-23
32
-9
36
-16
-16
-2
20
17
-20
-9
35
-27
-44
16
29
-2
45
39
25
-7
-2
6
-15
48
4
-43
-3
30
8
-31
35
33
0
61
4
-33
-7
-13
2
-14
28
68
12
9
10
-9
-40
26
19
-8
-11
-22
51
-9
1
19
-48
19
61
31
-23
-40
-24
38
-22
-37
38
17
-4
17
12
32
-32
-56
15
14
-25
-41
48
64
20
8
5
-52
-3
41
-39
10
10
43
-36
48
-22
16
60
44
17
-6
-6
-7
-112
5
-130
-18
56
73
24
41
-41
9
4
10
-47
32
-47
10
-37
-83
-55
1
-3
44
17
17
-6
-48
-75
42
24
48
-17
24
59
1
-84
2
8
39
52
-38
-79
5
37
8
1
-46
22
-6
0
-4
-13
23
-1
6
65
-6
5
-17
2
17
41
27
11
-43
82
73
-55
83
-3
61
-30
21
65
-37
23
-91
81
-5
-1
-72
35
34
-46
55
35
69
-7
101
38
-19
18
-32
-9
-28
-25
50
7
33
22
68
22
30
13
-22
21
24
14
50
-21
13
-11
-29
54
-27
-85
9
34
-17
-23
35
-58
-6
12
-49
-19
30
10
2
-31
-31
30
34
-27
-25
-8
17
-20
12
-19
0
-33
-14
-2
-5
10
-2
-12
-18
4
-5
45
-32
-1
3
-13
-6
-87
47
-20
31
23
-43
-3
10
-19
-11
34
-3
10
-5
-39
-7
-25
8
-4
-7
-22
-5
-55
-44
2
-58
48
-56
8
1
24
-5
-22
-8
-37
5
23
28
-28
-37
10
27
-12
26
21
32
-19
-4
-7
34
-1
37
49
27
21
20
-21
13
7
23
49
-37
3
-19
-32
18
-4
-28
33
52
-41
24
2
-42
19
42
16
41
75
-23
-25
-33
-25
3
-21
-24
-22
18
-98
39
0
-200
-57
65
84
14
66
14
-58
-14
-69
46
-116
3
45
-54
10
-19
7
56
-34
-22
49
-75
-3
51
-22
32
51
-14
83
-41
16
6
-58
41
16
50
20
-18
41
-99
4
7
5
-125
10
-18
23
188
54
14
-127
-35
-77
14
-7
20
24
11
75
-38
-32
70
15
12
-56
-11
-26
0
-46
-70
-38
31
44
30
48
-70
-44
-36
-68
-29
-17
-40
-9
28
25
1
-13
-43
36
36
-6
56
-30
18
34
17
-20
31
85
-38
3
-19
107
-18
65
-54
-47
25
-29
32
95
2
-35
-22
4
-30
102
-58
-77
17
-21
-60
8
-76
31
-124
-117
6
-38
-14
19
97
-33
85
-28
-23
-7
64
-52
150
-15
79
69
50
-41
-13
-79
-41
-59
8
32
9
-10
-15
-40
-98
-169
37
39
9
-17
-44
12
-48
-4
50
-27
12
56
-2
-29
-12
-55
-38
135
35
5
62
169
-10
22
-111
-134
91
0
-70
-55
45
-114
4
29
33
-41
113
-79
63
-52
20
73
31
43
78
79
-17
42
-43
-19
-27
0
56
-19
-67
-7
38
30
-48
57
24
18
-69
18
60
52
76
-30
56
-67
-48
-4
-92
61
-21
-6
22
-26
-7
60
34
-27
-10
22
64
-37
-50
93
47
-7
-17
-16
8
-20
47
29
1
-53
6
9
8
-31
-31
66
-32
31
9
-9
-33
-20
-21
-1
15
37
31
-28
-63
64
28
23
3
-32
-21
58
-12
18
-14
-28
26
-17
-4
-29
-40
14
14
-21
18
30
-43
-11
26
-4
30
23
57
-10
36
-37
49
3
35
26
25
24
11
27
22
1
4
33
-24
0
-11
10
19
-32
-23
-22
13
-20
1
23
-30
-38
11
-12
-4
36
13
22
2
16
35
1
7
22
30
-6
25
36
-28
-25
-9
-9
-9
-3
1
-22
13
-21
28
-40
-10
-13
47
16
-6
14
0
-23
9
1
8
22
2
-53
39
39
16
6
3
2
45
-29
13
9
-24
2
-41
-2
-40
12
-12
-15
-17
27
40
-27
-5
-13
-13
-31
2
18
42
-17
-81
-10
11
-29
-19
-5
24
-22
3
-5
-21
25
18
-5
27
45
17
-31
22
18
-4
14
-19
-5
-28
8
14
60
13
24
-13
-21
1
-6
12
-1
-19
11
6
36
-38
20
-7
31
-61
-41
10
49
-32
-15
-18
-42
-5
-35
-1
-55
-36
-32
77
-1
9
3
1
41
1
46
-40
-7
-6
7
67
26
-18
-27
10
5
76
-21
-11
-23
3
-45
50
-4
-3
16
25
23
-3
11
-6
-2
-14
-9
9
7
-43
47
26
-6
-26
29
-57
0
-30
10
-56
-12
-25
37
28
-24
4
-5
-7
6
3
-18
-8
-28
6
20
2
59
0
15
12
-11
26
46
0
8
61
1
20
7
-13
-33
18
-24
19
-15
-60
-23
19
-13
36
-41
-25
-46
45
24
-14
33
-23
-44
10
23
10
30
-1
-56
46
8
-14
10
-2
7
46
27
8
16
2
-38
10
44
-31
13
-6
12
-21
41
1
-23
-42
-28
-12
32
20
26
-10
22
20
-35
44
-8
-25
-2
-14
-38
1
-7
-30
49
78
14
-9
-10
6
-68
-15
25
50
37
17
-14
-2
2
-11
56
-13
27
22
13
24
22
-18
-4
12
15
-32
20
-35
75
-47
12
4
-43
14
4
-58
25
-36
-2
54
20
-60
-2
-11
-18
28
90
29
10
43
-91
26
57
-22
46
-9
44
9
-23
51
-118
-163
-51
-63
-59
-65
-89
-44
-18
-24
-53
-14
38
-6
3
-21
34
64
-9
-67
3
11
-13
121
60
-4
-66
63
-16
-53
27
-63
-23
-30
-25
-46
29
3
0
-16
-38
-17
-24
25
14
-1
2
36
-98
-1
67
45
-3
-5
5
50
2
-12
14
11
51
-12
-15
14
-85
-97
35
-16
24
-46
-15
-83
-38
39
-25
-17
20
-8
5
52
14
22
-27
-44
16
-21
-120
51
30
9
34
-13
-30
-10
-17
-3
4
-21
51
-33
-22
11
2
-19
23
-16
-14
14
12
-21
0
-12
-29
37
-12
10
-27
-7
-2
-26
56
-34
-28
-35
-3
18
-13
2
-9
17
27
36
-24
20
-13
7
-30
4
-27
56
11
-11
-4
-10
16
79
-39
-16
36
-31
-19
-14
4
27
-10
16
43
-52
-63
9
16
-14
-28
5
-2
21
-36
27
16
-35
-62
27
8
33
-17
5
-20
22
-12
-2
-18
10
2
-5
-19
5
11
-4
-5
-34
12
12
-23
-47
-5
9
4
7
-29
-51
-3
13
-2
-22
-28
5
26
12
31
-1
0
-13
-1
30
7
-20
-10
18
-5
71
14
-73
17
15
-40
-76
-6
-23
55
40
-14
94
38
30
22
1
16
-25
-20
-7
72
8
43
40
15
-12
23
15
49
-23
-9
26
-11
91
-10
-59
-48
50
-90
0
-34
-16
-31
72
60
12
-84
-64
-12
43
4
16
57
-69
-47
-49
29
23
-29
-8
-30
-11
-17
24
-2
25
-6
107
10
-19
-23
6
68
-77
24
-22
-46
33
11
22
-10
8
27
-61
-27
-9
-19
-29
64
-14
6
-36
-67
-63
-45
-21
57
3
-36
-10
-32
50
-27
7
8
3
68
-49
-18
8
-12
56
-41
-3
10
35
-14
36
-13
-18
-13
-19
-3
35
-13
12
38
-56
-49
11
65
31
17
33
62
-1
25
-18
49
-5
1
33
1
13
-36
4
40
22
28
-25
-12
10
35
2
-2
8
-23
-9
-19
-18
-37
-40
-10
9
98
-11
2
-37
10
12
5
17
27
-20
-21
49
8
-37
-14
-5
20
8
-37
-8
21
22
-13
2
1
-53
23
69
40
7
0
15
28
-7
4
-70
-62
32
59
-40
12
25
-28
-58
-35
16
-27
79
-27
39
-48
53
-11
-12
-39
-74
33
-39
6
57
20
18
-52
1
-16
-2
6
76
0
9
12
5
21
49
-31
-5
25
-60
4
-21
-9
-47
24
-13
-20
9
-18
2
35
-6
-24
18
28
-15
12
21
-87
-38
48
48
14
-46
-70
-4
44
18
18
-4
21
-8
-36
-29
36
30
30
-45
49
69
-16
-8
-25
9
-5
20
30
27
4
-34
9
-10
49
-3
-43
-24
33
-63
-5
-3
47
-49
-7
-1
5
9
1
-96
55
-46
-40
-32
68
-2
-29
30
-14
-1
-71
22
93
-43
-23
-2
-43
33
68
106
-31
-7
0
-29
28
-68
73
-99
-22
-5
3
-63
30
25
120
-10
82
60
-40
-105
31
-7
37
-110
13
-19
-55
26
83
-135
39
53
44
-75
-92
34
48
-36
-12
14
2
34
-22
-138
-48
18
60
9
-54
10
-1
1
-28
-17
16
-36
0
-74
4
30
25
-14
-44
-79
-26
77
21
17
36
46
-14
14
-10
63
9
25
-37
-2
-139
28
-16
-68
25
28
-17
28
-49
25
0
25
-7
-22
10
57
-24
-10
-14
12
12
29
-62
-4
-7
-5
-46
-6
10
41
3
-1
-23
33
94
46
20
1
-16
44
-20
3
12
-30
-16
40
54
-24
-7
64
42
-43
-31
36
-113
-36
-33
-14
12
47
-42
63
44
14
40
-55
13
26
27
7
-30
-44
-62
3
-82
-36
-7
-9
79
-78
71
-2
-68
-58
40
59
-35
38
58
-2
4
27
25
98
66
-47
-36
-19
-87
46
47
41
1
-93
46
-28
-2
0
-4
-3
5
-71
19
-38
0
-16
-48
-18
23
105
68
-12
5
43
9
-34
19
-33
-20
7
48
1
-1
15
-25
75
5
-47
112
21
-17
-77
-9
-52
-8
64
64
16
-3
-27
-19
8
8
37
32
-7
-1
-46
-78
85
-1
35
56
-67
8
18
3
38
-38
-31
15
-30
34
102
48
-49
-35
-57
71
-47
-44
-36
-98
64
-12
38
-24
7
-43
18
-3
-48
-39
-68
25
9
47
41
21
45
-40
-55
43
87
16
-42
8
26
39
-13
-35
-90
56
-68
39
1
101
-28
-11
-22
-44
41
-17
38
-75
-20
5
-11
68
-42
-32
-109
34
-18
-49
9
-14
6
87
21
54
15
73
-50
-24
-13
-34
-88
-115
-8
-6
0
-16
81
-22
31
12
-30
40
-31
-15
-63
-15
38
18
16
23
42
-13
31
-19
8
-68
28
25
8
17
3
7
27
4
-4
-25
-21
19
-15
-48
10
6
25
-60
-26
-64
2
40
-14
39
-27
-20
-24
-10
10
16
17
32
-8
-16
3
-10
14
65
-65
-2
32
-35
-5
10
30
11
-11
11
-3
67
13
20
-17
-14
-22
-1
-21
-14
10
6
31
9
-17
13
15
24
42
-11
22
58
32
-34
-32
5
3
-31
-11
1
-7
40
18
32
-18
-25
50
-3
-38
17
-17
-48
-7
-117
53
-14
66
33
-28
33
44
86
-16
24
48
-21
-113
-61
-84
29
-34
92
-84
-50
27
-18
-8
-21
-68
-67
-58
-31
-16
-30
-26
-55
-7
134
-36
-56
6
35
-55
-51
-101
-16
-5
-35
40
-67
-76
-21
18
-51
66
-70
-6
44
-37
-81
4
36
-5
51
-98
24
-22
4
-45
80
63
2
-28
52
-13
-69
8
-88
-48
25
39
27
29
-56
8
-29
51
-51
20
-23
-20
-43
-5
39
45
-21
28
2
-23
-9
-58
-30
116
-91
61
-50
-30
28
-62
-59
16
81
26
-31
-60
-56
-13
40
20
28
-13
57
6
11
3
-46
-15
65
-6
-18
50
-23
-88
43
-1
22
-65
8
-24
-21
20
42
9
35
15
12
-84
-9
-3
8
-10
101
-40
-54
-36
-42
-31
13
5
18
-15
49
68
-104
49
-44
59
-12
-8
7
13
8
-11
-9
39
2
24
12
-42
-14
14
18
-14
0
-3
24
27
-29
67
12
-12
-24
79
21
11
-26
31
36
6
-52
-77
-20
3
3
25
44
-41
74
22
-12
-15
-90
-60
-6
43
60
-11
30
41
-8
-20
24
-47
31
-90
-77
-37
87
-19
-30
204
-42
-12
-18
62
-38
11
46
127
18
3
-54
-29
15
0
-14
-8
29
104
-19
77
-14
51
-6
48
39
16
22
8
-14
-13
7
4
16
-29
-50
-20
-15
-2
30
-14
43
-32
-31
-1
37
22
-5
-1
35
72
0
-45
-13
-8
15
-22
22
-20
50
18
-17
44
-36
0
11
51
-3
5
-48
31
-10
-20
-31
51
-33
8
-46
-20
4
6
46
2
74
6
-8
-3
11
18
-33
22
39
10
3
22
-29
31
-27
-77
17
4
-101
-7
-10
-18
-19
-11
-8
60
45
43
-53
9
-9
22
12
57
-25
-41
-56
-21
-35
18
14
19
-1
-47
-104
-24
56
-42
-5
78
-10
34
-46
20
5
11
67
31
-121
-167
90
-10
-8
-31
99
-1
-25
2
5
66
22
-44
29
-126
26
10
-2
-18
25
-59
63
-15
13
2
-16
49
-7
4
19
-7
48
29
-5
12
1
-4
41
38
17
-29
-39
-4
42
-17
9
19
44
28
-28
-35
-14
10
13
16
56
-63
30
21
4
-7
-24
8
13
-29
-38
23
15
29
-51
20
27
-54
-16
63
-1
8
31
3
17
-6
-12
24
-42
-34
6
-46
5
-27
77
109
0
-9
-31
-27
33
-21
-34
-28
-25
57
-26
-28
23
27
-18
21
-43
18
4
-12
-20
-9
-27
5
30
-58
-42
40
-9
8
1
-33
12
-6
8
2
14
12
-10
-9
-58
-32
41
-57
9
-22
4
65
-23
14
-51
-9
9
6
30
18
1
-9
70
27
-6
27
25
50
43
16
-52
9
23
62
26
28
35
32
1
11
38
-10
-53
-17
-25
-26
-66
14
-42
-29
10
71
-14
-112
-49
-23
-34
18
-13
62
43
22
25
2
-3
31
34
-22
5
-3
16
-19
-2
-45
-12
116
-16
-14
-11
-82
-47
14
18
20
43
79
37
-63
-42
-11
0
-48
-57
6
49
4
-85
73
60
4
71
-73
-64
9
14
3
53
-73
-11
-54
-7
-13
-122
-64
28
-57
-10
42
-4
-39
37
33
-22
41
44
20
51
-33
27
62
34
-35
16
-11
-118
-11
7
34
19
22
45
-9
33
24
29
-55
31
1
-49
-51
-6
-15
11
61
-13
68
-3
-27
22
11
-49
35
29
21
-14
-44
-57
-47
8
39
56
-22
9
18
7
-14
-8
-29
-32
-80
23
-13
24
-38
1
-14
-35
16
-38
-10
34
-33
23
66
-63
-44
5
3
80
47
53
-22
9
16
-48
2
6
-2
41
0
-34
-5
-6
-55
-61
47
-53
83
17
15
15
35
77
2
-23
35
58
2
56
-86
-61
2
-21
28
7
-76
-7
18
8
-54
12
-38
-77
-72
32
-8
45
-10
26
62
17
34
40
-37
13
42
-27
-22
-4
-47
40
-1
58
68
-21
34
35
105
34
2
15
-6
7
-28
24
-42
-17
19
-19
16
37
35
32
2
0
-19
53
-11
33
9
2
-5
17
37
-21
8
-6
-20
-37
-6
64
21
-10
-19
-15
21
36
-60
-16
-12
-20
24
7
-20
7
-3
11
-4
20
26
1
35
-9
-10
6
-10
-8
20
6
-16
7
-9
-20
18
-9
2
51
-18
-26
-7
36
-23
37
16
25
34
-22
48
45
-6
19
8
-15
70
43
21
20
-66
13
2
-15
-18
-23
-6
-8
-6
-2
26
-68
18
13
-21
27
-24
14
16
-7
-34
-1
14
46
26
43
5
-5
-4
-9
-27
9
12
-17
-22
4
-60
-27
5
-29
10
-60
-3
-23
11
5
-25
-74
-16
-90
4
38
-30
26
8
71
54
17
-11
12
-123
-2
-65
18
51
8
-27
43
-39
29
0
-27
27
67
-59
94
-39
-53
16
-25
73
0
-33
-12
-50
60
-21
15
38
-53
44
32
-41
-53
118
20
34
97
-97
48
55
-53
3
-30
-2
38
71
14
-75
29
-50
25
-8
-4
14
-46
58
-60
-44
3
14
-6
-8
12
-6
-3
-45
-4
-6
-46
-28
-2
15
-4
-35
-3
44
-1
24
-44
68
29
52
-15
-11
-44
0
-35
-54
-5
-18
4
33
48
16
-40
-87
6
8
63
8
75
57
1
11
15
-5
16
27
7
18
-8
4
-34
-1
-49
-8
-30
-25
-52
-28
-13
-6
12
29
24
-65
-49
1
-18
-19
-30
-11
-14
-33
0
-5
-2
-12
20
39
17
31
-48
-14
12
46
10
1
11
-39
-54
12
54
8
10
-13
4
-16
-10
-17
49
27
-32
-13
23
22
55
50
-13
-72
-12
-44
12
-73
-101
94
-89
50
38
110
-75
67
-68
11
-47
10
5
-114
32
16
-69
110
6
-6
27
-37
-89
89
-115
-84
77
-60
-73
-181
-112
-36
-177
-14
94
-60
-29
69
-102
-17
14
103
-95
-21
-32
-66
-27
53
-20
112
50
-136
2
-44
-119
109
38
18
47
59
56
-12
-32
-87
4
6
-5
-42
16
7
51
-9
28
8
-8
13
-41
0
-31
-53
-19
20
12
38
20
-28
-25
-3
6
-6
2
-20
38
55
8
5
-88
58
37
65
36
-16
13
-23
-44
1
0
8
14
65
12
21
39
0
-5
29
-29
-36
8
30
-17
8
19
-2
25
22
-17
-3
15
-44
13
39
-62
-88
-8
0
5
-7
98
-65
-53
12
5
37
-53
-34
-2
-15
-23
1
-73
-1
-62
16
60
-1
-17
55
5
34
91
-81
85
18
32
-34
47
-33
-93
69
0
18
9
-68
-10
-21
-56
9
76
15
-8
-13
-40
26
25
70
41
-28
-17
11
44
-153
-16
-16
-57
46
73
75
-62
22
42
-100
-8
-45
53
-23
38
-107
46
32
43
-48
-69
6
64
63
51
67
12
17
-64
-59
-22
110
-40
-10
-45
-54
-40
-32
-22
26
-107
-10
31
9
-21
45
93
-76
-8
-46
-46
17
-22
-62
-63
-17
-32
-73
50
-99
-10
-17
28
-64
24
63
1
-28
-5
-84
15
23
88
39
34
36
-2
55
-43
-35
45
37
-38
15
39
-16
-7
-131
-28
-13
-71
-25
57
-15
-15
-22
24
83
4
3
54
11
3
-6
-2
-73
28
-36
14
24
-15
-2
13
-7
-40
-15
-36
10
39
46
38
-34
12
59
8
67
44
42
-13
-1
12
2
4
29
17
9
-6
2
1
-15
-24
6
8
21
-14
-17
-28
37
14
-14
40
22
-15
-21
-5
23
38
-7
1
7
1
5
17
-11
26
-9
18
-33
31
11
9
3
-2
-7
16
27
-5
13
-20
6
9
10
-45
-2
-17
16
13
-30
1
-6
-16
-13
-10
-29
-88
39
6
-39
-72
67
-61
27
21
71
-51
22
23
-25
16
47
29
-1
29
-19
-52
7
-32
24
20
-82
-55
4
-9
-15
-51
-3
-7
-79
-36
21
-12
13
-9
17
-7
17
-33
11
23
86
-61
71
33
-5
28
-21
73
105
-101
-1
3
8
-11
-6
-34
14
62
21
-25
-11
14
-73
60
-59
28
19
-17
43
-78
-18
19
23
14
52
25
-52
3
14
-126
19
-30
31
35
-36
20
5
-5
-24
31
23
28
-54
18
38
-7
-22
15
-14
-12
-11
2
-62
-1
17
16
26
18
32
-38
16
63
-7
23
-1
-1
60
76
-3
35
27
-28
-16
-64
-26
-5
31
99
15
-44
-18
-56
18
65
43
39
18
-8
47
70
55
34
41
19
62
10
16
-46
44
5
-6
-49
-2
-59
-85
-6
36
-14
-6
-53
-48
7
-74
-15
70
44
89
58
48
-29
-63
46
-58
-24
-15
-113
28
-2
-4
-7
23
-72
-25
8
-38
7
-3
-48
-36
-3
2
-16
-60
-48
-28
-37
-10
-6
-10
-33
9
-18
45
15
-2
-3
-16
28
-11
-12
-33
27
32
-5
30
33
-37
-15
-28
-24
11
-21
7
7
24
3
62
17
-31
10
9
-3
-36
-18
4
-16
-21
51
4
-17
-63
-27
22
7
-29
5
5
7
-39
6
23
-16
-5
-19
26
15
-32
7
-21
1
67
3
-20
16
-22
-22
-20
24
-7
-7
-20
-12
42
12
15
21
-31
-13
-3
-20
-18
-23
-23
-3
-14
8
-16
-40
11
7
2
4
1
16
18
15
-36
-4
42
-23
-23
21
15
-9
2
17
6
25
-25
6
8
8
7
-28
32
79
-47
8
37
13
2
26
24
-1
-52
2
5
-63
-18
-29
53
-22
104
36
-62
-22
65
-23
-4
-42
-29
64
-20
8
19
-3
-16
-21
86
33
-34
10
-14
58
-13
-8
-11
12
46
-10
54
14
13
12
-98
-31
-24
-85
-26
41
-14
-16
-19
10
6
31
-24
-21
-37
-31
-53
-9
49
-34
7
-22
-32
6
-11
15
-2
-9
-1
2
47
13
13
14
-1
-26
-30
26
4
2
37
64
-10
3
9
-10
-26
10
-12
16
5
-19
-1
1
36
0
9
11
6
-17
-11
-31
86
2
8
1
21
43
5
-24
10
-55
-10
1
-18
-14
3
-53
-42
-13
23
30
-20
-52
79
11
33
48
-1
5
13
48
-40
11
-22
10
-11
8
-23
-14
34
-44
-26
-9
8
32
-55
15
-19
45
40
8
-17
-7
-3
45
-11
-1
-13
15
21
-17
0
2
25
-32
-15
-9
39
1
22
0
41
-68
10
-8
27
-20
34
8
-21
-1
-59
21
7
3
3
-7
-22
2
-37
-16
-51
-25
4
-30
-32
-34
12
-62
25
48
-45
103
38
-33
-78
-48
13
30
-40
-2
-22
-49
80
35
5
-39
-28
17
4
36
55
38
-50
-7
-23
29
2
-2
37
4
-37
4
14
25
0
8
-19
55
-38
-54
-21
-20
46
3
43
-23
-8
-12
-37
-6
-22
-5
-11
-15
-16
-46
-5
-33
46
6
-14
44
-20
22
-10
17
-45
6
20
8
10
-6
-41
22
-17
-14
-19
-22
-45
13
7
-42
-5
-9
-9
3
16
9
4
-41
-44
-8
26
-22
-8
-24
-12
31
16
-90
-12
33
-14
15
12
-67
-9
-8
2
-102
20
-53
44
43
-2
-5
95
-16
36
-49
-23
45
-8
-43
27
109
-7
-11
-54
44
33
35
-45
-6
-72
23
36
-45
12
-36
-34
46
-61
-51
17
-10
-83
7
-14
-17
74
-32
48
38
-30
23
91
-74
76
47
69
-34
60
1
-16
101
-16
-14
-15
-28
-36
-15
34
25
1
-14
16
-16
38
4
-4
30
27
-11
-29
23
0
12
-6
-16
-2
12
0
52
9
-20
11
-16
6
2
-4
17
-1
29
-24
42
-46
19
-17
20
7
-15
-7
1
-29
5
1
-14
44
-6
34
0
-17
-29
-11
-11
1
-7
-15
18
0
-50
-16
1
-26
17
-1
-45
29
56
-38
23
-37
-45
-30
-33
45
51
33
29
-43
-40
0
16
-11
24
-54
-28
30
-15
-41
20
6
5
-6
-36
-1
-10
-8
-71
23
-2
-31
-24
-11
-26
-3
-20
53
31
4
-1
-55
-18
32
-24
-11
40
-8
-83
23
29
9
22
-18
42
-16
-43
26
39
-65
16
-60
-7
1
21
16
2
12
-11
-28
12
45
-20
-35
-40
71
-30
53
-4
7
-31
-75
-45
17
45
53
20
67
9
1
-91
26
-4
74
-41
0
-30
-14
-39
-20
-76
21
27
65
-53
-3
25
67
18
-39
-15
15
50
84
0
-28
-46
-24
-23
-31
-70
60
-77
-11
-114
36
-46
29
-127
21
61
-5
13
-19
67
6
31
-15
78
-62
11
7
23
8
-60
42
1
20
48
-14
-6
-54
-17
-4
-13
-15
23
-108
-53
8
-5
-10
2
-18
37
-35
2
-45
-9
-7
27
-18
2
41
-27
32
-78
32
-79
47
19
-25
9
80
77
4
13
-49
-42
20
1
-13
-5
-7
65
-18
-79
-33
0
17
18
-29
-10
-10
-11
-20
-7
-12
-50
-53
-20
-16
-10
-7
15
-6
3
-37
11
72
24
-29
-11
-8
-34
24
-14
46
14
-9
4
-28
57
-24
-60
3
80
-13
-17
-48
65
-11
-46
25
16
-29
-40
7
-24
51
-17
-10
15
10
0
-26
4
49
-43
37
-9
11
24
6
60
54
48
-4
-52
-2
5
4
15
52
-44
-20
-5
-4
-10
-20
-44
-77
17
66
36
-46
44
-11
-34
3
18
28
-10
28
-2
-46
20
-10
-24
89
51
-5
22
-12
-5
0
12
-13
-4
-12
42
-11
-88
54
-1
62
76
30
0
61
50
-72
-23
-25
-112
-82
-21
58
33
26
-19
125
-29
26
60
-9
-27
-40
60
22
-52
-13
-3
25
-1
68
-111
100
-2
16
-13
-125
-57
-55
-18
49
14
-40
-14
-26
78
2
-21
37
73
-76
19
-57
-69
-61
-30
-39
48
31
-38
11
-30
50
14
-48
19
17
-3
-35
21
-17
-1
16
10
-12
-53
7
-25
-5
-27
111
10
-4
83
1
-71
-41
35
26
-12
-49
-34
21
-14
9
-114
-65
-48
-20
-1
19
21
-2
2
9
-11
34
1
-9
17
-51
16
4
24
-28
-33
27
84
42
23
48
-31
110
-45
-14
81
29
33
31
15
-75
152
101
43
38
-91
31
-23
60
19
-113
-91
-216
101
16
-35
66
29
-48
67
21
129
-80
-72
10
7
65
-137
3
-114
174
-161
-5
35
-101
171
157
195
-105
97
-225
-64
16
19
19
-7
-30
-51
136
19
-59
27
30
212
-100
-282
127
85
-34
4
152
38
38
-38
20
-28
27
-15
-40
30
27
56
1
95
-17
26
-10
56
0
-1
-43
93
39
-3
57
-1
-2
8
-5
-47
-57
4
-30
23
4
6
-74
1
-3
-66
8
-36
-27
49
28
-1
53
-3
-30
-1
15
30
3
-2
28
-9
0
31
-6
50
-18
-22
7
27
-3
-6
-19
-51
8
-1
3
6
34
-16
26
-25
62
12
25
43
13
6
27
22
-26
23
-8
-35
-24
-17
-14
27
-25
9
29
30
-30
-25
-24
8
-41
-15
3
-18
-22
31
-45
28
-11
17
12
47
-18
31
-21
8
-21
3
16
12
-16
5
-35
14
-8
-24
23
-8
30
51
-43
-142
-7
-26
73
-75
-30
-8
18
3
5
37
31
13
-79
59
17
-3
23
46
7
-11
-13
-98
-35
22
-20
7
-11
-18
-26
-75
81
-16
-97
-45
10
-14
-11
-12
-20
60
-16
-2
16
17
-36
-17
19
10
-2
64
85
-28
27
-4
69
23
-79
54
47
-12
-40
-20
-39
31
-24
-45
-50
29
24
33
31
28
11
2
-51
-38
-23
39
-32
7
12
-19
-1
30
0
-27
-36
-46
22
31
13
-65
-66
26
36
42
60
30
-48
4
58
25
-79
8
-13
7
6
-12
9
-2
9
20
-36
-53
-24
36
-3
62
-28
-15
-2
42
13
3
-50
18
-44
58
15
13
-11
34
-88
-21
-32
-11
1
-39
-38
-15
64
-21
165
17
-20
-20
-38
37
-87
7
-34
15
29
32
29
47
12
-62
-16
-37
-14
-20
-1
-2
-9
47
45
18
-64
5
-36
5
-67
31
77
-30
-68
-34
3
-6
-12
102
-87
51
2
-18
-19
16
2
-62
-1
-17
21
-2
50
-27
18
-30
-16
-25
10
37
22
9
-17
-9
-48
80
-6
20
-68
38
13
-21
-27
-10
-14
39
-60
24
3
13
-4
8
-55
-27
-5
41
-19
-33
-16
31
25
-19
16
-15
-28
29
14
-36
24
66
44
-87
-44
-38
-25
6
-60
11
14
-32
-13
-29
-29
16
21
-4
41
1
13
-2
15
28
21
59
52
17
-59
1
14
-22
-15
7
-8
-48
-42
5
-32
2
5
22
12
-6
-14
40
20
-6
8
-20
-39
5
-43
4
1
52
-82
-6
20
41
-13
2
30
40
67
40
21
-41
-28
60
19
-48
1
-4
51
57
28
-1
-37
10
-40
18
8
-10
31
19
41
35
7
-65
1
-54
80
37
-57
92
31
71
46
42
21
6
36
32
74
3
5
32
-8
-55
0
-33
-19
-22
-4
-63
59
-2
-9
-102
3
-7
28
-51
-69
19
-38
-72
-85
-22
25
38
48
-47
90
52
-56
5
44
17
93
22
7
13
39
-27
21
7
-1
19
31
-20
4
43
-4
18
15
33
-27
-39
2
6
-6
30
37
-30
-2
-22
2
4
22
-24
-13
13
55
16
17
39
-33
-32
2
-4
-9
-13
-1
4
19
27
-14
-17
15
38
-42
-23
-31
6
16
29
11
25
-11
13
29
-1
23
-15
-7
19
-35
-23
-3
69
21
-31
38
-30
-1
-56
-62
24
42
2
22
-19
58
-58
-29
10
-104
-20
10
48
6
48
30
79
-16
-5
-10
63
-17
35
24
69
12
-18
-28
-53
-17
-25
-38
-2
46
-36
-74
-43
-11
4
35
63
27
44
-87
21
110
-57
-43
-55
32
31
-3
29
12
35
1
43
14
14
8
-10
1
-15
-12
15
27
104
-3
-15
5
4
29
12
6
-5
-13
0
13
-18
-20
-20
-4
28
-1
-3
-60
26
-28
-33
-16
29
-17
-37
-17
-18
-27
-18
-25
28
-2
-16
-2
4
41
-35
-13
-8
-41
-18
49
40
16
13
1
39
-19
22
-54
-24
-24
-25
-37
-25
-8
-56
5
32
30
7
36
-52
9
-36
35
-37
0
-2
45
-56
-16
11
67
17
-19
-13
3
5
-30
-36
43
-17
-8
9
31
33
68
-48
16
48
-34
-8
8
4
-26
-14
-29
73
26
-41
-21
-30
-13
-48
-6
18
-4
-66
-29
