-54369
92655
35238
146363
133876
336629
176837
304455
434972
46304
101003
-20149
345033
81584
202370
-89165
-117540
212394
414541
-50921
222100
27661
-148953
-348145
14843
87967
263722
75651
-134973
-69965
303220
-10693
-100617
362553
137324
399640
292910
-250285
245338
263804
-7723
-166960
290276
-139378
123649
196226
332709
-1109476
197637
-76437
-315967
381950
-227966
-356599
213306
83845
-154903
-96493
-209089
95989
94240
53951
-78752
-81901
-189334
-64727
-23313
-319885
-144650
-371650
-3230
-148947
-436566
434235
-124401
-243452
-15550
-138031
-10589
149440
391828
46807
-392797
-45327
28260
135481
586277
-102256
-156094
-75307
-92487
232746
183364
345125
58381
-36706
-270178
423512
498980
357467
100762
-201959
-161096
-112221
-21098
-103316
-137332
49734
352071
-253231
70353
421696
-723769
-335483
-277546
405483
-376074
16580
-136297
-141042
317514
-6866
-109372
226281
185428
183750
-320799
143407
