445
-585
-263
-505
-714
-543
408
-529
455
-392
343
-137
-234
422
381
211
560
-807
321
524
-423
-31
352
422
-415
-495
-165
224
250
-444
234
452
-834
-126
331
343
497
29
-830
-93
-571
-589
-167
474
400
-512
-660
581
351
-772
-282
269
-854
-27
-621
325
373
463
-631
-452
205
-745
-793
-80
-214
-136
-160
-248
356
-82
182
-485
-414
-155
566
-149
-326
559
-666
-116
-287
-337
370
-811
-317
-375
401
192
-551
-340
470
-341
-741
504
-643
-344
-861
-343
-630
209
420
155
-315
-630
379
-481
-177
-449
-567
-172
-58
-112
-225
-219
-252
585
510
-633
569
277
-690
463
-151
28
-859
13
164
-419
-65
-764
533
1128
-319
-659
-139
-582
-902
-533
593
-446
479
-660
-621
-594
518
25
367
-906
371
-500
82
-64
-47
-381
-229
92
2
-310
-346
505
-266
22
117
978
-801
-507
59
-399
-602
-339
-630
-816
-279
369
-769
218
-567
478
262
643
-772
-553
-837
-711
168
56
-606
343
-662
440
-326
719
39
-408
-602
-619
-771
441
578
440
-491
546
698
-216
44
-358
-15
-640
-456
383
-666
-400
-317
429
-613
-438
342
156
-879
-746
-798
-355
314
445
-788
529
-165
-430
7
-679
-8
-338
335
-899
448
434
-890
-530
-506
-334
381
494
-334
234
-631
489
380
434
372
282
443
-774
241
-844
-394
626
