-306238
161552
42614
159041
151953
-455118
14171
-400720
-112563
-330762
-181700
361352
-352322
-289674
-114324
-60898
37682
346455
-114518
-241770
-72969
-120019
-111096
-4966
-314993
-341898
-41559
-386287
-248129
153467
-213372
-295392
243821
-95802
-52601
22758
32809
-155445
-218957
-148440
-230582
286051
-8610
-168008
-286187
328420
-317568
-230279
-306873
246415
42158
-59408
-545327
-165817
-332540
7465
107763
-5971
-159896
-279102
67874
-515401
-336442
33654
237172
-133589
-128561
95936
-107205
-66549
-225985
-178750
-176164
98061
-322285
-249090
527123
49922
-21956
-85106
-274667
278465
-280935
-57317
-111965
253402
-67872
123394
-388340
-317052
232137
-87563
-23455
-379657
-32662
121472
-259195
222082
325374
-42168
-142882
-105905
-48899
-360083
-380703
147667
130888
-90079
-461889
9635
-15351
-208316
-425181
-86858
-77055
-4458
-115377
-116269
-100677
14189
-475606
-84747
-357664
-107941
-303588
-177833
-149468
140027
280866
-104159
-27520
19924
-262043
-181624
-147225
-27370
40094
-12651
-384033
-310485
-89538
-92531
-340073
-362431
-143124
196487
-347919
117406
-63218
-517928
116863
-281297
-156413
-441315
96171
-216849
89633
18670
71600
-42276
-419807
-29637
-194932
-213903
-296388
93431
175083
-163815
549179
-9864
231676
-316553
-215912
-59020
-229825
-86024
149926
-196449
78784
-357002
-370407
160503
224964
128100
-138789
-66128
-191691
296422
185543
-233870
-309122
12723
-349224
-230974
158111
-345171
138474
-241655
-69980
100236
197999
-43100
20367
-166550
-82876
-251444
-48721
-156258
-288963
-272624
-254278
-401739
196698
-71163
-355355
-306802
-63362
42577
-98809
-311119
-20250
-256589
-65084
-411106
3246
57908
123204
65695
90146
36799
-188682
-220011
-183274
-112852
-110149
-98318
-379751
229511
-293061
-353439
-83856
-193801
-94070
-218983
92255
2871
-250112
-352545
-324614
-138788
-381579
-6056
-52234
-61817
-254171
-105955
