-16
78
118
54
-45
33
-87
-43
-148
-86
-17
-110
47
-126
-72
-27
-35
-10
76
20
-27
214
-14
-168
-10
-25
3
-40
-56
-60
55
-20
67
90
-11
103
-24
8
-93
-135
97
-17
38
71
-118
-40
-65
75
-13
17
37
93
-10
-183
32
101
-2
-76
-19
9
154
31
-9
-16
-30
-3
44
-115
-150
119
-160
88
-35
-76
-31
26
-3
-116
-241
218
-15
26
14
102
-149
-14
-16
-29
121
4
12
-57
-201
49
74
16
67
139
215
83
201
55
33
44
180
-7
72
58
-171
213
49
134
32
68
-11
105
-97
-75
79
176
-76
-233
-181
-137
-123
7
-16
229
91
65
53
17
47
-64
51
30
-35
48
72
78
89
46
-56
85
-40
-7
67
-8
80
76
-74
-121
45
-110
-108
-54
85
-33
-11
42
111
31
94
67
-112
38
26
101
-34
-45
54
90
-124
41
-60
101
-12
-43
-21
5
23
-11
51
49
-70
-97
-79
43
3
213
127
54
-70
57
214
75
128
164
24
-26
-73
47
162
3
-52
-61
3
-135
-22
84
-24
-62
-124
18
20
4
-82
180
21
78
-64
-181
-100
74
17
103
-182
-2
83
-65
74
19
5
137
-19
50
5
-166
-50
170
4
-147
39
-37
-211
62
95
162
70
-79
-124
-40
-16
84
-134
158
164
-77
14
-41
33
84
-10
-62
-89
3
56
-76
129
-49
-87
83
-149
178
-74
3
-136
41
-22
-157
-2
-202
121
-1
-34
-9
-155
-5
179
-130
-169
-186
-18
-118
-116
33
36
6
38
88
54
8
39
-16
102
-134
97
68
67
-57
12
-87
98
91
9
-20
-152
-6
48
-143
103
8
-78
35
14
-26
-66
-230
1
-119
-58
-82
-12
29
-39
-4
-56
-166
61
-9
-153
157
-137
87
68
-67
64
-41
-48
132
22
23
-85
-112
32
-55
36
-48
61
92
-53
10
54
-45
76
-71
-9
-10
181
-190
-45
-20
-40
-179
-166
-171
27
-59
16
-70
-28
-42
104
20
-9
-204
-99
-87
107
199
65
-34
-33
39
-22
-155
-49
-18
86
-25
114
22
48
21
-73
49
180
-86
-311
-123
-263
-133
-126
18
-127
-23
39
-18
20
125
89
144
17
46
5
31
1
20
-81
25
70
35
89
-37
29
141
60
-253
64
167
-109
274
24
-68
-49
78
-261
-7
-23
-3
-138
-104
171
-45
68
-45
-199
133
9
141
46
48
-148
181
100
123
-58
71
-69
-6
26
88
-85
-81
135
-193
98
63
52
35
-150
111
103
5
-74
-129
49
-23
-70
-32
-69
-9
98
170
-24
99
-44
-101
14
-9
-252
31
86
-246
-42
-21
-123
-20
47
17
44
34
-6
229
6
101
63
-121
-37
87
4
31
-57
-23
-118
-65
-112
-17
-58
-69
-68
-145
-30
-138
178
-80
-93
-39
-6
56
42
-79
-3
121
109
-54
-192
93
-43
-91
-63
-94
48
-72
150
-34
54
84
148
-107
11
100
-106
48
75
167
7
109
-66
55
2
-16
-143
-124
-79
77
37
109
-99
96
15
-39
121
-93
-24
42
-111
72
-30
-33
-127
-217
-56
-170
-37
-69
-147
-132
101
-16
-16
-119
141
56
24
147
-145
-26
-318
-160
-162
166
78
-180
-10
-84
-178
97
-69
-209
-43
-74
-116
-118
112
79
-31
84
-99
72
-105
-40
-169
-123
-110
59
-17
-153
169
-100
-129
176
-63
41
82
59
83
60
89
8
142
-46
-24
39
228
160
21
-17
-93
81
105
124
-137
80
38
56
92
218
-133
-92
142
129
16
7
-46
80
-43
293
121
-41
61
2
58
-81
-114
-31
61
-76
-42
8
2
113
-85
-69
36
-174
-108
-110
91
37
73
41
42
-66
-12
102
-77
228
150
-111
29
-128
-244
60
-31
-10
-49
36
-11
-26
148
170
6
96
123
-7
-100
36
-87
-13
121
-6
-11
38
-46
19
-193
33
-9
114
94
-145
212
27
-58
143
18
-70
172
-287
88
-44
6
-27
-34
-18
-76
-89
-21
-87
12
-133
-115
-35
121
-4
-380
220
150
-75
23
-138
30
-112
-94
53
3
-53
-5
209
69
6
-11
-84
-54
199
12
4
-110
168
-104
-183
-59
39
-20
29
24
-78
-5
-74
48
-18
-79
15
25
50
-125
-146
53
-34
48
139
-19
-32
30
23
-34
-91
15
12
141
-37
-1
120
-73
-110
44
-126
91
49
-226
-6
-50
110
-36
17
-58
116
-257
-4
-38
-102
-269
-118
90
-129
85
7
-32
136
-25
-44
19
-2
6
-35
19
-54
-6
7
6
65
40
10
23
-85
-77
-34
-30
-62
-15
-49
22
-38
-62
-114
41
-96
-23
-1
275
-11
42
42
19
96
-204
-83
69
-16
-79
-22
-36
65
12
-74
-92
18
-45
92
74
100
98
43
222
9
129
-84
234
31
209
36
-51
-79
-39
10
-63
43
-42
-31
17
75
114
76
206
96
-2
98
-134
54
-125
59
180
147
61
242
2
3
-103
38
6
-48
88
57
-40
19
-142
-78
56
-30
-150
-147
7
-73
-21
129
-22
-18
191
-69
-108
-10
-216
39
46
17
68
77
58
-35
43
-57
39
93
198
24
-57
14
16
-162
208
129
96
-24
-9
-206
62
-37
13
141
10
9
123
-20
-69
10
-77
80
-49
59
2
43
222
44
182
-8
-35
-80
48
-74
2
-100
104
30
-50
-191
1
54
54
8
129
103
-32
7
2
-46
-50
86
145
-64
-60
-64
-131
33
-29
20
-125
55
-223
48
61
-13
125
-15
-106
-60
-211
-35
-12
141
250
-45
-127
72
-22
-28
4
99
-176
91
7
-110
151
36
-7
-91
231
-8
-29
22
-27
-13
3
147
66
-104
106
-49
21
-101
-38
-57
-23
-62
-102
-62
-222
7
-69
-126
135
-108
-76
171
-141
-256
-71
154
78
-13
1
-24
-76
233
-12
247
-17
240
22
-21
-121
46
-27
228
-28
-81
-68
68
-16
37
-40
-16
76
-26
-35
-26
-102
-16
-3
-51
225
-100
-52
-34
-17
168
-52
28
-154
-31
-82
84
70
-15
-44
-31
43
66
3
89
-43
98
70
17
10
-36
-107
-13
3
-70
-132
-91
21
46
3
-35
176
-26
-196
-57
-41
29
-105
-35
-5
51
14
37
-13
-88
42
96
16
2
-67
95
-103
82
113
117
-85
82
41
83
-68
6
-33
-158
58
15
-28
-5
40
-65
68
-7
16
-12
-69
48
-20
39
-10
34
128
-171
88
-122
-11
-102
-15
29
43
137
-15
-67
53
-141
-4
9
84
38
-16
-29
-47
141
110
-5
61
-24
36
-66
46
-115
62
90
-33
46
-24
9
-12
-54
15
-67
-82
25
30
34
-57
112
-29
-57
-95
51
18
39
-39
90
53
-30
-111
-176
36
-29
1
88
-171
-38
-37
61
-90
-116
36
74
-141
49
88
-60
71
-135
68
-30
27
16
-119
55
177
58
249
58
-177
24
-49
31
-216
-54
29
-59
73
89
-64
-121
-1
-187
-215
99
138
-131
-3
-15
-4
-58
-48
51
48
-47
-29
18
76
-126
51
-28
93
29
119
-1
39
22
-39
143
-238
51
252
-34
36
-127
-46
-12
126
-15
-48
119
-33
-26
78
12
2
152
41
140
16
12
-48
-85
38
-1
113
49
51
-16
5
9
-52
-91
-33
182
48
-9
-22
-72
-85
-24
301
36
24
-62
43
2
-64
-56
13
11
-107
1
-82
-66
1
26
-198
-171
11
-77
-96
114
-29
2
-183
67
26
63
-15
-19
10
86
-54
-1
34
-88
-59
-153
-172
167
-150
-78
334
-59
-34
-127
78
16
-41
85
-75
-168
-3
-35
25
186
74
87
-106
44
62
118
-59
-99
59
-164
17
-33
-7
-7
41
-8
54
-51
81
146
67
-86
-5
-245
122
-70
65
-111
15
-27
154
31
120
26
-95
15
199
-76
17
71
-89
122
88
-98
-114
-9
108
-19
296
-22
28
-153
-141
-10
174
29
33
6
14
208
42
75
-27
88
-50
-112
100
-20
-98
23
36
179
-64
19
-40
-74
-16
192
-58
311
82
186
34
-12
39
-51
218
29
-57
-122
21
-48
115
70
-97
-30
-112
23
-95
41
-22
-131
130
-5
82
-6
164
100
28
-126
105
-96
46
102
-52
-75
26
-5
-67
-146
32
-6
-68
-221
148
-10
-104
-27
144
-9
-17
63
90
21
-152
-39
109
-2
54
248
105
-49
169
-105
12
-146
164
140
-214
167
-80
-29
-135
-13
332
54
-26
172
-141
-16
-148
-64
127
-114
46
-9
-22
41
5
11
407
35
-46
82
-84
30
-101
-159
11
107
-64
81
436
-399
-82
78
23
5
88
91
-16
-59
-63
146
102
135
26
18
50
287
10
75
-29
-11
82
-177
-57
-107
-118
-43
-159
18
-45
-24
374
-63
98
-110
-44
85
68
-32
180
50
29
52
-31
-52
54
2
54
54
68
34
-57
-149
-26
95
-14
103
-43
45
-109
-62
40
66
10
7
29
-126
-87
1
74
71
114
5
-16
-5
11
58
77
-7
72
-19
99
81
-89
87
-12
9
-81
-2
-68
29
38
57
-42
11
-40
105
-8
-30
14
-105
28
33
-6
117
98
1
67
-23
-93
50
105
28
-57
91
-4
-36
-3
75
-16
-47
94
39
-24
125
88
-70
-11
-28
5
-15
-63
-89
-33
-34
-35
1
6
27
77
-25
-95
-34
-52
15
-60
-92
-50
-19
89
25
-47
-83
102
-65
-83
52
131
-18
-147
-14
94
-56
-16
-141
-28
3
-154
78
360
97
83
-95
57
54
-47
101
-55
63
-40
27
66
48
-50
10
42
-18
-54
4
10
6
-121
-129
15
-55
-102
52
-109
68
-104
-97
-8
-36
-49
-36
91
86
-111
17
-62
215
26
1
6
175
-56
-130
-14
-80
34
25
-89
13
84
-15
-21
62
-30
-64
20
7
201
-57
34
-108
79
-149
-53
0
83
27
50
-139
-22
-81
98
-168
49
-21
96
11
34
-78
33
11
33
7
108
-71
-3
-20
-3
33
-20
64
134
101
-5
-56
60
-56
-124
28
-119
24
45
11
-47
-127
51
242
-14
7
-99
-6
3
122
9
124
53
-95
105
-59
-75
110
-40
96
52
-47
21
-94
38
-101
60
-85
123
9
-144
-113
70
-19
214
-105
20
-9
-408
-144
-108
43
11
2
64
134
-115
-102
-235
-12
18
-35
72
12
38
66
-165
-32
-26
-38
13
24
91
-49
-76
-12
24
46
63
-48
-134
78
-133
103
133
-126
4
25
-24
42
-31
154
-15
-14
118
-47
40
-118
-170
-186
51
46
139
-148
36
61
242
-149
183
-104
-81
142
34
47
64
67
49
-37
-154
41
-73
-116
-1
-30
-33
87
60
181
51
-1
165
25
39
78
-14
148
18
-32
-33
-7
-11
-95
96
5
-4
0
-47
184
45
66
-66
329
-53
36
-4
80
-58
-42
-135
-30
56
55
45
130
5
-25
30
21
-42
85
135
-52
87
76
46
161
2
-60
66
-10
-149
-137
-111
-79
12
71
-31
-108
-50
81
-46
53
-72
-30
-198
-80
150
59
-64
192
92
30
35
72
-10
-69
-54
47
-38
48
28
57
53
-1
-80
68
25
71
28
91
66
-16
3
-126
-65
-134
108
-29
-57
42
30
77
29
84
76
-28
64
-18
-58
-21
23
141
1
-48
144
17
64
91
-26
52
71
5
152
73
-70
140
130
-55
-106
11
64
179
115
-98
-22
-7
64
140
88
-71
0
48
-325
37
-29
-69
19
82
-77
42
-98
94
105
202
-10
32
0
-53
7
56
24
56
78
-190
-113
36
-96
17
79
36
114
88
-59
-2
-147
-75
30
105
136
-33
-30
-44
174
101
129
-32
-21
-17
22
121
145
-1
35
-3
66
-214
29
-60
-13
-70
-204
-7
97
-38
-25
-101
-45
-91
-227
-37
64
66
-52
75
33
-42
28
23
106
-75
56
1
72
97
-82
-32
48
127
-4
172
-31
-95
-31
58
120
-125
20
80
34
-267
104
-15
-5
-134
-106
36
-73
-50
-36
-92
98
27
23
-77
-197
-29
127
62
36
-167
34
64
22
-9
-58
-51
44
58
-56
40
-146
63
131
206
111
-10
-10
-206
20
-62
-134
-71
-48
7
-191
-177
-130
41
15
-2
-23
-129
93
-19
-23
42
-3
30
81
93
-180
-71
144
-23
32
99
88
60
-125
176
-129
26
-127
31
12
39
92
41
-46
40
-117
29
-36
-72
47
-26
33
-172
-32
-92
-38
-30
-37
-60
-1
-101
-203
-196
-51
-39
-67
-9
46
139
-257
-109
-40
14
-55
24
-52
-19
-55
91
-176
-84
-3
101
-77
86
-167
-30
1
70
-38
19
47
116
-116
-48
22
-260
24
13
89
-2
130
-60
5
86
-33
-40
-155
-53
19
78
70
-241
-125
112
84
25
-108
-83
-81
-73
99
-9
188
155
-122
48
-40
-37
-85
-10
-137
-112
-131
-75
5
-110
-57
16
-43
26
-113
-100
-64
-75
-71
-36
-39
24
-81
-51
-51
16
60
64
-125
102
22
92
-4
165
23
28
49
91
56
82
-42
-29
7
22
-71
-89
-84
-60
-26
88
19
-83
51
-70
51
-14
-52
-41
-44
-94
-92
-12
-122
31
53
29
31
72
49
103
-28
54
64
-12
37
45
4
32
-32
90
29
-42
-90
5
99
0
-119
71
3
-1
64
-57
-43
13
83
94
-19
-54
-22
140
-29
-10
27
37
-52
-74
41
42
71
-47
-27
-18
-12
106
-84
-73
-106
60
37
-22
-2
-3
19
-103
40
54
-83
-31
-9
23
-71
41
108
-19
46
-47
-22
-51
-32
127
111
20
130
-74
-17
45
44
-18
-166
-100
-17
27
-104
15
-213
42
72
80
-28
34
-119
-115
0
-48
113
-154
-21
58
-9
61
19
78
-24
-14
-100
97
3
80
-159
-55
42
-6
208
-20
-192
-18
106
-26
56
-27
-46
85
39
235
9
24
-60
-160
-55
100
-115
-65
-80
-103
-51
3
26
10
-107
-86
-10
67
-135
79
42
-1
-26
-40
-76
-62
-142
10
-26
30
-78
-31
-49
81
40
97
59
-50
-224
160
149
138
-46
157
-195
54
8
-70
178
65
-17
-61
68
-159
109
50
-110
-229
-121
-82
-36
19
-152
-59
-59
-19
-4
-242
-244
-54
-306
16
-136
152
-3
-158
-21
-65
-25
89
145
-42
7
-79
105
-142
63
88
-85
-51
24
56
88
-53
-52
34
-114
-43
180
-86
-77
52
97
93
22
-59
1
-36
-126
-215
150
-130
85
-118
-66
20
92
-28
-5
28
-121
9
-85
93
109
175
94
108
163
-60
17
54
12
131
214
43
49
4
-145
38
23
-23
-67
31
-14
-118
18
370
70
-38
-65
8
-279
102
11
18
-107
157
130
-25
189
12
-35
11
0
26
53
5
57
20
24
-140
-19
15
-52
25
148
61
18
-180
-9
54
-14
116
1
10
76
14
-127
143
-47
57
-91
-83
-123
-16
-23
67
-33
20
163
-118
-66
110
-108
-29
7
266
-58
146
-97
204
48
-15
-61
19
129
-5
-232
77
216
217
-69
-15
60
-16
-130
-189
-15
-5
78
55
-58
110
-65
-121
-38
-77
-90
-61
-71
-51
53
-23
-36
-19
25
-2
-35
128
57
79
-112
129
-46
22
-112
-41
72
-31
23
-35
-207
-29
-71
94
-101
131
-160
-27
-44
-110
-89
49
28
87
-163
99
-21
44
-3
-89
16
3
-174
-166
-89
91
-65
48
38
-151
0
-75
5
-25
-90
69
167
-70
-16
61
5
81
26
101
2
175
24
81
-13
-175
-59
63
31
-221
-46
-54
-132
102
71
173
20
16
-12
-144
17
-34
20
-47
-62
214
33
-25
-10
-91
-7
176
-69
129
-117
166
-142
137
380
-147
-21
25
-43
-7
-17
71
-95
147
-53
-414
-283
-103
-7
22
127
195
-98
-128
-120
-42
-47
426
-139
30
148
29
-78
-54
-50
-117
-114
-55
-50
16
185
-165
19
-56
-6
150
-78
-22
44
41
99
-105
131
-82
67
63
-43
-130
-172
101
88
-131
92
253
-116
-1
-79
111
62
52
-31
-52
10
22
-57
146
114
77
83
-23
130
-137
-69
98
-116
175
15
-155
-14
30
13
65
-171
25
26
-51
-43
143
-164
-83
1
208
-46
-5
-53
-254
0
85
39
-37
54
106
220
-185
28
-32
-89
190
-9
160
-37
-56
-30
21
-11
-65
91
68
50
191
202
-176
-265
-76
125
-149
57
174
8
2
75
-46
-103
102
26
92
253
-93
-31
51
-59
-110
-73
-108
-48
-231
-160
86
17
-235
-77
13
47
-70
61
-101
69
-228
-89
17
-117
-37
8
117
-74
50
-61
-23
-71
6
81
17
47
-55
75
103
-93
-82
50
-391
-176
-78
149
39
-80
-32
-36
9
4
23
67
-144
150
45
-50
10
61
105
162
107
-20
13
-208
93
-10
-32
58
-3
143
-113
56
39
114
-37
135
-90
-37
-38
77
-13
58
-102
0
-69
171
29
194
75
50
61
-59
-10
89
-78
-34
-220
44
-162
18
126
-73
-143
37
-27
22
0
136
-2
186
106
-154
86
168
45
50
190
14
153
36
-33
104
79
128
-52
-10
-41
47
29
67
-120
23
-61
12
-154
76
-105
-98
84
159
7
48
31
12
11
-67
-69
-175
64
32
-68
-73
35
57
57
-3
63
33
53
94
30
82
36
36
10
-58
132
107
-207
-67
32
-42
-31
-39
42
-152
57
44
185
69
73
144
-38
162
-11
-23
42
82
-69
-178
-43
-15
27
-18
-122
30
-24
-41
-82
113
-113
-54
48
10
-53
-47
118
18
132
-28
-34
103
-18
32
-150
-18
114
15
-136
-138
-68
15
-12
74
12
-87
-71
58
32
-84
50
133
-14
47
9
27
-47
42
-75
-33
-131
-72
-141
-114
66
248
69
-18
168
-47
130
-265
61
-126
-79
84
19
42
42
-22
33
-87
7
31
-100
-40
44
16
-31
15
62
60
-34
-42
-47
-33
95
-5
11
122
-112
0
-160
20
32
80
-99
89
29
-71
-14
-4
-18
68
-17
220
13
0
-90
137
5
25
26
-64
-104
0
-4
17
172
118
67
-12
140
36
-5
121
17
-136
-18
83
31
9
67
-82
2
-22
-33
-31
79
-7
-30
39
-115
23
147
-31
-1
-18
23
-38
-64
118
36
-36
-5
-72
-31
-28
65
-42
-40
90
-36
-36
43
73
-56
-22
-27
-1
50
15
179
78
-108
-28
-18
101
56
16
39
-85
-25
120
-62
-13
10
-110
139
23
60
-134
32
108
45
101
-140
-79
-175
69
-91
46
-145
80
108
25
27
155
135
60
70
47
57
-32
65
-1
22
50
20
247
122
-115
1
34
-111
108
-44
-8
43
-126
74
-54
77
-165
-182
206
37
62
26
14
-44
19
-29
76
-169
122
102
-77
60
167
7
-75
-41
110
-83
33
-1
8
-62
118
-37
40
147
44
159
34
-36
18
164
-114
25
-129
20
128
-62
23
-52
-111
65
-58
19
-25
70
-235
85
59
-77
105
-49
-76
-108
28
24
-131
-114
26
-136
26
-41
42
34
-98
112
-114
81
-18
190
-38
-89
92
3
33
-86
127
-34
34
149
109
-4
35
92
-9
-22
-51
-184
82
-68
-108
224
70
-112
-58
48
106
14
32
-71
-2
85
-33
-90
28
-48
-62
-17
111
1
108
-115
-75
-49
96
-19
-63
-49
-23
-86
-73
74
-154
-105
-128
-29
42
-120
125
3
-13
-15
66
19
-11
-3
-122
59
-185
76
-18
-216
76
-54
-131
68
-82
-18
-87
-72
14
62
-64
-18
6
25
-39
-22
-152
-28
93
44
28
118
-81
-192
-22
51
27
196
-39
-5
3
69
70
51
80
143
85
52
-113
82
-119
-11
-175
7
-95
59
-26
-13
-168
-155
112
63
158
-47
-91
-101
-178
-142
-107
141
145
-133
-45
211
85
71
39
-31
-118
-41
31
34
67
169
51
12
42
-143
89
-58
130
-26
-116
-162
-17
-82
-121
59
-31
13
-15
91
-106
-50
-44
-24
-22
112
-119
35
228
-93
64
-111
104
-21
40
-21
-34
64
-31
2
-110
-9
43
-29
-133
-4
46
122
-53
30
-95
72
26
0
125
70
110
41
7
11
3
-40
-59
-118
113
-27
-13
-19
-87
-35
11
190
47
-73
-65
136
-110
112
7
-45
42
81
-116
-277
-106
0
-53
-86
35
-89
-139
69
-184
-47
66
61
80
-76
61
-117
-52
30
-6
-14
-12
-57
43
145
24
105
-61
83
-8
-141
115
-179
164
-199
64
90
-59
175
-135
101
-89
61
38
65
-81
-129
78
111
-59
-7
13
6
-26
152
118
60
46
-3
120
4
-40
-32
286
3
6
-156
2
-94
-62
-26
101
107
97
-8
-65
20
69
-30
-165
15
75
214
-41
-78
-47
-85
174
30
28
37
107
-15
-11
-31
15
78
-161
214
-104
140
11
-164
95
37
-39
22
1
-50
-36
-54
-99
-26
24
-31
46
0
94
1
-84
-66
50
15
-46
28
-139
-224
51
97
83
-109
13
156
70
84
44
83
-112
-40
-112
-79
93
-70
12
91
62
-67
-27
-57
169
11
41
-106
28
8
-3
71
84
-15
41
0
-55
-52
75
-220
114
139
130
74
53
-127
-37
-49
-26
-117
100
27
-26
122
-20
-87
-54
-105
35
34
-58
-56
-35
-44
75
-52
48
152
-19
-41
-105
119
52
-229
20
205
-28
-71
-14
7
7
54
73
168
31
36
-211
-136
-5
-164
44
-65
29
-95
-50
-102
-3
1
-81
-68
13
-11
118
-175
86
-25
-11
32
-47
20
13
-54
51
-35
-69
-71
-93
78
104
91
-70
89
54
19
26
40
140
116
28
-35
141
-28
7
-162
52
153
-58
-55
-81
-3
145
156
82
91
98
-73
62
-31
96
-31
-1
29
-71
89
27
-41
129
4
-164
11
-41
-37
-74
19
28
153
-114
8
-94
-34
-39
-66
-96
6
83
-47
86
176
26
-51
-171
-76
51
122
-121
-42
-65
-15
1
-9
-14
184
21
25
-1
30
103
19
79
87
60
49
21
-25
-4
-91
71
73
54
-90
80
21
-84
-134
112
-154
76
70
17
-136
116
66
-220
-34
-35
89
78
120
-241
105
49
57
-136
129
5
-46
-62
6
-12
-74
169
13
-55
9
-9
64
27
18
185
176
51
146
-117
-115
-204
3
30
-21
6
182
-246
-21
-83
-286
-96
55
-31
141
47
112
70
25
6
161
25
198
-40
88
-53
-59
56
31
183
6
-118
146
263
-80
-194
-75
106
57
-95
91
-78
-68
51
0
19
-97
60
42
-101
-20
109
54
-31
-49
92
199
-106
-74
46
106
4
22
-91
-48
-10
124
-108
71
29
178
-78
113
69
5
-65
-1
-64
-3
-18
-63
76
-110
183
-44
8
-75
-3
-4
-12
-86
-37
-32
107
13
-52
-31
10
-127
-45
43
-56
34
79
134
-102
7
7
-39
10
52
195
87
-53
-3
65
128
-29
8
91
-74
107
-75
4
121
170
157
-68
63
-81
-2
-83
108
-103
-184
5
81
-17
43
9
114
62
154
24
7
136
10
25
-372
68
41
12
16
72
113
-14
168
-8
30
-100
-48
239
66
-68
18
-27
-32
-32
-7
4
30
185
48
153
-145
-14
-5
121
-52
-133
45
74
-96
75
-42
-31
-73
-65
158
-63
-29
139
-144
90
-61
-74
9
-52
-80
40
-47
-15
-55
69
91
-15
-213
110
-70
-87
-76
46
-31
-157
-99
-96
20
112
-57
47
131
-84
-218
41
-28
25
-145
73
26
-49
12
18
-41
-46
-51
-15
-148
-10
-131
59
-9
135
-38
-47
-117
-72
-110
-70
-59
-153
178
-110
107
74
-114
-93
-119
1
49
109
-143
-36
74
158
-70
113
-160
161
144
61
-92
65
65
-293
-227
-73
77
24
-103
30
-7
13
24
-112
45
-26
195
189
-39
40
66
-92
19
-124
-74
206
6
-111
-3
-32
-51
164
-233
144
4
-2
6
144
-196
87
-61
86
-51
57
-217
7
145
11
-39
85
59
-61
78
17
-154
135
-108
-90
69
110
-24
-12
-43
-22
171
-16
72
30
153
141
189
-27
-222
80
-122
-150
-263
84
-32
-9
131
-133
-77
133
174
30
93
6
121
13
157
-6
-68
-17
45
-47
-157
-25
-75
9
-11
139
31
-16
-7
3
146
109
53
-11
79
63
49
23
-24
-60
-30
93
42
-3
52
-77
-108
-40
-102
-27
195
152
-226
-113
10
214
-163
-61
-169
-139
-63
-24
51
39
35
227
-80
91
-135
197
21
259
10
96
82
5
224
-106
51
82
-14
44
-70
-99
124
113
44
231
-46
-58
-61
-75
10
17
217
-57
134
-41
-73
-59
32
174
-18
-54
119
-110
24
-77
143
99
-293
-76
80
180
-77
37
93
-81
-116
91
66
-6
148
90
10
-165
-14
86
38
103
-279
120
7
58
61
45
-373
-93
110
24
-66
60
72
-38
74
-119
30
-109
210
-8
-29
213
-10
127
20
-146
-84
117
100
33
7
7
95
1
56
-78
17
-151
-12
-57
76
-44
-17
306
22
-50
-45
64
99
107
-27
44
23
-88
28
42
49
60
-21
-1
-125
12
-7
-40
31
-5
116
95
95
54
-7
-139
-6
29
-206
27
77
-21
-78
149
-69
91
154
-121
148
41
-30
9
23
61
77
-52
-161
44
77
35
-108
-101
-125
107
65
63
-20
39
-60
74
-46
-18
177
-67
-119
16
7
47
65
-47
41
77
47
-101
-57
8
81
30
16
221
-11
17
-27
47
-56
47
23
182
-152
-121
-46
10
37
-60
-19
-36
81
9
-43
-37
83
-20
-58
-12
43
-102
44
-26
-51
-36
-83
-22
117
38
-31
-97
-197
141
-7
-243
-112
6
-7
19
-142
-58
25
160
259
21
-25
-100
75
-56
-5
187
-283
111
-58
-113
78
-66
-202
-147
31
-69
-45
-160
6
-154
-213
-97
-40
-54
74
24
-62
-79
-65
-59
36
64
-92
36
40
-9
13
-18
-33
10
-49
70
102
-2
-117
-31
-16
-5
-228
-4
1
141
-18
-73
-108
-138
69
84
-114
-32
136
-94
-5
194
-73
-6
-80
-67
-24
-26
-15
-15
-79
-143
104
-7
-61
24
5
168
-90
31
-64
47
17
-34
47
-2
17
13
53
-153
9
-73
-15
39
-98
-101
-128
-10
-7
-89
-45
-30
-86
-70
-145
-35
35
-74
-14
45
112
36
-22
-7
74
-73
-33
-17
-85
97
-133
-217
-65
34
-101
144
-70
-38
118
-102
-22
-155
-44
-2
139
-183
94
-214
-142
-82
-57
-18
14
52
8
-8
60
-68
38
16
64
-23
-90
-38
-24
-69
131
-20
-52
79
-3
-113
-70
-3
-4
70
-94
31
75
66
-115
18
24
56
-106
-73
25
52
10
-23
-27
-15
34
68
-83
15
32
38
162
-25
16
-40
11
-97
10
60
-108
88
-42
58
21
-46
-49
-35
95
65
134
-98
-103
-40
7
-25
119
49
-211
101
-46
48
1
-76
-4
43
84
-22
-4
43
-19
-30
47
-53
-20
102
-12
81
53
42
-98
69
-12
15
83
66
24
33
32
-35
-30
-125
-56
0
-10
-153
121
10
125
111
46
75
-73
-24
-122
56
340
-90
-63
-17
-25
22
71
87
21
-3
-1
71
7
3
-57
-55
-6
-150
198
-72
-66
122
-142
-65
-52
-247
-27
-67
-27
107
110
-49
56
-29
-60
-129
-183
-37
185
133
-70
-77
92
123
100
-80
50
78
-19
29
73
-35
52
14
43
101
-202
63
2
-103
145
31
57
-105
-4
-28
-83
71
39
-123
-43
-87
-42
33
48
27
8
91
76
64
14
60
54
-158
62
150
89
-108
-14
-6
-42
51
59
17
0
31
-67
-15
43
64
-102
-96
19
-98
-70
-141
-46
186
48
26
12
-83
109
-11
-144
9
38
-67
13
109
57
37
165
65
50
-48
-112
-1
-118
33
52
75
93
94
-1
131
-30
124
30
-109
-80
125
-92
-144
34
72
-3
21
111
87
31
136
-198
151
199
-25
-90
-98
83
52
19
-39
-34
-101
-6
16
-30
-110
-110
-15
-101
85
112
73
-86
33
75
31
5
19
184
-25
-138
-15
191
6
30
-98
-112
139
154
17
95
-38
-11
26
35
-51
-190
37
-82
77
141
-77
23
192
-82
30
-193
170
-211
-13
-47
-173
104
67
-68
49
193
168
22
-6
-27
-38
125
78
-5
-48
-17
5
-222
50
-190
-7
129
1
193
205
-55
-3
-13
-46
117
141
99
-36
-267
-6
233
217
-39
34
46
-131
-203
11
-44
30
98
-10
-17
14
55
-16
110
-18
-23
-129
26
-65
25
-13
-45
59
133
-27
-13
-1
-13
53
42
-144
-64
-7
61
80
-113
-100
33
318
-45
121
-120
-24
87
-99
-30
17
71
65
-193
-56
32
-12
-33
-32
30
-72
120
-60
-7
45
-190
20
62
0
51
-60
-111
2
-148
-171
37
-89
-78
-45
127
-11
192
53
-56
-17
85
-80
31
65
89
46
-91
-83
-14
-114
-136
67
-113
-17
-90
-12
-128
15
-40
-29
183
17
-133
-9
-39
-3
-146
-74
86
25
-63
-57
-202
68
-45
-134
-23
202
-11
-243
41
186
-36
80
-24
-40
89
43
71
-16
-3
51
-199
64
-31
15
93
-80
66
-51
-23
-99
32
-75
56
72
45
5
120
-69
-87
-172
-62
16
-101
-61
-315
79
11
93
-19
-45
-45
-65
-106
-10
84
-68
62
-30
97
-39
80
-39
3
133
-6
-1
-21
80
-194
59
-74
106
155
71
131
81
-106
174
-21
-89
39
-47
-4
175
-26
-27
-19
44
-153
67
-150
60
-87
22
-66
137
106
21
56
0
-36
-103
-22
186
10
126
39
82
58
-26
-6
42
-8
116
39
-47
42
80
-24
-81
-30
-8
78
23
-66
-22
-30
-46
-41
-18
6
-52
40
-23
162
158
-47
-5
260
67
7
-22
-32
-40
165
58
-99
-4
-76
-12
-102
76
46
-124
-66
-82
-6
1
44
-33
148
-39
7
-215
79
-114
-100
-7
96
6
-85
-86
-90
-12
94
-77
-91
-29
2
67
34
94
-62
82
-152
-95
122
26
-67
20
62
-75
-39
16
-107
46
42
53
-18
25
-3
52
68
21
-100
16
-40
17
38
-25
28
162
57
-52
-25
-66
23
-17
-13
72
38
-42
11
31
21
47
164
58
14
-71
-34
43
-133
-104
-7
26
1
-2
31
-156
8
98
-94
30
16
214
19
-69
18
-51
34
35
-58
-105
-86
-18
-83
37
-15
70
171
43
-209
114
-12
5
76
152
-27
-84
-64
40
29
-56
-19
-79
132
-33
-104
-96
54
55
-84
27
-49
-9
76
-7
181
37
-22
52
-101
9
58
111
62
18
108
-21
51
9
68
121
79
-52
99
-91
-173
-131
26
-42
40
-33
-148
49
72
-2
-53
10
-32
12
-2
34
-107
-86
-76
-91
-32
-104
-41
85
68
-58
41
-6
7
-92
0
111
91
8
44
97
-1
-90
15
31
94
22
94
-63
8
-6
-85
-40
205
-53
-49
73
-30
5
47
-7
-72
90
59
-49
54
-58
-48
74
-67
-150
51
88
55
44
64
-14
50
56
-91
-12
-129
-206
18
-42
10
-129
-4
65
-19
-37
-164
-26
-81
-110
-120
2
-170
-54
58
-39
45
26
-21
-250
39
-88
-24
19
-19
73
50
-9
-213
82
42
-6
-82
40
51
-122
-32
-5
119
123
-116
-8
17
5
37
93
-1
-92
77
-60
50
-37
142
-30
25
71
-132
46
78
-52
-51
11
101
-18
-50
-84
134
-7
-97
-83
-53
66
-33
5
49
-29
-74
-51
-49
62
-16
10
-79
56
-38
49
-64
62
-140
-14
-86
35
-122
157
125
38
-16
-23
-6
59
-85
-41
-51
142
-3
-6
-18
-4
86
-1
9
56
-40
92
-33
41
48
60
-126
53
-38
43
-95
-42
31
86
53
-108
7
-16
117
127
73
26
-248
-77
-11
-39
-45
18
-139
144
147
78
115
-85
-20
70
30
-178
15
-110
38
-8
31
69
44
111
-132
54
-17
69
19
111
95
132
-26
36
-32
58
-213
278
-132
-28
30
-124
-67
126
-115
20
124
-53
148
-58
1
-82
-8
-33
-126
-55
118
-22
58
28
-26
-18
62
-37
-62
-103
63
42
128
-39
-83
38
4
110
68
28
-120
60
-77
227
-31
-70
23
108
-93
-51
160
-193
67
47
55
76
-68
-75
99
182
4
-21
102
-60
-39
-204
-4
-81
-110
82
-120
-14
16
22
38
84
52
-63
130
37
-84
-122
56
-31
0
86
56
63
40
-23
38
-40
-136
-58
0
-120
-101
-87
108
-201
9
-1
19
-24
-93
48
51
132
56
-81
77
-36
22
-41
-46
-162
48
51
71
103
64
-28
87
-77
-103
97
66
173
21
46
79
15
118
-69
3
-42
38
-61
-182
-18
-11
-28
112
20
-106
126
37
55
-99
-12
-18
57
-133
10
-96
-70
-55
86
315
-8
-58
84
-144
10
25
-116
-15
-80
99
40
116
-62
3
-63
-59
-82
64
-23
-41
150
-37
23
-11
41
-46
-25
49
75
148
-70
-19
150
-108
-111
31
-27
-3
-55
133
-139
-23
100
-162
-56
-90
-36
59
4
-46
-23
22
114
110
13
-38
-41
-79
-63
-22
24
-4
-30
-108
-108
33
-18
-79
41
-139
6
34
75
142
59
189
-157
-15
19
38
90
-86
11
-26
-197
104
13
17
-67
317
-24
48
27
-27
-69
-145
172
130
-140
13
8
-28
88
37
70
57
-291
-130
68
34
58
84
-206
-11
-67
25
-118
-55
250
110
-308
-18
-41
-21
217
-136
-139
27
37
-97
-77
-13
-8
40
69
-69
122
91
152
-77
-76
80
-197
25
-40
91
50
-15
103
-132
-29
-169
56
119
131
-80
114
-15
-84
82
-149
71
140
25
-24
66
-176
-66
-78
32
-82
-254
-84
62
-23
81
78
-50
-138
48
-8
26
-15
-156
65
21
216
-104
164
9
38
14
-67
90
62
63
-36
-91
-4
-57
14
11
62
-34
79
-12
-130
-114
56
32
20
86
45
86
-95
83
-42
65
-8
107
-36
-102
72
-114
-99
-61
-98
-5
145
-99
170
-8
203
10
193
111
28
-9
-46
79
55
10
-43
-61
11
8
16
180
-39
69
-14
55
39
21
-75
-66
-19
-14
-114
-54
-57
27
-1
32
-77
-125
67
19
-10
-65
-104
164
-62
4
-51
-73
-74
115
10
104
51
39
155
-85
20
-57
32
-43
34
-23
92
-13
125
23
-51
-38
-40
4
-111
-23
155
-156
-30
-106
28
-13
138
-26
53
-37
-74
17
62
-111
30
31
168
-121
15
-1
-1
-69
-143
85
16
115
58
19
105
178
55
45
-67
37
38
-7
-25
109
-23
-145
30
-30
-46
-126
-34
-122
-32
148
89
-57
-43
177
50
144
-27
55
6
-67
57
-25
58
47
-31
-63
79
-8
15
-26
72
-35
-42
-94
74
-42
-36
-42
131
-20
-76
158
-78
15
2
-74
12
-55
-36
30
-99
47
12
-25
-14
180
-59
-18
-32
-112
26
16
173
-111
-50
-50
-10
-121
-8
277
-111
-85
96
87
116
-19
64
-120
81
83
-51
-117
-100
-45
152
55
-60
53
179
74
-187
156
36
-67
87
19
-17
-49
-26
-61
8
-12
151
153
-21
-37
94
-247
-60
-60
-52
50
43
-60
-194
-109
-14
18
-28
74
-104
132
25
110
-51
27
-134
-41
-108
-124
25
77
-248
-72
133
-119
24
87
22
36
-57
118
49
138
180
-32
114
23
-24
60
-25
-34
-277
67
-15
-44
-21
-16
24
-44
-96
101
59
-74
83
88
18
65
-50
248
13
64
-51
-16
25
144
2
93
11
164
166
-70
110
29
75
-88
-42
258
80
-15
92
-2
-29
-56
-141
19
-2
72
-68
-106
-121
-58
18
68
-7
28
55
214
25
32
-28
5
8
-53
168
14
28
93
108
14
145
12
3
-3
147
-14
64
12
252
28
-11
-59
-61
-14
-85
-251
-173
-168
-54
204
-109
2
50
134
-9
130
-67
72
257
-2
210
85
-88
-98
-106
99
-11
167
-119
139
-74
42
176
-153
-58
87
-61
-79
-44
-86
121
-12
-6
133
95
103
-211
-71
-13
0
-85
-174
37
-73
-3
96
35
-103
83
-96
71
16
-10
71
107
-109
74
-6
-54
-19
-42
-40
107
-4
6
71
-68
51
-105
-41
-51
8
48
37
-150
122
23
-158
80
-18
118
70
95
41
143
50
16
44
-154
98
-200
48
-81
-45
147
-78
-139
25
39
29
-36
55
84
81
29
-18
-39
21
60
123
122
-49
36
-48
197
13
-157
33
56
155
-129
-32
129
111
-29
-47
-60
35
-88
28
-107
-93
-144
50
52
98
-52
-6
1
-109
-177
-190
106
-270
170
102
-83
1
-1
-62
28
-15
-40
100
57
42
-69
105
-1
-165
87
170
12
16
-61
32
30
-99
236
-285
75
-13
-7
-33
39
12
171
17
56
-12
-48
-37
50
55
-117
-116
-92
-116
273
-91
3
-101
-66
30
-78
2
123
-23
-101
-241
97
-55
47
22
72
-222
42
58
-51
81
-306
305
-66
140
-61
-48
99
-19
47
7
42
-66
-9
-106
169
12
-25
-13
-15
2
-11
8
-1
-6
-25
-175
14
-87
62
29
68
-16
-66
-134
98
-8
-49
24
252
-63
111
156
-115
82
56
59
-238
7
-91
-227
1
4
-17
86
61
194
28
-58
4
22
-2
-69
-95
30
-58
100
-61
82
-40
118
-16
110
81
-22
7
-34
-14
-89
-13
20
-78
-75
-67
-80
-2
104
82
-60
-30
49
50
-28
-30
30
-23
-7
12
-68
10
-46
-173
-93
29
10
52
107
15
-27
-92
-68
-174
-14
21
-28
-50
6
19
-76
-73
-89
-39
70
-34
6
16
10
-44
116
-6
6
-55
22
-34
-77
142
-87
113
-124
2
19
-64
55
-138
0
15
-26
-49
-9
1
54
71
-95
-68
88
57
-13
108
-29
26
-16
-172
54
104
-55
14
9
88
-97
137
236
22
-160
-87
-92
7
14
185
144
-75
116
-49
-150
87
-18
-67
44
-59
113
58
-5
174
42
14
1
-89
-44
172
111
51
-44
-85
-25
-96
-11
-95
-79
-92
138
133
-119
-31
-50
197
96
-17
-248
47
21
-88
105
-26
35
165
-145
-28
-52
-64
-151
-186
-124
113
-189
97
90
88
-191
-14
60
23
7
-18
-72
-146
-108
23
-160
23
133
-47
-79
3
-77
-14
-68
33
-52
-44
-23
30
-126
134
-2
161
-28
-119
-159
38
-10
-53
12
-70
-133
-133
60
-129
125
3
-50
-88
-94
-16
-21
57
69
-58
-167
-50
-67
121
94
-159
-30
78
-191
269
-1
38
-222
134
40
-45
-19
-2
144
110
-197
-178
-104
6
52
-106
132
104
16
-84
-27
-2
55
12
13
-5
96
-75
-120
36
-115
-63
-154
55
134
-53
-295
156
-48
-37
-66
-46
-1
-5
74
-6
35
104
-1
127
96
-125
20
-80
-133
-60
17
-3
4
65
-32
108
-13
-81
49
-145
-124
-145
124
-69
-39
-197
-34
-32
-35
-102
-33
60
19
-14
-21
-29
24
-125
-61
83
186
-163
197
45
67
-37
0
67
-102
-139
78
56
-3
-44
103
0
-16
-54
-28
96
-13
-85
52
-38
18
-105
-74
-76
44
-16
2
-6
-81
-27
62
-57
27
-291
-73
-65
93
-100
-88
228
-141
-99
43
-24
-153
-47
-121
-36
-42
-5
-104
158
-74
-187
-50
34
83
67
132
2
68
-30
102
60
-75
-41
35
129
251
-3
11
53
145
98
-14
-78
-157
-17
32
54
36
-3
-31
-121
24
28
-123
-58
-149
-57
-125
52
96
49
94
-154
-54
-114
-12
-111
-131
121
-32
-133
1
94
199
-6
44
13
21
-41
-56
9
-9
62
-33
88
5
-57
8
-60
-38
-31
-29
60
-101
238
-144
36
145
-13
-90
177
-7
-189
1
16
65
23
-39
4
36
37
30
37
34
-219
-94
17
-2
-144
-72
-55
226
30
-70
48
35
-1
75
-160
-164
-174
229
95
95
-76
90
-76
17
0
6
62
5
69
11
138
230
0
-73
148
106
-12
-148
-82
-288
-34
-20
-117
-227
-122
81
10
-59
40
-249
-29
123
49
-47
261
-145
36
-103
-126
-186
-83
156
26
-38
-14
40
65
-195
-42
184
160
100
-48
97
35
22
11
-84
169
-128
185
-24
108
-223
-44
122
-7
46
9
-75
88
-28
71
112
-30
90
-78
-162
-90
34
144
210
45
-213
-72
29
87
105
51
-12
17
131
-68
-8
133
-18
-183
-26
-139
-55
161
-27
-114
157
100
236
59
-22
-7
174
12
50
-139
209
36
-195
50
-12
77
114
-66
27
-61
-263
53
63
126
14
-29
-153
90
37
43
-7
-198
-14
-32
-136
-5
91
25
46
-55
-90
-64
59
-50
155
-31
188
49
35
210
132
-313
-127
-61
74
-113
159
67
-140
-190
-97
154
24
-174
-4
52
60
5
136
-103
133
-54
25
75
73
67
-23
-158
-133
125
44
-70
-113
-15
-115
67
-129
44
119
-147
152
69
10
14
19
13
-31
-119
24
-4
-36
47
-116
23
116
31
247
65
-47
4
12
35
-7
-81
-129
-81
107
-23
56
-5
26
-10
-19
45
28
65
185
31
-37
-73
93
-29
57
-13
55
78
51
-82
21
29
142
-67
1
52
-146
145
52
-138
26
-86
93
146
-85
-2
8
-33
112
94
32
-9
-128
168
-122
167
-17
24
-25
-52
5
77
47
-25
195
-100
9
-142
53
41
33
24
29
-186
23
-165
49
92
-22
56
31
-171
-97
-60
-31
-77
-112
-72
-189
-177
197
-133
-114
-119
-17
0
76
88
111
155
-30
97
-61
114
-1
-53
-35
-28
133
69
-58
63
-33
-34
143
-66
22
-17
-276
188
-136
3
-71
-25
-51
-197
-4
128
100
234
-102
-50
17
207
32
-50
24
113
-96
102
-59
115
-76
83
39
-41
-84
-14
188
109
28
-10
173
8
-31
40
35
-88
-300
-27
54
-27
-63
-35
71
-25
52
-198
38
31
-35
125
-31
-154
-58
-6
126
115
124
94
-110
-8
-134
40
78
-144
-43
99
68
70
52
-50
48
-128
59
14
-65
-396
40
58
71
-126
-42
-22
58
-103
107
129
-24
-265
-81
-4
9
-39
80
-173
-128
62
52
197
-285
-50
-29
-20
-190
94
45
135
9
29
-68
-37
-67
16
-174
25
-12
-33
-44
-5
-10
67
-80
-31
-64
-297
112
-129
-17
21
23
-91
20
-124
-9
-68
41
122
81
-20
-32
-83
-105
-190
93
13
103
-148
-195
82
19
-33
126
-23
-44
-10
140
-83
-157
-214
40
-71
7
-197
-155
-7
-216
-10
79
-181
-123
118
-49
-181
99
-26
-83
16
-30
-198
-94
28
-284
-108
-12
-16
3
82
-20
-117
-195
-81
230
-89
9
-55
92
70
24
11
-106
-16
-19
6
-88
-58
-23
19
-21
84
-5
9
19
111
138
62
-69
92
5
-14
-83
72
167
0
116
-267
22
93
-48
20
21
90
170
5
-13
18
100
4
95
5
-31
-38
-22
52
-23
117
-27
8
71
-26
-166
-2
43
-238
-144
-71
-16
-109
-11
59
39
32
-157
-47
-75
79
-4
-69
-69
52
-26
-23
3
218
28
-42
59
84
232
-27
-104
47
-26
-6
80
-128
-12
-12
44
-75
85
155
-94
-96
-82
-36
10
9
-78
-15
76
111
78
-101
-85
-138
-149
-11
-27
-65
127
-182
-21
-106
74
-79
-79
225
-57
