-689
-198
521
530
743
671
-268
676
-338
-759
383
-395
-816
-836
409
-872
-159
365
-360
-469
552
-662
-244
9
124
300
527
-489
92
661
-503
-831
-237
606
590
97
60
-393
-18
135
72
272
403
1027
-621
-545
-568
444
678
-871
134
-437
419
494
1313
-727
417
-478
4
727
72
219
-739
-316
-63
245
-566
120
574
-335
136
93
236
924
-34
388
433
287
-697
-1438
-410
338
-58
-561
604
-139
1333
-289
-227
355
161
272
516
-191
-784
-433
241
-728
-554
-19
384
418
-1055
-542
-488
162
-80
89
-208
146
373
-611
3
317
-498
500
228
-252
56
28
25
790
-289
-945
-150
582
-642
-1170
