-635874
-174662
-107352
-142860
-19510
173226
-251946
-232223
-167622
221099
117191
-89675
-399962
37744
-81201
-175445
25533
-57945
-264251
-227520
-58119
171532
17179
60850
-573589
-313431
-251023
-158668
113965
-111525
-363624
46970
31902
-396665
973
-384881
-70128
-188565
-32823
-72100
-113851
-429958
77123
-278597
-162635
139441
55609
105692
109262
-201914
-209685
-377408
-264697
59621
1516
-32600
-342336
-159986
-160492
-17315
-215892
-300736
10262
-165272
-177701
-158261
-221902
-352077
-248875
-126642
69019
-75721
45988
-319364
59301
-185807
-108653
-93131
74726
130094
-68802
-188758
-127012
-96595
-386022
-82831
-143156
-75567
87183
-70056
124208
-10410
-42778
-257967
-68623
28917
46986
-220830
-676852
-159404
9471
-253789
64075
87563
67196
37539
-620584
-96504
-13023
-368423
-403600
-41269
65394
-213771
-179809
-108981
-208100
-95933
-199227
173539
-59536
21111
26068
-220502
-304192
-45254
-114044
148698
201214
35364
-520927
-278515
-178532
-72518
115654
35936
-158149
-86974
-176349
-373966
48563
59854
-825
-225712
-274045
-26785
23906
79608
-141018
-129754
-137727
66061
-115799
-36683
-36392
82186
-35055
-134954
-17800
-151218
-223845
-126662
-61649
-251716
10161
-79718
-91131
-187293
150408
-93860
-32526
-86824
-190504
-136713
-346114
-37465
-41726
-270011
-514404
-575773
-314802
-163875
-49908
-58003
-80012
-75669
-10390
-171160
-415497
-99176
-243190
-108689
-204979
-96928
-207988
-97249
-29294
-248346
-329612
82906
-105724
66699
-271270
-371602
-124177
-6015
-388504
5459
157914
195710
-139810
-143029
4112
-144469
-213735
-123494
-246161
-95311
60404
191534
96455
-443074
-220928
33953
264927
28553
-363478
21836
50442
12884
-150599
99302
-112332
-118899
-154263
-302067
-1405
15263
-383641
-336623
-116007
-153283
-125176
218225
-281543
-96999
-37827
52029
69832
-141096
73953
-307511
3466
-209327
20674
109487
