-334056
-31504
-592856
-44700
-307362
-340268
-313318
376745
665718
211987
429814
443890
546883
-328742
74763
587291
1078754
-70886
-255482
-542616
-12664
161455
-221114
-156505
-1062940
459150
1582243
359281
-1170644
211524
4131
203614
-411801
-1091036
-510924
1119151
-265267
-455129
495877
-148785
60189
68429
-95447
-576558
-16325
-23123
-158160
-547606
1397638
151833
-309539
-850316
262831
323439
-30020
449688
-72273
-33749
-162318
432864
1243690
1458745
157680
-248115
678240
-257090
-107573
185183
-247345
754649
40074
-122867
-217331
-219526
-22884
-99896
1125230
-510236
-64924
-127356
62977
80476
160263
-823823
555073
740458
-711114
313620
-177959
368656
287875
-4690
146715
433743
320204
-147614
52024
-587452
100371
-889494
-166633
-396361
-307823
446368
377089
9546
-373914
83265
1021908
-303795
157056
165474
190782
163244
-45105
349932
1614460
24230
-173030
630280
144736
358377
9780
-106669
-940090
-830855
716584
-86712
1301360
467190
288888
-527324
-1515912
824358
200657
-285531
-1045961
284881
208657
-46748
-203872
527613
-277496
-306419
-118080
-457090
-560190
79118
44669
-363181
-52815
-13076
-191006
-353976
135435
-205803
28017
-136633
-330504
194063
44982
-307739
26683
-235579
-182948
301012
-135736
10708
-50039
-471187
120547
-64310
-424410
270468
-556652
-263141
540748
1461587
510481
-185728
33363
144761
160347
955395
-402344
677099
149185
104256
-10519
-275548
92907
-87191
-75938
-668225
362639
297242
-480477
-668828
-99863
-363501
-92543
1218648
-127236
-365078
-255375
240598
-107369
-103896
149546
22534
-481287
-64951
-392900
-322473
-338794
264815
-326210
115660
141191
-698168
-487339
751928
-723233
269658
-273960
-1113947
-870336
-93220
301539
-725742
-43140
-19555
1330484
-347349
-202771
-436147
-207613
-280367
-276024
383102
-1265712
338994
-1105587
153187
-417377
674345
-335878
1546961
96164
-78040
82191
-24188
-533913
-252969
-1108156
762942
