8353
-1034450
-969028
1546247
160246
-486259
244415
848537
-165146
207132
753265
1360328
397069
-807156
-374313
2178383
633121
-191252
339285
-511037
977905
1897039
-1059066
-300508
674085
420299
-95950
1551040
43088
461005
396571
749928
285520
-1176813
46612
36804
-1266536
-390732
-638144
93808
789804
1342569
-63336
1060409
1117447
394364
31520
-342172
20387
2316456
1276696
-265800
1630420
-265810
-611823
447899
-458447
-985176
1905042
-253280
397068
768166
90691
-809973
1490828
1140716
-868971
-677122
206039
-195832
161766
-119190
1783684
772379
3213
-840184
-1175928
-385010
-6911
-1038146
1259263
-401706
1000825
360623
88935
-31262
-228586
-1114427
1451575
-274692
-923256
-1052777
151675
196355
-199260
128096
-231698
-63846
1999307
54571
-23682
223927
-21445
-242609
50212
1260478
1414328
-491093
748233
644183
-261255
101577
-505784
2217464
336947
540798
-458698
1202299
434623
1152605
1570037
-904303
991841
-1180594
-1199639
-666313
-73832
-515186
-57030
844474
53951
885875
-201605
-122393
920830
-782495
1519952
13891
1348331
-104883
1538227
-198293
750255
1162891
-616094
63009
1210311
70747
1903938
1472598
150378
-1126322
-239712
1556596
1103679
-841524
60433
725646
-84493
306866
1246036
-338704
556548
1253497
-379692
507949
769772
-440271
-199664
-743934
380022
1415525
-200762
-812735
-972485
650103
205022
-70804
-491560
101718
-777463
1691072
572896
55959
1762167
120048
-276118
1415166
915226
1333647
1072774
-521852
884616
114431
-63182
1273242
241268
-385981
426081
-253370
966630
-578191
-31474
43957
-1048419
500804
-740980
1532518
-560231
2115518
1214206
-742813
384926
-373556
-723804
67181
-371666
153634
791209
1351372
-511113
-41346
-326199
-343704
1035378
853232
1463319
-785120
886754
245005
408051
27683
-492009
142582
-772785
1429522
1288644
-821341
-57728
2531702
699364
466020
-284753
-202868
-45114
1090448
574258
-1021234
768932
539874
1242290
-8263
-8300
-595180
6802
-947090
