-118
1103
79
-39
987
-637
209
23
-187
-479
-540
-642
-784
-395
864
-966
-198
-184
486
-424
218
737
-946
1291
109
607
263
-636
-607
-325
-1047
-1776
-1542
-520
2349
40
617
-544
523
48
-2002
543
1227
429
1097
-315
-668
-89
-337
-2353
1591
108
803
1553
-162
-1029
-39
312
-246
-176
117
921
407
911
-416
-612
650
831
-1140
-740
-713
-562
705
-500
-945
44
-1297
-261
488
-864
-895
828
424
999
613
-346
-166
-460
-854
-576
1518
-4789
1650
3003
585
562
-1484
2508
-921
211
-44
-330
1555
18
-738
-363
-195
82
2132
-1472
-997
-2228
-355
557
-276
-764
-932
983
-89
609
576
-376
980
302
842
-189
-737
-1396
-250
32
833
263
194
932
-122
-337
1604
-203
790
1499
-599
669
455
-197
1242
2049
-1169
131
1153
-828
903
-1291
-2110
-437
-117
-43
-576
-263
-234
-391
443
129
98
1465
110
56
-802
219
43
-435
198
-242
-636
-48
721
1326
-569
535
1196
-824
-363
-88
-49
-885
-392
-237
614
-554
-603
359
1121
-366
-78
705
74
-226
-412
-336
-368
1852
1225
750
-3542
828
1233
1692
-650
74
-673
330
1269
3714
516
870
-2351
657
198
-591
778
652
-1433
-662
1643
696
213
-1176
1241
-210
-2890
2656
-208
-172
-1192
-28
285
-127
-163
300
-1564
738
144
1320
701
-1048
-304
333
-3194
3423
894
1655
-2283
-463
1018
915
356
-544
1337
175
-104
500
-434
-716
742
1136
1238
-1026
-46
1753
-539
-1237
20
1471
747
-614
-1024
597
371
-763
248
-591
800
-39
-780
526
1491
-9
398
110
-144
-259
322
-16
-522
-162
-266
-399
-226
-446
-631
-613
-249
-112
163
-419
-181
134
697
509
-552
1327
-302
-191
23
-421
-60
-262
-175
221
-183
-633
-194
-83
77
-90
-179
-788
29
-1036
15
-1722
-538
-1063
1327
324
692
-534
830
2206
-2763
368
330
-12
902
496
469
-1350
-477
1704
397
-865
438
248
-60
527
-1676
3016
-284
-1652
897
-93
-1244
656
926
-403
1173
1503
70
-263
-277
-178
271
-168
-88
2250
-442
-243
600
-149
-1319
631
2103
-1817
-1365
2618
264
-1489
-294
527
149
345
200
1983
1254
-297
-1972
-22
-147
962
128
-191
807
-790
-788
-690
-1018
-343
-699
141
-25
72
-179
-144
-1110
-1280
-64
-862
-501
-498
407
-698
220
-531
-468
-849
1852
-1396
2724
4323
-2577
1381
-941
-338
-962
-168
-652
-235
438
22
-374
121
331
542
-239
-356
335
1778
-1161
-101
1042
-134
168
-263
-233
170
2803
-614
-592
-615
135
92
-480
-286
50
-733
-155
-52
-183
41
-552
-286
-635
216
1057
-2275
114
-1235
804
1452
858
1233
-424
-583
-221
-817
-404
-841
-421
-1190
196
357
386
-171
-81
-18
-349
-151
-153
-256
-1045
-1616
226
-888
2255
1157
-433
-208
-195
-1743
1158
-694
-855
-1659
-163
271
1918
-302
436
356
-92
471
-7
-175
1340
352
-297
681
1539
-786
-687
346
596
-288
930
405
1822
-1228
-999
-270
-6
509
-1507
1725
-370
-1236
1037
-1501
-357
-292
-2
-225
136
1436
-556
-88
80
-377
629
1993
-434
-2616
380
380
-635
-1017
2392
-40
622
-25
-363
-30
373
211
-902
11
1911
-681
967
1191
287
2050
611
-1511
-547
-1561
-1062
-1160
2585
1269
-1365
-608
425
-48
-1194
777
-663
-386
-659
-893
540
-864
235
328
132
845
310
670
649
1298
561
734
994
548
1767
-43
0
1011
-1150
-942
772
765
-403
-200
628
-106
376
1421
-48
233
237
-195
-19
1060
1406
-1722
-1408
1698
-601
-737
1228
414
-855
-181
1157
301
-662
17
706
1582
1331
1793
737
-438
-679
-342
-705
-53
-576
-527
-749
-101
130
-429
79
-144
-461
-540
-329
-1820
770
-740
-1027
2293
-119
135
-209
146
-905
-424
935
3624
-265
-624
-1066
50
-405
-491
-408
-622
-443
325
608
-921
-187
515
-127
-1046
860
-831
-1883
-2109
219
-670
-649
491
84
-539
1525
161
27
590
-277
-167
-396
-205
-669
270
-414
233
-1505
-217
-141
-293
-277
-340
-274
12
-183
-296
-263
269
1075
402
252
663
-47
529
-143
-771
-470
484
1027
-742
110
1437
-364
-104
-836
337
-2814
-63
-991
82
1295
804
2603
-1346
-1541
-958
-844
42
-619
118
1142
1599
78
-428
56
-778
-298
17
-109
-523
-703
-209
25
-319
-306
136
-449
-37
-359
-281
-47
1130
948
1347
1186
-1362
447
-529
-965
-715
-453
-262
800
-781
1338
943
-1464
622
1259
-192
546
42
-220
1247
-405
-400
-1166
-296
-55
-157
-150
-372
-370
-427
-161
-391
-174
-70
1746
-192
209
-58
-327
238
-96
188
-449
-139
-425
-626
-2641
-352
1046
3016
-33
-411
-101
-430
-45
184
-279
-335
-555
-443
891
-43
-964
-843
2082
50
1695
26
-1226
-514
-274
-540
-411
-674
-391
345
242
276
359
699
-303
401
1905
399
-602
483
221
-478
-2180
-253
-981
-2416
857
-516
1512
-289
-254
-296
-269
-271
-522
-137
-116
-193
-47
890
933
1122
213
-1913
-18
427
51
108
249
-520
276
1543
-6
-382
766
159
10
-1292
1224
-519
-2959
2748
-1546
-626
-88
621
1427
856
1245
81
1000
166
335
-572
458
-320
46
435
355
199
618
-354
-148
1404
1234
1721
830
-36
-1102
-222
-351
-1043
2
216
-1073
736
-2387
183
-1106
-5
-709
-386
-312
-1766
-1421
232
1234
224
588
-582
-598
349
759
389
932
1075
24
-594
-201
9
-63
-565
-435
-98
-163
-223
-293
327
-208
7
1047
771
164
356
-393
28
846
-567
263
1334
-3
-1239
380
1075
-432
-192
-226
-409
-541
-429
-302
210
-343
-274
-390
-326
436
145
349
1543
1507
1821
128
468
323
1612
795
1150
-30
1071
364
1445
1633
-571
114
1794
-879
1380
2346
-228
-246
-214
-955
2742
-385
-162
1347
-1180
-76
1450
342
483
1005
1432
-279
1529
2105
-108
-634
-1699
1257
-656
-457
228
690
1705
91
-185
-967
-347
60
-1209
-293
1781
305
-1427
-709
1046
562
-2639
-132
88
3265
2188
-242
1080
-328
22
-150
-7
-326
78
-279
-445
-195
-141
-37
765
-439
338
866
-1528
98
1447
1577
441
178
-266
-654
-274
-264
2321
-7
194
626
-128
-37
9
-437
-274
379
-380
-184
414
-598
79
414
-1330
259
1143
-195
89
131
-861
-348
-270
560
-200
-602
14
-303
-516
-696
-1009
-81
1561
1458
-272
-544
-729
-1562
366
-581
-117
1168
-632
-537
-376
-175
183
