159
-1
281
286
119
216
-179
-3
-142
-114
-150
93
54
20
34
142
80
-192
145
-63
134
-159
138
67
64
-11
43
239
-100
-125
-162
176
-125
-116
113
-72
129
11
-165
-96
121
114
74
2
-57
-252
1
67
161
-155
67
-73
-91
55
-91
57
-81
17
152
-128
-94
102
127
-2
-153
132
228
116
395
106
-107
-53
-63
-203
43
-214
24
-121
243
52
38
55
-142
69
45
49
354
176
-54
182
276
-368
137
-55
199
-92
160
90
-202
154
212
188
122
-379
-121
-43
46
221
-245
-62
-41
-158
181
-96
-168
134
-58
-12
-336
86
-31
44
-122
33
147
-15
-253
-232
-40
43
-39
-263
182
-277
-37
-171
80
-132
164
-29
180
-194
-20
-84
19
54
-141
21
-157
35
-68
46
78
-204
-35
102
-109
-147
25
-181
-71
-43
-6
-44
52
25
42
-149
79
61
-152
-77
23
-72
-59
-57
120
37
61
-36
30
65
129
-29
-142
129
257
-123
-77
-7
174
75
138
35
-82
-87
14
119
-187
220
129
160
-7
83
68
98
186
-215
117
-43
162
143
27
200
137
-126
-79
39
-186
362
75
-175
100
40
230
-19
221
-55
15
-1
11
84
101
-4
31
-251
97
-75
16
-154
-99
-96
-143
201
-118
-66
130
1
51
100
-94
4
41
-33
156
117
-181
-253
116
-23
50
-47
-102
-57
-51
-94
-83
112
-171
-35
-39
85
45
-13
0
-124
107
64
-192
100
77
-8
1
-118
-34
2
311
64
111
11
-141
-14
82
-191
36
88
72
-30
77
-11
78
182
-61
-209
57
-23
86
-63
53
74
-17
-144
-48
-77
79
27
-6
-110
89
48
-26
-25
-124
67
-46
88
17
42
181
227
44
49
315
191
92
46
12
-95
-103
-68
-18
142
-180
146
-53
15
-114
-28
43
71
-169
-2
52
185
-31
-105
-18
64
-188
31
208
-147
149
37
-5
52
-63
-246
-26
20
145
-71
-64
-149
11
91
181
-260
-87
-203
90
47
-19
185
39
87
-362
-22
135
257
225
117
-36
-273
196
89
-4
-25
111
292
39
-88
168
-190
56
-134
32
4
50
-19
-42
154
-130
-246
-276
-110
114
241
-44
10
34
143
-24
73
-205
-337
1
-93
-28
-158
-59
1
142
-49
178
-107
-45
-26
-41
145
365
-46
-89
-17
-141
5
-94
-230
-143
55
160
-3
-33
213
229
-5
-175
444
8
326
24
25
-77
43
152
67
54
143
52
135
-169
210
-25
231
-78
80
6
-188
48
113
-132
-65
174
18
-52
-160
179
-218
-273
-50
23
-484
349
-86
4
188
-140
-48
-152
-71
-247
21
259
49
-142
215
5
-339
108
180
35
18
32
-95
39
90
-28
64
35
-67
1
250
-60
-192
102
-25
88
-96
-61
-137
-85
1
-12
-67
136
109
-179
157
59
312
-160
200
-26
93
-23
52
283
-11
98
42
289
-48
-13
10
117
49
-97
-64
77
55
127
-6
-19
-129
-217
135
-94
70
-173
228
59
147
15
59
-64
-59
6
-12
-152
103
-63
50
74
14
110
73
128
63
-213
-100
22
101
-74
-42
-105
-35
-152
-218
84
-46
110
-44
3
-99
-130
0
-107
-87
270
-74
-103
239
151
180
216
-91
88
-5
-59
100
-83
397
-29
-74
246
-31
-248
266
-69
-57
-13
-18
-41
44
-140
-235
-11
-4
-55
128
-142
22
-22
118
-180
49
178
-44
34
-35
-183
137
-81
74
8
-27
-121
65
79
-237
148
-64
35
-31
-140
103
-306
-21
-142
102
117
70
43
-165
-179
120
-4
49
152
90
71
27
102
-20
-174
-202
98
130
89
77
-111
-90
-122
205
13
96
46
-59
222
196
-70
-22
-26
107
-14
-179
123
123
105
-60
-134
-10
47
203
-60
135
167
167
56
-236
-137
-199
-37
-226
50
264
113
-97
46
196
5
-29
132
-287
-1
232
78
69
107
-92
258
144
-49
-149
59
-72
-102
187
-12
-140
-54
227
96
-51
41
11
-62
-150
-90
-2
-122
1
30
-93
24
-108
141
-61
25
-95
-57
44
16
80
-39
37
-18
93
129
119
-115
-166
-78
-88
-14
-48
141
9
-47
7
106
89
-97
-85
-30
-89
-66
117
-35
14
0
-43
87
9
-180
121
50
-79
40
-162
-10
-27
64
-132
58
-33
33
-65
71
-64
-41
-110
15
98
35
-72
7
-43
72
-160
-154
97
-85
-80
-87
-46
-43
-96
43
212
198
22
65
-55
-167
-32
189
-38
-104
14
58
46
-47
-40
58
-7
-50
74
67
56
47
-89
-21
77
25
-7
88
-12
-22
57
83
-83
-10
-48
-113
95
5
-89
12
-102
-177
-233
-246
34
-33
-32
-13
41
-85
-145
139
105
32
-39
-89
34
-200
90
37
21
109
12
198
-63
-49
-47
25
7
-12
93
-28
28
-245
212
118
3
-28
54
-116
146
-83
6
70
-37
28
-202
-85
295
124
-104
-152
54
228
-40
-3
100
-82
163
106
-29
1
53
16
51
-144
115
2
-245
80
29
56
-195
0
-98
-47
57
-59
63
-35
52
-67
-43
-46
-39
-210
-98
-291
-273
-30
-85
-50
54
41
-46
-65
118
-104
4
76
26
-77
-1
-32
51
-108
-111
15
50
-39
92
292
-177
67
61
182
-11
-156
-137
-60
-39
-62
-205
127
-98
-81
-12
65
-76
-1
-42
-6
-61
-174
184
-173
-171
23
25
-112
-211
-101
-209
-135
-127
38
205
47
260
-71
-357
-107
-31
-154
53
-333
206
69
-31
-188
66
266
-28
148
-173
148
54
130
-230
293
65
-48
158
196
-324
230
78
73
-32
84
26
157
-62
39
55
-208
-251
72
-10
-141
-209
65
145
-14
69
-276
105
66
257
137
-119
-133
110
137
181
-26
21
261
-71
-76
107
-149
-125
32
77
112
-50
-133
66
17
105
-138
24
-278
110
177
154
-13
-96
-408
18
33
-33
202
-158
-41
199
167
-177
246
-5
35
101
96
251
48
-111
39
90
93
25
125
242
-133
129
121
-24
81
-54
-26
263
212
34
-130
135
-229
-5
-95
89
-156
-26
62
332
19
58
-82
100
70
45
102
50
45
119
49
31
-129
-147
74
196
-43
160
-29
21
-134
95
54
-191
2
-10
-97
-60
126
7
28
28
-78
139
-164
127
22
0
121
129
1
68
-72
33
-75
25
-111
184
-138
-16
-120
6
142
35
35
-113
-5
197
-95
92
-44
154
90
74
92
83
-78
-47
76
-88
13
86
-115
-50
-33
95
333
63
25
1
-25
-2
82
67
-40
35
157
-223
67
216
-37
11
44
-15
-10
22
-158
-100
10
77
21
27
161
120
60
116
8
-51
-58
-18
112
178
20
58
-18
-5
9
-71
-2
-103
-70
-11
-2
101
68
56
3
105
83
31
-81
-16
-232
-87
-78
-276
-102
-262
38
75
-86
-23
29
185
201
42
3
33
115
88
158
-25
25
-7
149
-68
-40
-44
28
-1
-1
72
-43
-64
-132
78
3
101
73
-1
224
301
-109
-26
-152
213
-257
-163
-8
-130
48
-162
-46
162
-10
-95
-161
179
77
31
-4
93
-147
-263
265
147
-104
21
-56
-14
40
-83
119
37
-123
-154
-125
-200
247
229
-23
-138
80
-101
-133
-20
-80
-79
83
267
-33
23
-29
-137
52
-51
-149
-303
155
58
-37
107
-222
33
201
46
19
111
109
159
15
148
-114
-95
124
-75
-54
-19
-55
75
-109
-9
-99
176
58
-54
96
68
79
9
66
-337
38
-88
76
26
129
-2
235
3
119
26
-120
114
-43
-114
-59
-92
57
-127
56
-97
-88
2
260
108
-158
-74
-198
168
-123
148
-55
-52
60
-65
44
55
174
306
-88
65
-226
-63
95
-108
67
20
100
252
0
12
-245
-44
-150
-28
193
275
-103
292
85
-83
-235
37
51
67
-71
-256
-5
186
-31
168
-91
-137
-227
192
13
27
-286
-50
56
-87
23
-98
71
-23
68
-109
193
-74
113
15
-104
-166
-106
-118
-16
128
188
5
-102
337
23
-56
-13
-185
155
24
169
61
11
-65
-20
-295
-6
91
-82
-96
-22
111
94
-150
-170
-181
-139
-104
-147
-17
54
64
-120
85
297
86
70
24
-3
-123
9
-47
135
16
16
-225
-33
138
-14
-15
-67
-94
-34
6
186
125
71
136
-68
91
62
37
-9
66
-68
124
-67
161
-148
50
-117
204
-67
129
-1
-116
50
69
-83
76
-55
129
107
-42
58
218
-10
-218
88
-22
153
174
34
-12
231
-27
24
215
18
69
-27
-55
142
-114
39
-52
30
14
-202
81
135
10
25
29
75
-34
38
57
66
222
-125
-18
-71
176
72
-12
4
39
-62
124
42
-29
-37
138
48
-300
-119
-135
-80
146
57
20
-113
92
-148
-112
71
-87
-107
-12
-42
-107
84
23
134
406
-159
-178
24
-8
-2
130
11
-106
83
120
3
170
-41
-19
34
-24
-158
-104
26
79
331
16
-28
186
215
176
22
-82
154
-69
11
30
187
112
-81
-100
-50
88
-98
116
-43
133
-119
17
-134
49
125
41
172
77
301
86
35
-348
145
282
-168
124
199
-48
33
72
-197
197
-131
-216
-112
157
54
217
-91
232
82
-23
-13
-176
124
-82
121
-81
-21
-140
-21
217
219
-13
-156
-1
-16
-31
-18
8
27
6
28
-148
114
118
49
-49
-40
38
71
35
-13
239
-138
43
-18
21
-135
117
-523
-100
-37
-154
228
-106
-106
-69
68
0
7
118
-91
-7
-74
198
-74
38
45
-4
139
-49
-89
62
-33
-138
-71
83
0
-173
109
162
309
-12
198
-200
250
-262
-17
83
-251
72
-57
-23
-102
-252
37
75
59
103
-160
118
58
11
128
-274
-115
-202
13
170
-114
88
-94
-50
4
0
-125
42
-15
98
-127
284
93
-82
33
59
124
-34
55
130
-174
-62
-176
-211
-8
166
-218
-84
-23
-29
40
60
-156
3
76
3
15
-112
-11
78
165
62
126
43
14
-8
-54
107
-44
142
111
108
322
47
-152
-219
9
50
114
-97
-49
5
-89
-215
46
161
-51
172
-179
1
45
-123
165
-56
67
-367
-217
-65
127
-121
53
-54
-32
64
-165
-23
54
78
119
-53
-123
170
-138
-13
-172
84
105
-197
24
-57
-171
72
-77
-20
-154
88
23
-164
-27
-34
29
-188
-27
9
136
25
73
-30
57
-97
-81
-182
76
267
172
-89
-41
-49
-51
-81
-28
118
125
-13
145
76
107
-68
-41
49
120
30
-69
-155
14
-70
-278
63
-160
20
-419
42
-171
246
-37
468
132
143
81
-46
-97
33
2
128
27
-387
-57
-60
-37
75
196
-42
-29
-132
-55
-90
-210
55
-2
-78
114
101
105
7
26
-85
69
-30
-44
114
27
292
-127
-108
-54
14
58
138
123
5
80
75
-143
-50
-216
-8
39
74
136
-114
-121
-168
-68
141
-18
-102
28
81
19
-18
68
-86
92
-145
-56
150
77
142
-57
253
231
6
34
-105
-206
-76
-46
55
201
-238
71
156
21
-20
-77
69
7
-21
119
22
-105
-266
41
-110
-65
149
67
-116
258
-7
68
45
130
-92
-88
-100
65
-168
136
-28
-10
-162
14
82
-30
-113
-1
101
-15
-40
-263
-87
-226
133
-81
-70
-500
-36
-98
-39
101
245
92
120
45
112
-77
-7
-115
134
64
-157
161
-112
-148
-101
86
-19
99
-174
16
133
4
-101
-33
80
-86
53
-38
-164
-1
-19
-55
132
-133
124
22
-118
-49
109
-61
-151
-7
-17
-30
-14
148
-30
-169
-55
-387
-121
115
-296
-155
139
107
-23
-40
-93
54
73
-56
-117
-52
71
-74
-192
-31
25
198
148
-30
81
132
-19
-156
-104
-46
-25
-20
-9
106
-74
-24
-5
66
101
-13
93
-161
68
20
86
13
44
-17
-12
8
-113
45
-218
-54
-89
-41
-143
196
13
90
36
163
122
-95
-104
-43
-38
18
92
68
62
-45
5
20
-85
-39
-195
-34
-140
-31
76
76
137
-7
10
-125
95
42
-140
-81
-59
-74
78
-84
135
356
17
54
140
125
51
108
226
29
-86
49
-61
-49
13
-63
153
17
46
90
68
-167
-85
-79
40
81
17
-31
58
112
-343
167
-196
-17
78
-62
85
-63
-38
-124
158
-140
-18
46
-108
31
8
-150
-80
22
-65
-119
-65
-64
44
-14
41
-76
-333
-95
-159
-4
-64
-75
-166
-92
32
5
44
69
-28
-149
85
-28
-103
-62
-37
-31
0
117
-50
-77
9
37
120
-53
-168
-26
-122
-3
-110
-93
-58
8
71
-65
-112
-181
35
139
-109
-80
-80
51
71
66
-184
29
136
-197
103
0
-86
-26
204
-46
-215
169
22
13
-114
82
110
-4
20
-37
97
17
127
-105
56
92
-2
-45
-53
-99
159
-12
-16
112
156
-52
-66
-31
-32
161
76
-10
30
42
19
91
134
28
289
-45
68
-8
34
31
23
-231
91
-64
-103
-35
207
-28
129
11
47
-69
-4
4
296
20
-27
3
-131
-220
-22
-107
-101
-36
55
-143
-92
-278
89
-26
14
52
85
17
23
190
108
-16
50
190
-156
-10
70
-27
-128
-238
-117
-8
49
80
27
85
163
-184
-14
34
59
-125
-382
82
-115
299
-57
-33
-263
76
22
-79
-180
40
-110
46
-187
156
15
-229
-28
141
-1
172
136
2
-112
152
129
-35
-135
-17
25
-189
-62
-76
20
-28
-54
89
-33
-25
-21
-256
-161
235
-126
158
-7
-152
-170
-117
-77
220
-34
110
-128
114
-147
-91
-87
-36
-154
-99
-32
-123
-37
-212
-353
-82
-52
289
81
38
-42
-107
-127
121
175
-27
-100
72
-62
-184
24
139
112
-41
13
79
-5
-95
-346
-153
72
172
120
6
-194
-178
92
-101
-87
55
-18
23
-23
-41
-43
16
-2
42
50
75
-346
124
68
-11
-118
-35
-89
14
71
-82
-178
-170
-137
-85
-169
23
-236
-157
-99
-3
-17
-100
-92
-103
93
20
-78
102
20
-295
21
-87
33
-76
37
33
69
185
-10
447
125
-39
-124
-22
200
-123
147
15
-44
111
82
210
26
-202
-74
-83
-54
31
13
120
-84
-125
27
-28
107
36
27
24
-104
-238
-154
-27
74
169
-79
145
88
35
60
88
-285
-63
223
-244
-306
63
-340
-71
-37
144
-61
15
-101
-189
27
-51
37
168
8
10
140
70
-92
131
210
-6
53
-59
206
1
114
178
230
-121
-51
156
58
-61
-121
112
114
-253
81
-133
86
111
-73
111
103
-91
-52
-174
198
-52
-3
-142
27
-47
-62
121
187
13
-62
133
119
-48
-2
210
-5
-40
-14
-250
-151
341
67
375
-86
-35
-89
33
3
-43
-78
255
140
-24
-116
-144
-126
77
-42
-28
-194
10
349
-185
200
-102
-59
-59
-183
-178
200
28
187
63
-220
27
-100
163
112
-23
-156
-181
-94
37
-128
-110
-104
11
74
-121
-74
-98
60
171
72
-90
-157
-69
15
131
-19
132
-20
-144
6
-189
-111
57
-386
-33
-87
-170
36
87
-197
259
-172
45
127
86
-118
-20
122
-159
271
80
90
-263
47
1
-104
285
118
-61
-120
-79
-343
263
51
-159
-49
-192
-152
-37
-123
31
-265
-244
167
-226
-149
132
69
-8
-33
182
-193
-153
154
-54
191
116
152
35
-64
55
244
121
-137
68
170
-101
-208
244
43
-53
70
-1
107
-106
63
109
-66
-80
-30
28
-117
-62
-151
-52
8
3
50
-89
-179
-242
102
-139
122
-160
120
68
-80
-4
-166
-318
-46
-41
-21
15
-32
-72
114
79
103
135
62
180
144
32
171
-90
152
-78
-77
99
138
217
-3
77
79
-159
30
-164
97
88
304
-88
-35
95
159
56
-111
92
-69
161
79
-89
-103
-144
73
176
178
-79
16
-83
104
10
-243
-40
-17
80
117
-161
-13
213
-114
-36
151
-163
-165
121
260
98
-73
0
-1
13
219
-62
155
-115
-52
17
-27
33
297
33
30
6
-79
110
-45
-45
117
276
-155
-77
178
77
-161
32
138
60
23
-113
-134
-227
141
-25
122
241
-78
72
328
165
253
117
139
125
66
45
148
-8
-100
105
110
20
17
0
-129
-140
-85
19
-111
-19
-39
-71
7
-49
-14
144
-10
371
34
64
108
-97
-7
-185
219
-18
-102
56
70
62
-59
-9
53
182
50
397
-253
106
-321
-83
72
-67
-168
124
-59
-5
257
55
-66
-173
34
-304
-243
-307
145
-152
207
-147
24
24
42
-163
59
13
-58
96
-10
175
-6
-43
-30
-149
-14
-300
495
80
223
-102
-109
-312
-134
83
-127
-70
-60
15
-99
-74
0
-10
-60
-1
-105
277
-279
-380
-121
86
81
101
183
26
311
44
149
137
-79
-13
-137
-83
29
110
-18
80
0
-226
-22
21
72
37
118
-82
-206
17
5
-145
-53
60
174
-166
4
-130
123
-160
-80
315
13
142
76
-16
131
15
-193
281
24
102
56
-66
123
-200
18
246
113
50
-50
164
206
102
280
-98
42
-219
102
42
-240
-110
117
-30
34
-159
67
105
-67
260
-241
22
-6
260
-184
-133
353
2
-42
-125
-45
69
10
-19
43
-203
-4
-107
254
-232
128
93
132
23
-30
-167
106
282
46
-234
7
-140
21
68
-129
190
-113
-25
266
112
88
20
149
3
153
269
-131
-65
-58
-99
105
49
139
81
-94
-24
-44
86
5
163
17
31
-36
-416
71
90
-33
-14
-92
-50
56
189
190
137
-253
-64
136
68
257
129
40
-106
-155
162
283
54
59
327
107
67
-31
70
-143
99
-200
-6
-28
-165
-21
-41
27
146
-291
-24
-95
8
76
311
7
-194
-365
-131
-162
170
7
-48
-118
76
-21
105
7
-32
-142
20
-82
106
58
2
-177
29
-35
114
-71
-67
-130
116
-94
-23
44
1
48
21
61
-68
-103
28
49
24
21
76
-73
64
46
-43
8
-12
-305
208
3
-96
-49
-15
-248
-128
-141
-194
-46
236
-91
-88
-42
-100
-199
-79
136
-19
-82
-54
107
-15
-291
-132
200
-22
-8
198
-184
85
41
51
73
0
-35
-82
-30
-91
-107
-20
-109
28
147
-79
-43
18
110
67
2
-39
7
0
80
-30
-62
-8
-67
117
-103
48
94
-31
-51
68
64
-39
-167
-91
-178
204
124
-10
81
-2
81
111
41
138
53
131
-95
2
-82
-40
-15
208
-89
227
-76
196
-259
59
141
210
50
9
10
-75
-107
-135
-361
197
-134
-169
-227
-269
-168
215
217
2
-53
222
-32
146
-2
15
70
-152
-99
33
65
-174
-75
71
-42
104
39
8
-274
96
270
158
200
108
27
245
-81
-86
276
266
36
-123
280
-177
54
-57
-323
-180
-172
-53
227
254
-189
-254
266
108
162
-34
-389
235
-25
46
-53
-122
-22
8
-203
-92
121
90
149
20
157
148
126
152
66
-81
315
-135
-34
-20
6
-190
92
221
-25
-11
-10
150
33
90
92
-39
209
95
113
61
-33
53
180
-220
142
-71
55
288
-111
284
-54
108
226
223
-63
-235
64
-6
69
-66
205
262
-250
89
-76
-152
38
-42
53
156
-215
-279
64
63
-167
-342
-46
-68
-152
137
-100
49
-115
97
-71
254
27
86
196
98
-26
-158
369
41
-91
-288
59
-148
108
174
80
-80
82
16
209
-40
128
147
-160
-5
182
127
-211
151
-182
-83
-109
126
-118
-170
-174
-93
-179
105
-64
-366
14
25
-60
244
-29
86
-295
40
-12
-80
-137
-92
-113
124
-106
65
-183
45
38
-93
94
6
191
302
-7
-21
-44
47
137
-411
129
-81
-146
-75
-3
-126
-50
-85
53
89
145
-169
148
-65
404
98
-37
-157
-30
22
-42
-13
104
149
94
-59
40
-64
-119
-6
70
69
49
-35
24
-41
72
-165
-57
-183
-80
43
39
-36
21
141
59
-12
17
-142
-39
7
-119
-136
-85
61
-75
145
100
-41
23
8
206
-167
-63
70
56
-163
157
-11
156
-163
31
-158
163
85
-15
-35
-50
56
-83
-119
47
6
6
-64
-99
-118
-18
47
101
-382
117
-9
-124
-81
33
3
39
-41
168
-51
-24
-39
96
-90
116
-143
-57
111
-356
-93
-52
34
3
-20
99
75
72
162
43
138
-42
102
108
100
-56
-35
46
77
-85
-86
-94
105
-178
274
-52
135
35
56
-30
60
-296
-9
-15
-186
102
125
-150
167
-46
-57
73
75
-159
55
259
15
-32
69
60
104
94
-142
-119
122
-41
-233
-90
-156
53
95
43
19
-62
-51
95
168
84
19
31
194
286
-57
11
-10
-49
47
-139
82
-46
64
75
-117
-48
112
-157
-221
19
127
-170
-98
-140
-203
-19
-8
85
-125
-53
159
-59
75
70
-34
-26
-18
-152
-203
25
61
236
30
39
195
-105
164
-25
102
-111
-158
100
96
-161
92
-67
11
57
-200
62
43
28
32
150
37
93
13
-134
-157
-130
49
65
-181
2
-7
41
-77
262
100
-85
-49
-84
-140
39
21
2
344
-23
46
156
-81
-66
-124
-65
-1
54
-307
-90
7
58
-158
-240
-23
138
-53
118
-273
68
-118
-97
25
-154
277
4
81
-7
-135
-59
67
-225
128
-212
-58
9
164
45
-52
-8
-71
71
156
-74
-131
95
-26
-409
45
-158
24
32
364
-47
-126
6
-12
-62
56
-64
18
-44
-7
-144
-61
47
-20
9
-106
7
-70
-156
-244
-27
-42
52
46
-208
163
235
225
130
103
98
-279
-53
-4
-474
18
-122
-103
40
3
172
179
-411
134
43
-50
-112
-14
19
77
-71
191
-114
-35
143
-159
47
-253
107
-21
152
-99
89
132
-124
-18
172
59
-31
147
-43
-93
-101
-72
-39
265
-89
-292
-102
-29
90
-4
-100
58
84
133
-33
110
216
-130
-54
48
0
54
-82
-35
-103
-116
-97
-172
-30
-145
152
-113
112
5
-191
3
54
30
-56
-2
72
-31
-113
-4
135
-37
80
166
-75
-100
-173
60
-82
-78
200
-152
-114
44
365
-60
-100
2
-39
55
157
136
-22
-70
165
-6
-155
229
-294
51
-55
-103
-72
-151
-119
-5
13
-128
-22
78
95
-96
103
17
34
-38
124
-51
-32
-48
22
-118
42
-127
-23
-122
-37
-148
56
105
68
-41
-63
18
90
-21
36
-76
22
106
-107
183
-58
-79
238
-87
-82
-63
-2
84
-45
47
-95
-11
101
75
-63
-35
76
7
-253
-17
-44
-263
-111
37
6
-5
-11
10
-80
-81
-52
92
78
40
9
107
-40
143
-14
64
75
-147
-295
-4
6
-195
-79
224
-231
-15
-146
-344
-177
-249
167
-197
4
80
137
193
175
38
-55
148
-5
-139
-188
-27
-133
282
82
-36
151
140
-54
133
243
-41
83
-172
152
-7
84
-201
57
120
9
-39
-254
-50
-104
78
373
78
8
42
-63
-62
-173
-18
88
-84
-210
135
-16
73
13
-139
8
-305
-83
64
147
-161
41
31
159
-19
98
14
122
-158
-22
-129
-136
204
82
-78
27
13
44
82
-85
216
78
121
31
166
100
-184
110
-75
124
60
161
-74
-3
-126
-86
86
-154
204
131
-197
-76
132
104
-38
73
362
153
-98
30
182
-233
113
-91
232
26
50
0
78
-99
168
176
-55
47
-239
108
24
-226
-119
-30
59
-105
-23
98
-43
-58
338
-56
191
122
9
102
40
112
-138
-75
130
114
77
-105
155
-181
215
105
-100
150
0
-151
-176
-36
106
-198
-67
208
56
77
-27
96
-101
144
65
252
-157
0
-7
50
16
-134
4
-31
125
227
-261
123
-169
234
124
-130
-290
-207
165
-160
97
167
-88
103
-183
180
17
-34
-58
44
-92
83
-88
-38
-67
-84
23
-24
3
-110
-63
70
381
45
-35
-146
-104
32
-217
3
144
-245
162
-66
-33
112
-244
55
16
165
-179
-55
-12
60
99
-9
26
16
125
1
-20
49
46
78
112
91
-112
54
-155
-137
-60
88
-52
1
-34
117
24
-4
-235
-83
-2
-72
168
-45
114
-32
139
22
79
-74
201
49
-95
-25
-66
-124
-3
-16
-11
-101
108
-71
48
-26
68
-5
-101
35
11
39
109
16
40
-287
151
-105
-16
48
8
25
28
-138
-100
-146
103
-131
-104
-61
114
24
74
-16
-18
6
173
-62
122
-87
23
-53
-140
177
9
-9
-45
-4
-27
47
105
190
-65
-4
-204
-127
2
-1
-92
-60
121
30
-52
-53
130
14
-3
-23
-21
3
55
-13
33
-73
-218
154
26
-98
-80
-183
24
-60
98
62
182
4
-56
106
-25
-36
-129
-66
-235
-58
-192
-52
75
69
142
-50
-33
-121
48
-128
329
201
247
153
-352
-73
72
-338
40
-346
179
110
-149
191
114
201
278
86
-51
-230
-281
46
294
315
-8
210
-42
59
70
-21
38
-57
-47
-5
-167
-2
83
23
-139
-28
-42
341
1
-13
20
38
-534
58
-71
-97
18
-68
-183
109
275
374
24
481
26
75
-109
49
47
-246
-71
-48
17
199
-68
8
198
178
10
14
-64
162
99
-22
-83
14
303
-309
50
84
-285
-4
-27
171
57
81
30
-118
-26
41
336
-246
-33
-140
227
45
-248
12
-173
-401
-105
55
22
-113
130
157
72
150
39
143
155
99
86
105
64
50
-49
-26
-115
57
175
-109
75
-79
-53
-93
100
-72
-28
176
126
57
-98
6
-25
91
17
81
-298
86
-62
-99
142
-136
-6
115
-132
25
48
28
75
27
-113
254
124
82
-71
245
-141
42
22
33
-148
64
-6
49
111
-66
41
-3
4
-119
-29
31
88
168
26
28
-133
-212
-102
43
-67
-55
75
-18
-66
136
129
80
144
83
-22
-8
23
67
-116
61
-140
-188
-29
38
-98
-10
-118
-87
-3
-81
74
-201
55
-31
-18
134
-44
51
125
55
-227
194
-130
-57
-119
-35
53
-60
17
19
147
-89
67
286
197
33
-313
149
-87
-88
-41
8
-124
227
-11
256
226
223
-186
-103
181
185
95
118
32
-10
-159
86
-226
73
-85
-95
-83
-55
-261
114
-84
-395
98
8
-198
117
-117
-105
-137
-206
18
57
-92
-72
-237
-30
-256
18
-259
180
86
118
87
274
-156
-56
-123
164
215
-167
-121
353
-85
-85
86
-55
-127
-113
-11
93
-130
-54
168
264
4
-168
-86
0
-84
-126
-199
8
49
-219
50
-50
101
82
-38
132
271
-187
108
73
49
-295
18
-176
-5
-199
-150
-101
226
103
39
220
117
69
-122
-38
198
-24
-36
-47
-52
-233
-323
167
-83
43
-157
-344
178
-28
120
307
150
-375
25
41
17
84
-43
105
-55
-150
-239
4
-101
154
81
51
-164
-48
-316
54
299
-95
130
20
130
-217
234
124
268
-409
-20
31
-133
-59
-69
-173
213
148
-196
-59
132
-55
150
139
105
-16
149
87
-83
286
301
-165
-12
-120
-234
61
-197
254
75
-12
152
-323
38
71
206
-44
-60
223
-144
-3
129
100
-3
217
362
-270
-280
261
25
-44
74
-249
208
51
233
170
-155
162
-50
182
316
-163
-109
48
84
6
6
109
93
276
99
-112
-13
-113
-190
214
31
-136
-60
-276
-53
-106
-94
-146
-277
121
85
211
214
-68
-57
-206
127
-79
-258
71
18
-269
127
94
164
258
-16
131
-40
150
-139
271
144
26
-235
-129
71
-7
-44
-19
-188
66
56
-69
75
-207
-86
96
-85
17
38
18
-151
118
144
53
91
-126
221
24
10
-198
-13
-212
-11
-157
-71
50
17
-84
-153
15
102
117
32
61
20
-267
67
-50
-256
96
-66
-107
97
-150
-103
-236
351
-91
69
260
-150
98
-109
-75
-142
160
-54
193
130
144
76
-203
-37
47
162
2
197
-79
29
204
27
241
199
-21
57
22
75
-199
218
224
-41
-24
-31
-148
-270
110
-378
-54
-67
-127
-117
-193
-46
-8
124
56
126
-200
-57
-93
-228
39
246
248
-184
-111
-16
137
-143
-74
-48
42
-129
-58
-48
31
-57
94
-116
-76
-168
169
109
196
-14
-60
191
-43
107
-163
92
-51
-45
186
-11
57
41
-258
-149
98
28
-118
30
27
93
38
67
-162
-62
-114
-191
76
-218
-107
7
136
5
-50
52
82
-95
-2
-12
120
-121
-80
-59
160
177
-50
-170
-99
-33
-160
85
-153
-179
44
-190
158
-30
106
-78
-53
-124
24
88
43
11
-89
-21
-126
227
150
105
-323
-18
255
-143
51
-127
195
-115
-92
103
-86
77
-208
-78
-54
-44
0
11
-96
115
-148
-192
-60
-90
-107
50
-136
18
-156
200
3
118
-13
-10
-143
127
63
82
147
-38
46
132
-89
-12
61
-13
31
94
41
201
29
28
-117
-131
-18
31
84
-101
54
-75
-88
112
-52
-178
-68
-79
-159
-24
26
62
3
135
-49
86
9
148
64
-23
4
29
-15
-234
-112
-161
62
-100
74
162
52
-42
-63
-134
-162
59
-84
119
-99
124
-33
23
112
-91
-24
-62
-105
24
17
77
-98
-92
154
72
102
-117
57
87
133
-50
105
42
-94
25
5
-85
-180
-84
49
-5
-27
-119
3
42
14
67
83
-60
30
4
46
38
-123
-105
-53
73
-14
-89
51
21
-78
-49
-28
-41
32
91
-157
-67
-54
-85
77
40
106
40
36
2
-247
-76
69
-60
-125
145
-195
13
188
129
-156
337
-89
111
-32
22
-142
158
126
-135
163
257
-29
76
32
173
-2
11
-261
-78
116
108
-169
-202
65
-57
-120
135
6
28
264
-51
-110
200
-270
-47
-167
-57
120
32
128
-157
26
-30
131
92
23
-142
26
145
98
26
9
1
-76
-59
162
-49
-76
211
-18
152
-68
150
118
-76
-59
-217
76
87
15
-6
-87
-26
-146
205
-216
82
-12
-119
-26
31
-133
54
141
218
-55
208
57
159
-222
166
276
-56
81
-24
-53
131
-72
-58
213
156
47
159
-96
266
216
278
19
134
-74
155
90
-70
58
-80
156
140
-275
113
420
15
14
128
-102
90
-312
-118
-247
-102
81
-70
-156
-59
-208
265
91
-242
-134
128
186
180
177
-58
-15
-121
-91
-25
-31
-93
-72
86
-185
139
69
-221
139
256
-16
-16
-83
207
-75
201
-30
67
-51
-177
-158
-47
106
360
148
-154
14
79
47
-17
-22
-5
-53
-166
128
82
-49
-161
216
56
0
74
-65
-212
209
-28
106
26
149
-378
-5
131
25
-15
-166
205
-43
-324
-48
351
29
-97
-94
-134
-67
-151
-20
215
316
-106
134
138
-82
-123
54
24
-88
14
-83
-36
-123
143
-269
-59
-49
34
68
-262
-179
61
-26
63
-30
2
143
8
-314
105
3
-51
62
57
-155
60
29
14
-65
-15
178
124
-39
213
-25
173
-168
125
-19
209
64
-42
17
150
-36
-208
-41
-82
59
100
-43
-95
-59
2
-104
-39
-121
58
-14
199
44
51
194
2
-36
188
38
-20
-37
148
431
-44
-38
89
118
57
-127
-58
-75
-79
93
-19
68
116
-189
-16
57
31
38
107
8
-326
-240
79
-82
111
409
-84
-228
41
-102
90
-138
-118
78
76
-118
89
-138
-147
15
65
-21
-76
-68
-79
139
-58
-263
-330
159
-71
138
-62
-140
-15
-142
21
97
-35
249
-253
128
-59
78
253
23
76
-131
-147
49
105
88
126
242
-17
179
-193
77
-189
132
56
73
120
-77
48
-39
172
194
21
-43
-17
23
201
-246
-188
25
56
140
-23
-5
-89
-159
-99
-276
-129
-71
207
301
33
84
-8
326
-202
-47
35
-27
-85
-146
-73
57
179
-62
36
40
-114
-121
8
-242
-15
-30
48
-77
-88
-94
92
42
-271
0
-154
65
102
31
180
156
76
-104
181
28
-269
25
-94
-62
-91
149
238
-166
212
-181
3
-16
99
165
-86
-67
174
110
278
-3
101
-86
12
-126
-147
-58
208
176
84
-247
117
25
-143
-2
172
-141
7
-53
-16
197
-157
-172
-82
153
81
-32
100
-136
-14
78
10
120
-104
-32
249
-259
-3
144
-88
118
-239
8
26
-66
117
-283
-82
177
17
68
81
-170
-4
-142
-51
40
2
-73
69
-17
29
-122
-8
-105
125
127
137
37
-128
-205
-248
44
67
43
-178
-232
35
71
-31
-89
-62
-286
76
239
38
-86
-138
84
-89
-38
163
83
-46
63
-75
116
149
-78
99
-105
110
123
-65
52
-57
28
-9
-196
-17
70
-165
178
-111
-242
2
-19
148
-319
-13
37
-91
-138
20
-83
-196
-253
13
-45
-106
137
35
27
167
-196
-18
-45
-13
-213
31
-13
-66
-53
118
82
127
10
-11
193
-131
-40
-78
-134
129
37
167
150
13
-114
306
-76
-87
-141
-22
-125
31
-6
183
-10
0
60
102
90
-36
-253
68
101
231
-69
63
-47
123
-47
-103
0
-51
102
-73
303
2
-87
-143
61
-155
-80
24
-62
77
-169
36
-159
216
47
-62
-127
65
-83
-99
111
-101
157
-57
-51
25
-130
-98
6
89
99
-256
229
196
56
140
-53
62
-33
14
263
179
48
16
112
18
176
24
139
-173
-6
25
-61
-185
11
-5
192
163
25
31
38
239
85
138
-37
27
114
-91
46
-10
-33
74
24
227
29
-61
136
85
14
45
122
168
-89
84
-165
12
28
109
-56
-158
137
25
-192
243
31
-102
94
54
29
-126
155
-25
-157
56
175
-12
69
-103
100
-111
137
-175
149
-82
44
0
-193
-33
188
-98
-36
-42
-293
214
81
-61
64
-13
-42
210
205
-2
60
213
-111
-22
-74
-77
13
48
94
7
-112
27
153
47
27
-19
-123
116
93
29
-30
-66
-45
-36
-66
81
-45
-126
-172
-8
-61
92
96
251
-182
28
-101
128
156
86
-67
175
-73
-52
-82
32
-93
128
-31
147
185
-60
61
-43
17
-21
87
-4
28
130
44
61
-36
58
178
-11
187
94
108
-21
-22
46
-45
-7
-181
25
-72
10
95
-46
-145
-14
105
1
-42
4
-64
25
70
-89
115
-75
-62
189
19
88
-56
-55
-58
-124
88
103
-163
-49
-118
116
-306
231
252
25
-140
-10
-220
-197
94
-176
-255
-108
-167
89
-148
52
-81
147
-135
-155
-136
-76
79
-61
-229
7
10
22
205
-27
-230
92
182
6
-76
-92
55
12
-50
-16
-135
-133
40
-12
-110
-59
-8
138
182
-191
-158
39
33
-100
54
-121
6
-80
-39
-239
50
144
-77
-67
29
-12
-74
-208
143
-138
165
312
-389
125
7
-13
-47
-38
328
-106
3
6
-218
-32
-461
-144
-41
148
-184
-159
82
-80
-128
54
209
-2
-179
144
-79
92
-70
-84
-275
183
-93
4
-67
173
-204
-179
197
17
162
-58
21
-147
245
335
23
-30
-29
155
165
-41
127
-63
51
146
35
65
105
181
-37
-54
-110
-135
-150
67
-90
-112
32
46
113
49
-27
-153
290
-134
47
-256
-51
-75
70
50
-95
83
28
-50
-169
128
-146
81
-5
7
-4
-20
-39
-39
-162
-21
-8
175
10
-95
-125
302
116
40
-301
-88
65
28
125
-121
56
-12
-214
-33
-102
-17
83
0
-106
178
-165
-151
-95
178
20
112
241
122
168
70
-82
111
179
24
-44
0
71
-27
313
19
-85
20
90
-52
-56
161
2
60
-122
3
55
-101
-190
51
84
128
-113
114
-6
-25
-47
-96
-81
-110
-106
-138
-95
-185
224
-246
30
-19
-211
169
20
-120
177
-181
170
119
193
236
-159
390
-67
40
203
164
94
223
92
75
-113
281
-317
-92
-28
-171
78
-123
122
177
177
-117
101
-16
-373
-19
-147
203
-201
111
-46
42
-67
113
-95
-27
129
-32
213
-170
206
-150
131
-69
16
15
169
139
182
-233
-34
57
131
203
56
-106
221
-130
99
-283
-56
109
62
65
209
-66
145
156
-55
-43
-77
-118
-38
53
79
-267
-186
-63
-50
-151
76
11
-144
-20
49
-161
62
239
119
78
-60
173
-151
88
-58
155
3
-57
-33
-159
34
-242
-34
-226
35
-67
25
-156
-54
-8
105
-57
-91
-37
-216
-24
249
-120
73
-25
51
-163
158
10
20
-45
121
-124
-85
-43
-11
69
132
16
-128
-178
-175
150
35
-236
-89
71
184
164
-67
46
141
0
74
96
-67
89
-57
-21
-188
-109
57
81
45
-249
-126
-216
-43
119
7
-2
-192
-81
-113
185
-39
66
10
46
6
-339
37
-38
95
-89
-18
48
60
165
-36
119
101
-86
-14
123
66
-71
25
74
88
-100
19
-203
97
153
76
-43
28
214
65
4
104
91
256
-93
47
-94
-67
-44
-47
-71
-114
55
-206
-215
55
-156
-111
28
148
-114
276
104
-14
95
247
-63
174
-50
-137
161
111
50
65
181
89
-159
186
20
-142
34
-1
82
-1
43
-233
-41
-4
-77
47
-85
59
-168
178
8
141
-9
-36
-9
54
-4
53
-89
-37
175
80
109
-85
-1
-41
21
-86
134
-50
-4
44
-4
57
17
-39
-29
-92
-207
-10
-1
114
6
75
115
-74
-102
28
88
57
-113
135
193
196
21
-147
-48
-44
-145
-39
-230
79
72
65
111
-38
95
82
40
-121
-94
-177
92
70
121
55
107
49
73
25
-63
-23
60
22
49
57
-27
74
-38
32
106
120
25
-69
-49
-138
57
165
-66
169
74
-194
224
-3
-21
91
-14
45
34
47
-1
-147
-141
71
-36
-45
25
-67
57
-216
-18
45
13
18
53
66
102
33
-137
37
-12
-8
-121
25
153
52
50
83
-69
39
146
152
-203
-62
1
138
-41
91
-349
-30
137
-227
-7
-31
12
192
-38
58
85
196
-43
-117
-107
-112
56
253
-70
-61
-72
-75
22
-164
-75
-201
39
-2
-241
50
-85
-112
185
88
-41
-96
-76
29
38
10
-150
225
-184
-36
130
-34
-32
-18
-136
-68
-208
5
79
-12
-51
69
-74
-106
6
87
98
-115
38
177
-20
-130
-205
107
-47
102
-31
83
-65
34
69
41
127
-193
-118
-97
114
40
-18
102
-117
-17
-4
69
23
-161
-85
141
-16
-57
-341
117
33
341
-24
48
-20
345
-64
-93
47
45
-40
222
-161
88
-134
-201
-151
37
200
0
401
-93
44
274
70
-303
241
7
25
-99
-6
17
191
65
300
5
200
-236
41
40
-66
9
-42
266
-221
334
-122
-248
-31
101
-89
-66
11
-116
-92
23
148
90
-181
-13
-82
-75
-1
-25
-78
86
-87
18
113
-20
57
-153
19
146
-64
47
-188
24
-124
56
4
141
137
175
-89
-22
-77
-106
-330
128
-40
60
84
217
-106
109
-63
-169
-34
241
-153
166
89
91
-58
-98
-106
158
22
160
-22
-8
-170
148
-362
161
-77
-363
380
30
91
-321
-165
45
51
-47
142
-28
-31
151
-178
-78
143
-146
78
-56
-79
41
-221
-51
88
38
-204
300
46
188
69
-8
156
-86
-112
2
4
19
29
53
-103
54
-2
102
19
-66
15
66
-5
12
-78
-120
-48
89
56
156
-163
145
-57
-100
117
-47
-18
-77
-27
-71
-147
3
169
100
-96
121
86
58
109
-24
7
15
-82
-37
123
-28
-100
36
-85
-125
-114
-84
-184
-143
9
24
122
32
-55
53
81
-38
12
73
65
-75
36
-58
110
18
43
51
-3
48
8
156
56
-27
-74
24
-16
49
0
-155
-59
53
-84
-170
57
52
-138
-45
-129
-33
97
-86
-3
-2
69
13
-18
-4
74
126
-34
-1
-14
28
-82
-146
-59
71
1
2
-35
-35
-58
-12
7
45
-78
-15
-100
220
180
14
23
159
188
-39
62
68
-1
131
-169
5
-168
44
236
-10
59
89
157
5
-106
134
125
-185
-20
-96
-10
24
242
46
-56
25
-87
-2
235
-14
14
-64
102
-129
163
80
73
68
-69
85
-6
-151
-31
-8
-72
-179
86
95
-1
18
162
22
-85
-116
61
-148
185
-132
-307
-71
245
99
-21
-186
-183
-53
-89
79
-5
171
236
67
-215
17
264
22
-111
-246
212
69
24
-73
-144
96
157
189
219
55
67
114
149
94
89
43
-391
44
120
77
-277
-353
242
156
33
42
270
-12
-7
62
101
-40
162
-158
7
-62
43
9
-68
146
-12
-7
-13
18
-222
46
-48
186
137
41
-127
104
-91
77
56
17
-124
18
-84
123
4
203
-279
-40
318
48
48
-257
83
-105
-144
199
-89
-18
24
263
173
-121
-38
252
154
160
98
-188
-200
138
168
-170
207
-211
45
-74
4
-52
-118
110
-186
120
-164
-118
116
-40
-263
-18
61
106
-208
20
231
-487
25
-67
-136
-59
-99
174
200
54
-43
76
-208
94
-7
-177
54
38
-219
-161
256
49
197
53
83
-255
20
-33
51
47
82
-17
280
84
-54
-402
147
-25
58
11
-266
162
-305
66
-408
153
-126
-131
39
7
-23
3
152
66
-21
-30
-154
133
44
-147
-236
240
190
187
177
-72
-296
-68
473
151
8
35
224
78
-325
9
204
171
50
74
214
143
1
-341
41
-68
336
11
-61
-271
227
-86
25
-232
-251
-96
-22
-98
-93
-24
-177
39
-45
-117
312
105
150
31
241
-80
-25
-61
-260
-204
330
77
6
-81
-191
-194
-163
-259
285
-127
10
-19
29
140
-49
192
36
-98
-89
-126
-318
57
-146
-118
31
83
132
56
-17
-78
-243
-50
-117
225
-129
-50
41
83
9
-107
-110
138
94
-21
-25
275
33
-59
-129
120
-54
10
23
-103
-376
-71
219
60
343
221
72
186
-67
116
-27
167
-398
128
-149
260
-95
16
-113
-75
74
109
-18
67
-141
-105
187
-436
-216
104
-176
-147
70
141
94
113
-51
150
-31
19
-59
67
-109
-41
-186
47
144
94
-79
-93
-194
-34
-78
61
23
3
-108
97
-5
-43
-84
202
126
156
161
-71
-155
-184
-88
126
150
-3
-48
42
-63
205
26
-236
16
88
-157
92
28
-86
85
45
92
92
77
-5
23
-39
-2
118
28
-102
-7
-126
-189
73
90
-86
-155
-185
51
81
58
129
55
32
-242
-8
-16
22
-55
12
32
58
136
9
2
39
106
21
44
42
250
32
-215
-176
-4
-161
117
20
-72
21
-112
-17
-63
95
114
102
-108
3
-31
14
-80
108
-113
32
-100
108
-150
129
153
239
328
-68
31
-5
113
34
-222
86
-71
-129
66
-85
109
-45
85
-183
36
-108
84
83
196
5
56
-70
-123
147
-197
-40
-82
181
-118
175
-396
111
-49
78
79
-59
-43
-67
-68
223
21
-138
-89
-30
-137
251
13
-159
-90
-61
-47
-25
104
155
-167
-25
58
-114
-125
33
5
-146
104
36
36
-224
-77
-269
296
-91
4
-264
-122
118
-108
-2
142
71
198
-250
253
91
153
-190
-129
-69
94
10
-83
-57
52
131
-4
-77
38
-12
-23
131
-33
16
-168
32
-13
275
57
119
-12
-27
185
172
42
-81
-358
106
-281
-224
63
-217
88
-61
-86
47
4
11
8
-333
-119
132
133
-56
196
-242
129
80
-75
-76
63
140
-279
-92
-17
-169
-37
-15
124
66
-21
76
-7
113
42
-281
157
-36
19
160
41
117
-71
-39
-205
127
220
26
74
179
165
-232
275
-20
-108
-26
-272
-169
-63
101
-55
124
25
129
171
-57
90
70
-46
-270
-2
-99
-245
159
-148
-15
258
-258
62
-182
-163
5
-246
-189
-129
42
-48
87
166
43
-17
-10
-8
243
28
-66
-52
-16
-180
-154
-97
10
105
-166
40
65
-85
115
148
-171
207
328
-329
5
-81
146
-62
-56
-18
71
101
-106
28
95
129
-23
-141
35
43
-178
43
34
