370305
-338286
640213
169712
192585
407353
129721
245733
150958
-89974
147809
25187
800179
479478
-62227
678378
31846
-364914
236474
273786
-51793
161557
-266229
298096
2145
-26724
99283
437979
52189
226541
-664814
286773
439295
911722
234434
-64824
332797
101006
107129
260601
417409
-221611
109831
192264
-188627
-195916
-72046
-70118
151518
68050
82822
162986
-385969
-107411
-159677
-13650
105325
252921
47058
209852
-175208
141052
5088
-511255
184469
136948
46181
305742
424331
-100637
-48740
193109
-80816
135791
59581
104627
87498
79447
399161
-58446
-25437
157368
529162
209968
177071
782840
113810
25572
199913
41426
-33913
-277146
469152
-330177
-92180
210578
-96111
-146138
218270
-229225
-141164
171115
-18305
46961
191374
-403647
515165
1578259
-114380
-293933
475048
-131558
-91451
-31469
-161105
157659
216974
82175
-15422
95279
75493
337315
213586
-131424
178729
558469
-348533
-161734
