254
-1105
67
-646
-380
-598
-273
-755
-86
1965
389
884
1321
-751
383
-270
1378
-92
949
825
704
258
-454
75
-994
-1465
-337
-804
922
850
-768
-303
446
33
-835
1820
178
778
-234
1894
-466
-74
-348
-308
837
-664
-531
-302
-688
-98
-746
-57
-287
94
1285
263
-923
-1992
1581
-443
-168
-795
163
-21
564
198
510
523
582
253
153
-25
358
2850
57
-774
-605
-570
82
-1035
400
1508
1235
-93
577
974
1159
-412
-414
1086
274
355
-499
-721
1867
-1417
-470
779
-307
-1124
-491
-277
-53
-1822
584
1515
-573
-543
150
-22
-135
1337
1123
-2020
116
-794
-826
-128
-426
-644
-766
-219
-283
662
-480
-359
-2222
-1039
-421
-167
-6
1122
578
463
1689
-965
-1096
-675
-412
-16
286
510
1508
947
-818
290
-338
1342
-1456
-1147
-1904
-576
-6
224
331
604
812
143
826
448
289
536
-744
-1134
-678
106
1555
320
-51
-814
-278
-23
125
238
1506
-813
-607
476
319
-202
-606
-195
273
-158
-1028
1022
-738
-726
1555
67
-38
-20
-381
2616
186
-452
-1499
179
-886
1123
1727
-1053
436
886
-1938
-493
168
-46
594
-245
265
-1296
202
177
-1024
318
348
1714
22
-836
271
-411
33
32
-534
118
-342
86
-859
1223
817
229
776
879
-341
-1651
457
58
1990
-1593
203
50
-123
1171
1131
635
-220
-367
-185
-823
-1140
-371
664
418
694
66
-811
-278
-42
-64
561
545
61
362
581
-1467
1699
479
-1724
1381
65
2041
598
-546
692
76
-1569
-1233
76
59
498
-262
-967
166
1509
-132
-718
387
-379
393
1295
630
-3339
1288
650
552
748
548
1468
379
1190
-3614
805
286
773
-74
1090
37
-863
1615
459
-1222
-22
-40
-369
1060
262
-1001
-920
1041
1130
-138
479
1721
2365
821
-780
-1962
-884
1135
316
-52
98
-1185
-1086
-2298
514
424
688
-964
-195
-1094
-323
1087
79
-1046
1462
-1188
-467
931
-246
987
1032
700
-306
-1429
119
459
1429
19
1830
802
-102
1140
-497
-567
-522
-1590
-473
302
965
433
879
-786
903
1213
-224
1241
773
-69
-719
1753
-681
-1023
1364
-439
-957
703
1714
-145
-695
832
-1005
-159
389
-181
-344
547
171
2399
1174
-1753
1243
-2249
89
934
-368
-1666
1815
368
-1530
-299
667
31
1465
-1170
1484
2068
-747
1908
-625
-843
-822
-237
-457
-71
-406
1237
-857
-443
-402
-308
1068
-285
-1118
1247
-292
-722
1085
-76
-858
133
97
161
718
589
395
0
175
15
-210
-764
-195
-308
12
-534
-278
436
-650
-194
-323
-1645
-274
-1715
-211
2914
735
689
-575
-1496
-2234
2099
1137
-1451
641
2481
-653
-445
-1664
150
-3165
1656
1657
-1101
2639
-1136
186
507
929
-1149
1789
-1528
-610
2388
21
1764
750
-770
693
223
-1091
383
-206
-1667
-1583
-894
-290
-89
2656
-1275
59
977
116
1595
-74
-560
712
507
-13
12
-157
181
137
2379
341
-248
-1065
-135
-346
-56
-333
459
169
106
193
2790
64
18
-2552
-215
0
1188
-952
2951
1884
-2462
-407
-586
-1151
-328
-1713
-1256
608
492
431
681
958
224
-618
2427
-125
3155
-3954
632
573
-1068
43
2003
828
179
1088
-38
287
-1313
-1585
-1199
436
2106
718
-7
-1875
-292
-126
103
-163
894
1330
794
-415
-224
-525
-645
349
-436
-458
-308
419
-1062
332
545
304
-344
287
-68
-323
242
-803
-596
1968
91
471
-79
463
672
-155
777
-265
-199
373
-986
-693
328
435
-162
634
-923
581
142
1307
190
-159
568
-256
549
270
661
296
527
21
-535
-1739
772
403
1371
-320
1481
237
8
251
-2190
131
295
1839
-1063
263
297
855
175
536
152
-68
-992
-269
37
172
28
394
-952
422
328
-880
1223
-1419
232
-976
-393
1513
1128
-650
-265
1951
-566
-1200
-177
-114
211
1565
-93
313
46
-175
386
-1000
-334
241
662
-1886
1501
810
-335
-480
-798
-16
-115
-156
-224
1293
-1034
-825
-224
-286
356
795
726
-106
-162
616
688
414
67
131
320
-1143
430
-858
-296
-903
-265
101
-281
947
-145
593
1117
-970
361
-356
-297
-495
-136
-267
-148
-69
-149
-478
-650
-379
-19
-189
1239
-217
44
1522
976
471
-2248
-489
1234
-207
-623
871
-2265
741
692
632
738
1402
740
162
-1578
-451
283
-1696
-213
604
-1967
-1678
2301
311
-108
334
725
-218
-257
-155
-138
-90
-42
-125
-123
-633
-87
829
-401
439
2033
-4184
2096
893
-1799
611
-548
249
1685
-1203
-422
1196
-1025
-497
311
-32
-28
-285
-72
-181
-61
-236
-763
-262
-327
1727
-21
1730
787
-126
-148
-2371
-1563
-492
27
82
-395
266
-803
-791
153
-712
-570
92
-186
374
1518
201
22
960
827
-256
-14
-1207
-1011
2071
1167
-387
420
936
3746
-1771
71
871
-2254
519
-1244
-404
-1051
60
-2019
-298
535
2084
-57
211
346
125
565
-160
-1415
1323
685
98
-344
-1920
-534
-236
-345
1
1598
1648
-532
-732
-777
121
77
1706
1296
-1691
634
-1165
-2150
-871
-268
-839
534
247
-1649
226
330
-933
42
-367
976
-211
-1568
-2279
1329
760
236
-919
-425
-367
-1018
553
-2076
1796
-997
-1358
-953
-90
-585
1145
218
-478
-381
492
-380
883
1022
-1143
2016
1242
1811
-1436
-1002
-623
-939
-191
438
763
336
614
670
644
-348
-2517
-674
1094
1344
1096
-529
-1587
-555
-534
25
-468
1053
245
520
669
-1194
1267
-298
-2213
180
818
905
1354
628
-3471
-818
1010
2343
1420
392
-91
254
-41
3589
735
-591
123
583
-38
-714
-166
277
-1215
-77
314
301
108
-258
-2416
-537
257
1777
494
140
-191
215
-380
-120
-437
171
203
-172
-617
-1675
128
484
944
545
540
-2682
1353
-365
516
-67
1206
-246
106
1708
1653
360
-481
858
-338
163
227
126
170
-182
125
169
190
147
-733
1447
-477
894
-867
1036
92
1151
484
1312
555
-999
1217
-2427
-359
138
-388
-122
-42
215
-103
973
2868
-121
-317
256
83
-203
-202
-99
39
-370
-305
-1124
-51
-1166
-153
-263
-777
-741
869
2310
362
88
68
42
-2055
-1093
500
1933
-127
-542
533
140
-58
550
-132
1092
28
1192
434
705
398
-1809
2666
-709
-588
136
-127
-127
-1628
-479
-193
727
-342
-2086
-117
-1660
-623
-470
-421
126
411
-406
-502
658
-1054
187
116
-509
-859
-474
274
-2496
1090
2305
-622
557
433
595
-1234
449
1522
2261
163
-376
-311
348
