-918
348
1293
-1130
94
1665
640
64
-737
-1493
982
630
-913
227
1904
-99
-771
447
1017
-300
-127
1928
226
-1255
-467
63
-371
121
1137
238
330
807
268
-83
-366
25
-986
943
1012
-199
513
525
-30
1504
743
546
-424
-737
174
-44
-1029
-690
-502
-1041
-342
494
-267
-641
3192
-1890
143
1203
-110
-57
-526
-816
-1766
-775
889
-159
-1355
757
-27
-755
19
1906
-1129
-683
1022
5
-337
-64
-151
-103
105
-1475
49
335
2133
468
-6
-95
50
858
1494
919
-244
201
-24
-205
1417
191
247
2908
444
-94
-23
-55
592
-464
-768
1270
886
-805
-546
333
-586
-301
-802
-253
-805
-620
-574
-403
-393
-247
-266
-199
-259
-248
-855
-347
-319
-80
-353
92
229
89
113
1108
69
407
1116
164
615
46
-1006
789
109
-657
1218
285
-1102
351
-1324
381
806
1942
822
674
582
572
-303
-49
497
-963
-763
1917
-30
-55
-95
931
2284
930
8
-411
137
-723
-683
-621
-688
-985
-798
107
1043
-20
-802
-736
-816
687
-131
261
2226
-1201
-381
-257
597
-209
-216
1424
-448
-1044
893
1455
-409
-887
122
-847
-1082
-871
-656
-56
-707
-85
2275
175
531
1938
351
-586
-180
-343
-383
-834
-393
999
2376
423
747
736
-610
-853
615
-800
-649
236
-499
344
-2012
1505
430
-1878
2083
-290
-938
-149
-205
-772
-60
-408
-1121
-552
1405
-365
1199
1158
-1077
1159
399
-35
114
114
1996
-320
-150
1168
-160
-219
-1911
-199
2426
-3212
1833
-631
-114
-366
-799
311
-1081
120
328
185
388
1991
243
60
-379
151
399
-46
-319
1557
-336
-1283
24
-106
3
-371
-176
487
-571
385
-2
-1475
-335
2023
448
3633
499
-367
-215
-959
-240
-386
-225
607
3193
714
39
-877
-122
298
-349
557
244
-663
306
427
-764
1554
1155
1122
841
-417
-582
-208
328
2160
353
1430
2350
1187
-845
367
-352
-104
307
105
1021
1942
1028
227
63
999
-1011
730
1981
334
138
348
-600
-477
300
-1149
1129
-1378
-589
2672
-909
75
-366
-183
209
3479
311
232
349
188
330
965
468
486
346
834
-518
-622
-471
-331
-346
-242
-710
-116
1138
-136
635
1151
-1127
-972
2025
-101
-121
768
-443
-256
628
497
1625
900
-666
-414
-417
-391
48
-443
24
-620
99
748
4257
576
27
-182
157
-1236
-1741
-1106
1078
-16
927
826
538
835
442
2692
322
-679
712
-473
206
-395
-91
-660
-425
-624
-297
146
134
1025
806
1082
240
1249
1026
-696
1124
895
-353
-256
-226
1177
-264
-839
2405
-1063
-1397
-63
-28
-61
-364
-340
-314
-473
-350
-608
-230
340
-217
-57
244
-332
876
686
790
335
570
429
-649
-130
-360
697
676
1393
451
82
1296
-439
-462
-355
-583
-427
-510
370
-253
91
1102
-40
126
1014
-950
500
-72
-25
132
-423
-60
-543
1032
914
962
-172
-1316
-365
-743
2514
-646
-950
276
-1647
-26
568
251
-590
-777
416
89
-509
-624
1973
-384
-274
-288
-257
-315
-210
-348
-244
-223
-291
-189
86
2435
275
667
-482
643
310
-1897
392
-794
-485
-488
-6
-425
57
778
1800
675
780
1855
257
456
-477
-249
-76
-444
430
-28
1334
491
199
510
878
50
-460
-295
-1196
561
1893
182
1050
-1056
375
767
767
-676
916
-726
-785
-190
-720
-477
-1000
-615
497
-1614
321
734
1114
968
833
1249
657
283
1115
195
-116
220
-126
-120
-734
-62
-69
-835
-2
-398
-689
-447
-387
-611
-370
646
-1088
-219
369
-1301
934
-1037
-260
-1179
1003
-107
1124
1348
-1564
1252
-13
-128
-298
219
627
238
-30
96
-100
-569
-582
-496
-888
-385
-863
757
-1591
872
-1148
101
-1155
-464
-1013
-842
-245
-345
71
-780
-280
-993
1325
805
963
734
830
183
306
-329
411
-1314
-27
1701
1177
-281
-1067
1792
-190
-1958
-477
1327
-652
2075
2962
-2757
1724
1447
-2485
-107
162
-135
-199
1880
-82
-265
185
-176
179
2562
-169
145
-601
235
-288
-1236
-376
-503
-633
-552
-307
1111
574
-722
-685
-1023
1321
-1154
-1121
-245
-147
-403
-291
185
-152
1572
-1465
1302
306
-388
207
-731
-1021
-509
115
-569
154
-1117
111
-1169
-445
2957
-798
-566
51
515
-352
-1170
1791
-366
-43
91
37
-217
51
1344
301
1209
-297
-510
-182
-636
-909
-564
1500
433
1518
-112
-470
-132
-554
2246
-176
1406
-1091
988
1850
-2606
1456
-918
3582
-1085
-152
-1031
102
-348
-833
-345
-218
-279
136
-395
-820
1940
-351
-61
565
-1160
-214
-1034
1641
-324
274
-1217
683
-677
174
976
230
-323
1125
1958
162
-510
50
-504
-482
868
-1831
773
1058
-501
889
53
572
-1108
528
22
90
63
805
1172
762
1336
-72
166
883
835
-256
440
-416
-420
-447
-478
-208
401
-1077
285
725
2975
534
-1022
-1192
-541
117
104
1334
-125
-358
92
481
-480
589
152
-275
1701
-49
-264
161
-943
-1523
315
523
1785
1622
246
976
133
-403
907
-274
-371
2047
814
906
1022
501
1095
941
1064
116
1619
470
443
1538
387
20
1904
-5
425
850
-464
-95
269
147
570
-631
-41
2377
-1107
-187
165
203
-224
345
569
431
928
1382
931
125
521
-85
-742
-1206
-781
-580
1017
-619
-472
262
-476
262
1015
558
83
1370
295
-174
-75
-181
1073
1101
938
890
-212
827
-364
-571
-132
172
434
-2
118
-1690
340
586
1303
561
463
2489
146
-22
-127
-42
1053
1130
705
1049
2329
1109
84
-1152
257
74
-925
-162
621
879
280
680
1873
239
-335
133
-532
-277
-1018
-237
751
2417
745
-200
-583
-157
-612
-1190
-296
551
175
514
588
2065
386
437
1328
558
-128
202
-379
-534
53
-325
717
-285
-648
613
913
-1225
-1273
-511
1691
-426
-1212
-799
-692
-238
-520
-1256
-400
-1257
-49
-389
-47
-120
1922
-168
73
-357
107
-1155
-718
-186
1836
-242
-735
-354
297
948
-1069
-833
-1003
646
1093
932
747
801
811
-889
926
-664
-989
1162
-420
-789
61
231
-79
-517
-235
-403
-484
-531
-156
-625
-251
-823
-155
-856
-846
622
-791
-591
-494
-669
560
-799
-4
-184
-2880
-183
-785
-812
-89
-1391
2992
741
-1128
-99
577
-247
239
-797
-639
-988
-674
-363
-579
693
963
881
653
-452
-975
971
-2081
1405
1496
218
222
75
74
-167
130
645
3045
494
230
-231
144
177
-621
-109
1144
-141
1058
1423
-355
1374
-328
-489
-298
-490
-607
-523
838
1291
635
-459
-77
241
504
-404
-650
1786
-141
-1520
829
1205
837
1259
808
408
-429
-956
-309
207
125
56
-373
1515
-103
-209
-240
3
-325
-818
-278
-460
-190
-338
-529
-449
-614
759
1864
672
235
-944
173
-338
-147
-260
-428
-985
-543
-599
154
-421
-388
-1107
-599
442
144
519
-226
-83
-355
778
612
740
995
1792
678
368
-914
9
-222
-949
-144
722
1057
1239
-91
-1080
453
35
-58
15
-73
-13
103
-331
-75
782
-916
-544
1365
771
2568
-20
-96
436
-87
-110
-219
271
465
565
569
155
440
370
117
-195
110
96
2375
84
-168
-62
-12
-190
119
-256
-538
633
1464
-536
-183
151
-906
-180
-44
703
1794
954
-640
-63
-419
50
210
139
848
523
-1074
1572
449
-3177
-952
-1122
2340
-98
196
-71
-535
-1000
-549
1059
910
1015
-809
-377
-360
-899
-305
756
-182
-971
1353
-309
918
829
-398
-1285
999
-722
-61
173
110
29
223
-281
1240
-255
422
908
728
-800
-616
211
-1176
-1623
2684
-799
-113
1021
-599
-1021
-604
-242
151
-215
-519
-1287
-323
1726
-400
-316
1629
-911
-411
-383
-334
-136
120
-54
-166
814
761
-128
517
-196
111
1695
400
822
885
272
-1262
-68
1200
249
-321
1601
-362
1333
1152
-757
108
-281
142
-231
467
1000
194
574
1550
-418
245
478
-309
-86
-230
-346
350
1069
-235
1094
1421
-168
-442
-97
597
-193
533
911
833
1193
-422
-248
-527
-231
-854
-533
-308
2005
525
-143
217
-183
-450
-98
-454
-599
-481
-558
715
2429
202
-1519
430
-1013
-118
433
-712
-282
444
-451
-977
-700
894
-95
415
1869
272
1446
323
1967
561
-817
-66
-662
457
101
-936
917
-601
112
1643
-854
219
105
-73
1494
47
-718
-487
-575
-923
-380
-835
-360
189
-292
522
2296
574
718
-299
602
961
1251
-140
-905
949
-174
-810
-342
76
-742
-741
-775
644
1530
683
117
-1093
416
-525
-778
-460
201
1215
169
-171
-866
-134
70
1241
99
1244
1794
1435
-272
-844
-236
-313
-351
-150
-167
-202
-150
730
1806
743
-82
-757
-80
-603
-725
-562
-316
-499
-412
232
834
-130
345
1497
502
207
-572
193
-619
682
543
-503
-419
1066
420
-146
211
-2
-122
73
953
2902
903
-144
547
6
787
-631
-300
732
-866
-406
-255
-601
-325
271
-306
-458
1713
1004
-1480
667
116
-747
337
-112
317
760
332
857
-70
137
20
-1581
126
1468
-1088
190
1053
-243
-105
22
138
670
32
75
1292
232
703
1266
540
1548
208
1787
359
-1488
687
43
-947
-190
-459
-623
-337
-286
-766
-460
-353
-350
-419
158
-859
194
438
236
887
-1005
-820
-913
-131
635
248
-491
-793
-749
643
2550
971
-168
-487
-107
-500
-705
-324
-146
-579
-130
297
532
422
177
932
111
-56
277
-52
-39
792
148
494
841
122
217
309
404
-207
-1432
285
-816
-1273
-572
59
637
-199
1392
2177
1301
-248
998
-517
260
514
-12
386
-1042
261
-811
-271
-747
-573
-448
-680
-482
-165
-501
-718
-513
-832
-376
-355
-324
-198
449
-269
-515
2559
-436
45
1063
64
92
929
-187
1480
-213
-811
503
-1416
389
371
-883
333
852
1437
928
-409
-960
-446
-662
361
-1086
1509
-1506
1288
1759
-1397
1368
65
38
187
965
530
798
618
919
840
269
-467
289
-424
-631
-421
-345
-605
-417
-141
-392
-450
-368
-414
-681
-140
-207
-87
506
-1529
797
1485
2605
411
-361
-450
-313
173
-631
258
-366
-826
-193
-466
-398
-431
-409
-2008
-64
-293
1758
-454
-21
2302
-117
-150
945
-157
847
1507
759
-337
-650
-498
-373
-85
68
-1493
1981
-1113
111
346
-606
335
759
252
-718
43
-657
-344
-760
-341
621
-142
600
-4
-322
-232
76
1465
618
144
-241
57
204
-744
279
168
2617
243
121
18
133
72
1415
22
31
23
43
-413
-658
-499
-204
-999
-171
-189
-332
-263
14
39
49
3
-486
-75
400
2263
387
-169
-408
-235
-22
-39
-17
-1149
-693
-1171
1047
-1068
1343
-705
-1199
21
256
-695
689
-17
-976
-12
-484
858
-348
-381
-1186
-499
398
3599
715
-313
-192
-633
-334
452
-169
-149
-289
1577
-2166
604
1072
-630
1023
-959
833
985
956
332
364
227
-161
-941
-420
-273
-622
-516
-308
-509
-162
851
1879
300
942
791
876
-146
-712
-175
-533
-225
-566
-734
-143
-388
544
-2182
1100
1617
-932
1340
474
1175
405
380
1300
-292
57
-82
75
-199
-608
-234
-924
-580
214
-1082
427
1946
142
-1433
-53
559
1814
470
-525
-154
-548
63
-213
30
103
-571
105
465
1381
474
-589
163
678
-1717
-120
1830
-329
-144
-413
-472
-1255
-418
-384
747
-399
-484
-1121
-598
182
385
175
-259
-603
64
661
2342
626
266
-110
632
164
109
-768
-10
-1565
3110
355
691
484
504
1901
532
-264
-797
11
120
-25
149
1644
620
-121
-216
-158
36
-937
-497
-615
-411
941
-441
-1901
15
-1546
-823
749
1414
-3004
713
1612
-659
526
-511
637
1663
-935
1533
-360
-1136
878
-590
121
-360
-282
-322
-529
-481
-491
-208
-246
-164
-720
171
1534
-86
-1279
1502
-200
-1032
-629
-82
229
-76
36
685
120
90
1159
216
-239
292
-86
1836
439
1914
866
1548
829
754
203
596
518
2487
530
495
-555
500
-20
-739
-291
815
-102
-652
537
2725
16
-54
-733
-151
-516
-712
-553
-234
-416
-271
-207
-134
-171
-443
-586
-425
204
433
183
-143
774
-327
-1329
772
1999
-272
-598
968
-541
-518
-801
288
1448
-963
-502
1084
-877
27
-133
-199
-504
779
-560
705
1362
930
-89
2274
-153
-528
164
-131
-419
-338
-273
-309
194
-406
1110
-934
676
1412
805
1161
-440
-843
-292
-302
-510
-399
-825
-433
-672
-464
-815
309
-500
-2353
1414
-1202
1207
461
-247
-556
-253
-260
-639
-187
77
-257
217
-243
1309
-386
1285
2569
1331
292
-310
361
-139
-295
-180
-767
-776
-796
7
-924
31
231
-167
-381
1273
239
-897
33
54
-235
78
163
73
-373
-821
-472
-191
-238
-252
1232
-765
86
12
1667
1421
1876
381
-955
64
275
-220
-516
4054
-1402
-30
1103
811
-167
1038
-332
-919
-2095
-715
-513
534
-720
151
239
166
607
-473
89
372
1574
555
75
397
176
-44
274
2
173
1134
158
