-289526
-130573
-4649
-294729
-781780
553814
331111
379524
-134063
-361173
-26483
-32581
332781
-91176
-285038
282510
-486682
-446979
-867577
-389119
1606830
-299688
-72932
994543
-176198
-462939
-140498
129899
-100428
639579
-778598
-667095
-392347
1417490
-999849
-86504
-92934
229350
192509
-1170325
82216
-3353
415876
11590
263140
-90463
1627220
-63646
-34798
-160736
268448
-467637
632812
350552
-451281
-632625
-207963
4682
408361
-13161
123397
2749236
82920
1308394
-68926
191210
-609206
49927
-538042
286278
110719
143716
-91658
-153531
301069
1325803
108365
-275404
-131355
-141736
-42200
-815523
-20707
190417
-580109
-87268
1121534
-689979
-181427
-70003
-43622
-97386
883770
-371331
-485637
-326821
-474546
-751935
80092
-212131
-711212
-418005
-130565
-858248
-306445
-495146
1334620
-886753
-45024
-632272
481399
-213146
-576739
-848338
-557114
338696
122321
337337
587638
-734608
114460
-31857
-66228
-8702
-95319
1666313
-78491
-253985
-303180
-222997
-704315
-28896
842767
-1081978
-141481
1424642
-510974
-489252
-802981
-186948
261389
730099
-533242
-710246
-767845
471575
-100520
-112272
-488244
967975
209928
-169341
64102
-559546
-315684
-296582
-122058
-678032
-1016722
308318
403527
-592650
-248711
94915
-182376
251507
-82557
135865
1763317
-379328
-410899
-70242
-939570
719761
-242585
744356
-333486
-79863
44695
-402051
62088
515928
107624
-66794
686913
422925
502793
685077
-397789
-254912
327894
-470777
269772
887448
-661813
135278
1749066
-421090
-378079
-958369
1098882
-175677
-466213
1362
-99673
1206753
52595
1294031
1024204
-199373
-167136
-638406
452288
-915036
1781557
-206500
-94408
196110
-22154
112786
-632415
874257
-31959
-212421
-1026838
485867
592517
343099
-29542
224812
-378366
-739882
184319
-43856
-733870
-2957
1474321
-30737
-69167
51149
47927
-297639
1650458
-498253
-473178
-83590
-221807
-83451
-83933
498465
-227934
10154
-57953
282420
40463
-29566
