143
38
205
465
662
469
788
1085
734
838
-642
-325
48
-1064
263
-686
1163
922
792
1060
729
153
335
251
156
512
111
-167
-242
-184
-123
45
-83
583
1087
546
-257
-832
-229
-585
209
-635
-590
-921
-504
426
437
206
774
613
265
707
776
361
1931
1019
-462
1682
524
-926
-435
405
-103
935
1830
797
582
-156
571
-101
272
223
-856
1010
-794
-416
-943
-353
-412
-1032
-496
250
289
92
1038
1216
1009
544
1147
629
-369
-486
-318
823
1214
882
782
1487
784
-75
-162
29
661
944
735
486
849
541
1189
1769
970
215
279
239
-625
-200
-439
-571
2818
-812
-74
1001
-204
-327
823
-392
-1284
-805
-1167
-512
-127
-634
-961
-1263
-560
436
333
465
861
609
854
391
432
358
-477
-816
-401
-353
-1480
-259
-849
-403
-801
-556
-21
460
-1745
163
1771
-1388
428
1662
713
1382
603
397
1028
299
-277
-659
-254
-196
332
-285
776
1909
505
963
921
988
1643
-2540
1849
975
-1319
871
-100
-505
-120
417
414
358
-957
-791
-945
-670
-1159
-401
-979
-512
-884
-282
-506
-289
-282
-306
-290
604
1126
595
529
900
565
82
218
184
589
1441
630
-782
-1326
-823
320
232
373
541
470
191
-160
131
-193
-1871
1089
-1956
-657
-643
-616
493
-966
409
2686
-1986
2848
540
536
158
-1467
-350
-1425
899
2845
582
218
420
247
435
602
394
378
1018
440
-244
-374
-279
530
742
414
841
1001
728
1078
-1479
-281
846
-1311
67
-794
-567
-1076
625
1755
726
538
754
509
-120
-366
-7
50
-421
76
41
669
1134
-346
662
1029
2
-246
-15
716
751
656
636
767
578
-933
-555
-885
-544
-31
-590
233
295
299
1091
79
-1311
1121
61
-1176
556
43
-740
-357
-456
-317
-409
-633
-378
-368
-382
-424
-9
24
-62
1020
1358
589
1316
1584
590
919
-411
866
435
1
394
795
1163
805
2149
-530
-1748
1329
-213
-1022
-155
-306
85
423
798
443
-802
-953
-885
-831
-897
-987
-87
-9
-128
328
449
365
628
687
673
-1157
1646
-1621
-560
-257
-734
-422
-1714
-170
272
666
370
451
750
399
318
549
345
459
612
481
460
762
475
174
149
99
124
280
82
-451
-849
-383
-654
-723
-696
-81
-328
-213
410
1244
381
421
1490
444
568
1757
715
-47
-725
25
-216
-599
-200
81
43
70
355
675
321
425
853
516
637
819
620
438
617
394
32
587
85
-755
-1521
2209
-171
-1427
2373
-756
-607
758
-593
-916
-643
964
1538
985
-667
-606
-607
536
836
600
396
903
366
-335
-701
-369
-509
-834
-576
96
-422
-156
1308
1801
1495
330
388
377
641
1287
707
482
447
476
373
580
464
518
778
520
335
439
316
-623
-980
-22
1101
780
875
751
595
449
219
296
228
540
862
515
369
501
289
-1081
-658
-1005
-884
0
-1064
-942
-773
-934
-1813
-28
1658
-1813
545
1263
-587
212
797
382
714
291
531
786
442
-126
-80
-123
185
18
173
882
1543
828
641
1276
664
-127
1468
-28
-283
3369
-528
-106
-1093
-75
1039
1335
954
1079
1114
1041
-55
418
-182
-956
-2528
-1023
-545
-393
-489
1452
1840
1373
552
936
456
778
953
721
416
419
386
240
189
199
441
530
409
510
596
533
-41
37
-41
433
811
389
546
843
493
-2876
8
2910
56
-72
-87
-263
70
51
351
-215
310
512
478
526
427
1082
428
553
755
610
-619
-1076
-701
1303
786
1314
-848
-2
872
-878
-230
888
-1169
-47
1818
769
1101
677
333
-6
283
-684
-781
-588
1008
583
1124
488
-28
795
-471
244
-350
460
591
478
513
849
493
189
251
131
-1923
-567
-1349
1129
-327
-196
-790
-792
25
475
654
527
1069
-453
1233
1613
-1616
1823
-836
-104
-280
1507
1028
240
-727
-822
1353
-604
-905
-654
-581
-604
-519
10
485
-26
-153
-67
-30
1239
1511
1170
1057
1368
1074
1227
-86
-1118
1250
46
-1140
63
39
-122
391
-1508
76
1382
-1147
1334
1512
-1793
917
-360
-274
-323
-599
-586
-620
-415
-517
-437
45
399
4
-779
-790
-840
-766
-833
-764
397
484
351
195
874
317
350
973
260
-318
-807
-403
-466
-400
-550
-578
-909
-433
651
657
669
491
667
511
405
344
397
997
-82
1000
365
-359
470
-121
-399
-175
442
859
395
-1153
-698
-1347
1193
759
1302
-851
-1023
-804
-468
-548
-446
313
-130
283
-859
-536
-877
-603
-722
-581
333
613
326
-573
-944
-559
-372
-780
-577
335
-505
320
-166
-567
-271
-411
-822
-356
-649
-596
-682
-161
428
-42
-317
-1545
-376
444
2195
349
498
935
554
467
857
488
151
773
212
-869
770
-992
-1953
2185
-1800
-103
-1584
-146
70
-439
174
-616
-554
-683
1058
862
996
718
-461
698
-440
-1081
-394
-732
-357
-754
599
685
481
444
716
510
719
1028
686
-590
-653
-640
-538
-435
-410
-99
-46
-171
-492
-596
-444
-102
208
-86
751
1349
759
865
127
784
598
478
480
758
99
736
1396
669
1447
771
794
777
-321
-20
-206
-154
-340
-147
514
693
434
556
941
565
656
-55
-895
-939
44
760
-1851
376
1750
-237
1269
452
-876
726
1442
-1322
1838
714
-96
-271
-14
-455
-626
-496
-590
-776
-637
-440
1731
-694
-1397
3963
-1460
-452
-667
-439
610
769
470
703
984
450
-54
26
-94
494
1483
494
-559
-554
-480
-1038
-902
-1051
-444
-659
-501
-683
-886
-567
-241
-563
-65
517
642
422
597
670
532
368
509
384
594
973
557
433
1251
563
204
563
257
240
405
223
334
1045
352
5
811
0
524
895
527
528
997
514
81
-25
15
-118
-154
-146
434
689
400
662
640
650
956
1122
1017
645
836
637
-246
-339
-169
225
-116
98
-1024
46
-1163
1060
1928
1011
561
925
650
457
540
534
-206
-53
-198
554
1548
610
474
1301
454
16
-81
-18
-61
-100
220
-1668
13
1675
-551
16
649
-640
-263
-626
-698
-588
-720
-660
-716
-595
-458
-604
-427
-372
-776
-375
-281
-226
-262
337
943
305
487
885
473
128
288
169
119
282
161
-589
-992
-243
1683
224
1778
-1004
-729
-1040
-480
-587
-351
-692
751
-764
-73
-150
-178
617
808
574
789
867
775
700
921
615
693
1074
599
-131
-4
-56
1352
1813
1296
238
771
-181
69
-655
-84
-484
-987
-466
-644
-765
-616
-594
-584
-637
767
1010
696
622
781
539
-429
-602
-407
697
640
580
1089
-39
1029
-340
-1565
-319
-393
-620
-282
-885
-419
-735
-361
-976
-339
871
1250
839
613
933
640
207
21
76
-579
-775
-591
-533
-834
-536
-12
170
-2
-119
-336
-81
-577
-923
-594
-511
-1205
-494
-711
-841
-668
346
-1009
283
750
-322
772
1307
1354
1099
1036
1359
946
-471
-135
-379
878
1574
846
646
985
626
-454
-545
-472
514
1032
594
545
895
530
239
121
84
-292
-1434
-105
-512
-661
-514
-1268
-1088
-901
152
670
56
708
1245
702
709
1607
803
742
1629
370
-1136
-1476
-1002
-503
-852
-420
568
911
582
395
713
471
-83
-86
-77
117
37
83
240
915
472
302
953
403
24
-9
35
446
704
419
656
532
682
-148
-1325
-85
-703
-136
-635
-934
127
-916
-460
-376
220
594
633
1330
250
1110
667
-47
463
273
342
1691
593
246
461
710
-349
-504
-362
734
855
719
-381
-641
-371
-296
43
202
2000
-309
-1936
1606
55
-1578
-1139
322
-1104
-842
375
-938
-575
-439
-569
527
570
433
299
1317
351
232
593
205
665
813
580
491
673
465
-275
-365
-265
-521
-1099
-463
1831
1499
1589
-102
-465
-179
-546
-231
-520
-578
-432
-474
-591
-390
-602
410
792
1144
278
831
664
500
743
560
-553
-638
-622
-549
-707
-643
-66
83
-77
232
-44
128
391
1042
491
749
768
745
-200
-255
-190
-399
-499
-340
-264
-379
-308
394
768
421
544
814
555
294
339
330
902
232
1003
676
689
690
-320
-897
-283
608
860
589
389
667
292
-36
-124
-51
596
1153
623
706
498
780
8
-1051
-11
-887
-162
1148
-581
-1396
1188
482
1569
941
365
763
335
406
962
387
29
307
135
365
2916
143
70
743
133
-495
73
-581
548
645
561
300
644
328
-84
103
-73
190
-21
129
666
1386
593
806
792
844
49
-281
68
-142
-498
-46
985
1590
932
900
928
923
509
740
539
115
-633
102
-661
-493
-671
-734
-816
-603
-829
-821
-783
-148
-124
-52
535
748
511
709
616
738
436
513
373
587
905
580
342
668
421
-182
-344
-181
637
1148
674
807
1048
788
-327
-305
-492
324
990
1383
398
587
1147
-455
-392
-481
-543
-660
-609
-254
-565
-209
113
-858
291
1190
-2268
2319
679
188
92
62
217
49
-333
-467
-303
-361
-619
-355
-120
300
-77
-1054
3312
-1233
-138
847
-353
-775
-1325
-581
-679
-1077
-723
-26
621
-38
1238
1501
1276
889
1442
1029
179
238
139
-941
-249
-927
1855
-1889
1615
261
1391
4
-304
48
188
1321
-276
-1061
1768
-8
-1839
51
291
72
-541
-933
-433
-996
-953
-999
-678
-532
1347
-460
811
1352
-1939
615
1050
473
1127
395
309
1012
181
110
-153
146
-1231
91
1163
-1374
43
1341
-646
-8
568
740
177
-925
-1614
-4
1444
-1174
-121
1254
462
930
730
275
279
582
69
-228
-10
-197
-70
-161
650
823
612
739
945
868
-601
-911
-656
-405
-788
-462
490
771
543
900
700
891
-1789
-1099
-2330
2610
1972
2494
292
577
270
241
429
158
-298
-982
-254
11
-1635
-78
1287
3308
1074
-249
69
-228
-1500
-276
-1400
-731
-871
-873
-637
72
-685
32
223
39
-467
-654
-585
-552
-925
-612
-410
-499
-291
-654
-761
315
-676
-675
592
643
713
622
795
583
749
0
-578
-76
596
807
664
601
937
623
157
111
123
-495
-545
-466
-404
-425
-427
-169
-148
-124
-263
-426
-214
338
80
315
1069
1477
957
-919
-1616
-731
784
-56
-453
1020
995
131
299
511
267
658
837
765
598
696
654
-648
-590
-610
-485
-510
-537
492
776
525
-895
197
728
-165
-1305
458
279
-825
-1503
-145
196
-116
940
637
949
861
714
845
-320
1316
720
-42
1268
776
199
661
260
-496
-752
-500
-493
-473
-459
-81
-290
-62
-187
-186
-79
680
729
639
678
1223
608
153
-45
-4
266
744
293
1018
1595
742
865
560
890
429
708
459
-147
-17
-22
-500
184
-529
-692
-462
-675
-190
-418
-247
-226
-684
-265
-917
-562
-868
-488
-870
-572
-158
8
29
66
-828
93
1327
1292
1294
-696
-397
-742
-308
1846
-368
-872
-883
-812
2080
-973
-1043
1529
-928
-543
773
-424
-366
520
759
537
508
740
485
54
32
51
397
439
408
706
1052
623
297
615
243
-42
-418
118
-454
-417
-196
-587
-798
-515
791
1402
727
72
-133
49
-420
-218
-506
-143
-281
-171
-350
-620
-371
-262
-257
-288
-277
-168
-290
-592
458
-545
-653
-675
-718
582
829
519
618
730
676
90
-13
102
-1020
135
-912
-738
120
-751
-720
-596
-636
-370
-466
-365
-276
-163
-257
-628
-679
-636
-38
-130
-37
646
911
602
1002
1127
1046
9
190
26
565
633
580
704
769
826
-30
-135
42
700
1079
598
607
1035
532
-699
-958
-651
1078
877
1123
-150
-215
-322
1034
1197
1004
-535
-622
-415
-129
-101
-186
-720
-992
-570
-783
-674
-743
132
0
69
-1307
-723
-1399
-739
-1046
-807
327
145
264
297
312
245
502
565
551
172
107
188
820
953
780
906
1080
734
-205
-140
-29
-616
-871
-629
-30
-968
-59
-617
-246
-608
287
-5
210
744
833
695
167
259
215
-2
114
60
408
524
381
656
1058
690
1893
-1903
1890
1149
-699
913
-247
342
-70
-657
-909
-672
-182
-685
-230
376
475
241
-152
-210
-316
-756
-1015
-907
-835
-1148
-847
-937
-955
-969
-702
-426
-818
177
1113
169
1790
-244
-229
1514
-344
-137
397
-368
-305
-1337
415
-1353
-402
1813
-533
-151
-1199
62
143
1050
65
-466
-1099
-481
804
1516
920
257
220
242
403
416
396
518
696
470
-34
183
-86
502
821
458
560
1153
546
590
1479
506
316
869
150
218
-46
177
685
780
710
628
672
540
88
130
75
-180
-160
-158
-681
-1004
-773
-743
-881
-828
85
-328
93
-583
-529
-499
-832
-413
-810
-610
-1524
-312
-206
-1058
-117
824
-836
52
-214
270
-235
316
-900
361
2112
-839
2129
-467
-1058
-588
-201
-685
-258
291
326
322
739
805
711
731
773
715
118
447
75
-117
-667
-176
725
1123
669
321
666
295
-68
-123
-86
174
658
141
544
626
552
-1110
-631
-844
371
-1533
674
77
-1502
536
552
889
537
466
850
538
24
-59
-16
684
956
686
423
447
428
-146
113
-170
685
978
629
469
695
402
-174
41
-52
505
-730
342
612
2063
726
368
959
367
328
-179
325
-938
-1152
-934
1013
2260
861
-123
-833
-112
-419
-766
-345
-127
-587
-201
894
1488
1060
1011
548
1077
88
-525
270
-52
-159
-38
646
846
712
696
688
763
693
1193
623
-353
-1019
-174
-280
-1555
-91
-228
-651
-168
430
585
398
589
1138
627
713
1256
619
1054
1436
797
-112
-644
-104
-1235
-902
-1264
-1079
-772
-1088
-32
517
77
-541
-147
-439
345
2175
155
-493
-830
-416
40
293
-2
497
1169
532
940
1308
867
-307
-422
-442
-346
-540
-271
-666
-623
-619
-984
8
1019
-1641
-411
2032
-1355
-45
1482
-1369
-22
1398
-745
3
804
-1297
-180
1536
9
-99
-45
-550
-722
-575
-698
-741
-774
-628
-998
-568
-400
-480
-385
295
239
241
220
229
199
478
631
502
256
458
273
1143
1690
1105
283
348
165
-10
-319
77
-168
570
-157
973
401
1037
1332
91
1377
-860
-1254
-906
-719
-1417
-813
-202
-190
-109
802
1388
-1201
891
810
-1230
879
355
-1209
1140
782
1017
1229
1301
914
900
605
744
-739
-917
-693
-442
-719
-434
346
505
354
1028
2544
969
-549
672
-392
-174
-1114
-264
-250
-308
-195
-558
-720
-545
-273
-225
-382
-657
-933
-655
-552
-808
-446
-287
-311
-338
621
885
667
705
1117
705
287
315
310
601
1362
570
176
855
209
19
-98
22
824
1265
850
-604
-161
-652
427
564
412
548
708
513
-307
-571
-223
-570
-547
-638
1650
2054
639
-1321
-610
381
-258
2
-662
915
2273
885
-554
-226
-423
212
371
0
-798
-1064
-787
-170
327
-91
713
1681
580
439
-1787
676
-1050
1519
-805
-497
-1944
-401
-531
-789
-629
-1075
-1117
-938
-1017
-1503
-897
63
72
16
812
778
948
921
1337
843
1280
-687
1272
620
100
512
207
-130
135
432
1127
517
261
620
338
-520
-497
-415
307
635
244
619
802
668
441
492
457
66
0
61
535
762
593
607
894
672
1587
1779
1489
-545
-599
-642
463
953
404
305
656
321
-574
-809
-597
-773
-1096
-888
554
1304
107
933
2539
339
244
245
256
285
355
337
464
926
579
372
908
518
2190
-1029
2244
-482
-1246
-319
-156
282
333
1194
946
1007
577
662
494
16
54
-37
1787
-282
-649
1338
-750
-872
-832
-539
-153
-192
-303
-186
-419
-392
-388
-349
-544
-338
-767
-1090
-617
-287
-512
-62
-962
-621
-915
-1016
-654
641
-649
-628
169
-17
-374
-616
0
118
-61
79
299
85
702
981
728
-104
159
-15
319
1009
469
302
2168
338
-240
-231
-273
693
805
673
706
1096
611
240
240
111
699
1026
715
759
1206
691
203
-598
411
1639
-588
2251
47
-1106
253
129
229
108
541
976
526
513
1135
368
398
669
421
666
624
733
355
277
360
-177
-268
-181
-421
-623
-425
-488
-464
-520
459
540
496
786
957
830
592
658
507
636
783
611
607
813
493
214
148
202
951
-82
-1043
1731
-488
-1010
-1049
-137
-951
-486
-1231
-422
-309
-739
-344
425
854
304
-1284
-559
-1322
-159
-330
1080
-774
-670
-326
-211
-709
-324
1573
-211
1501
168
208
199
-639
-1032
-929
-558
-477
-701
24
-176
1177
-460
-683
-411
-518
-276
-521
-696
-345
-799
-1235
-703
-691
-735
-775
-685
1028
5
545
-142
-269
-178
-316
-374
-325
-286
-272
-198
-278
-310
-297
206
146
331
727
1532
689
716
1248
733
558
816
523
-40
-71
-37
876
1079
704
744
808
720
110
34
100
122
36
58
-540
-972
-665
-307
-752
-542
710
1859
804
861
821
955
-248
-1542
-349
744
144
814
1225
-862
1193
1474
-1718
1369
132
195
169
673
656
576
749
1316
689
-45
-288
-50
542
1015
747
785
1128
1031
-154
-137
-95
419
479
479
1085
1129
1144
461
814
360
-246
-1036
-306
-681
-1404
-549
-55
2869
1488
-1015
1209
1468
-1252
-712
646
-453
-493
-483
881
973
300
795
1648
208
-445
-241
-142
353
1098
423
941
1564
991
691
1142
775
311
521
435
-133
121
-148
86
80
109
261
496
323
657
1149
670
172
-572
156
1084
-871
1164
1284
-1951
1453
-264
-318
-100
593
878
123
1052
1105
300
-678
-620
-615
-390
-987
-463
-609
-746
-595
472
699
466
736
864
916
37
187
42
454
1691
526
-50
215
-41
-214
-345
-341
-156
1091
40
-535
-1305
-731
812
1162
694
278
1027
351
303
934
444
128
270
174
-391
-415
-311
-284
-401
-362
1309
366
1303
-143
-366
-178
-367
-468
-364
-274
-346
-287
507
1551
419
-979
-744
-823
832
358
788
-1252
-198
-1345
1380
-2681
1515
-57
-1801
163
-593
-1610
-514
1143
1548
1184
263
358
245
1569
-1271
1645
186
-790
163
164
-32
96
252
457
296
591
1026
498
455
484
390
-341
-292
-303
-246
-526
-300
-655
-778
-696
569
1058
473
593
721
537
-71
294
107
553
1007
544
731
457
769
-44
-327
-77
267
509
283
572
885
603
556
1251
522
472
966
407
295
566
278
15
-10
49
338
561
394
1076
1534
1013
352
331
403
1097
1286
233
1474
846
-57
26
-156
-256
317
-39
132
1481
269
1088
1016
507
875
528
987
698
766
1201
840
706
621
963
484
1582
247
-41
-73
-181
-148
-73
-184
285
491
230
426
729
430
347
496
299
-1134
77
1106
-642
-151
742
-773
160
638
-762
-576
-977
1122
1728
1677
715
-1494
669
1248
2263
1387
363
915
237
-52
-60
-17
-41
27
14
446
566
445
439
925
347
-1151
-752
-1178
1329
1116
1235
-246
-166
-301
-727
-884
-788
1100
1775
841
-645
-300
-657
-256
-608
-268
-833
-696
-814
-806
-447
-807
-356
-169
-362
-890
-576
-868
-1001
-231
-1123
43
-50
21
-121
-280
-149
-310
-520
-332
-814
-741
-822
-839
-872
-848
-52
-609
-134
-874
-1050
-945
-482
-120
-681
-778
-192
-874
-952
-1012
-1073
-926
-148
-863
-586
-185
-650
1065
1299
1065
822
957
737
-259
-835
-94
-1063
-1477
-1015
562
-550
677
-922
-1471
-926
880
1103
802
930
916
739
249
318
404
313
499
283
-809
-557
-610
-593
-691
-539
89
-478
61
78
-309
19
1244
562
1235
441
684
484
306
535
326
143
184
111
-686
-420
-525
-443
-391
-486
-828
-544
-751
416
687
539
1022
719
1413
949
860
1192
670
773
665
696
966
638
191
61
184
1347
-851
1424
-843
145
-1068
-791
-1207
-955
578
10
-488
468
1664
-1125
696
1757
-840
-189
-179
-106
876
1002
837
747
1017
791
867
1430
813
280
587
324
-204
78
-178
610
885
471
561
788
508
-67
-13
-85
142
346
134
431
1323
430
-31
116
37
-585
-249
-488
-733
-585
-676
-58
-338
-147
807
-650
813
1291
-905
1379
768
-235
768
449
771
489
455
482
474
409
403
470
377
732
464
656
703
706
771
1139
803
-470
-752
-399
-490
-410
-478
-577
-547
-616
-242
-46
-152
-660
-876
-602
-687
-553
-673
710
-978
748
1252
-1209
1187
-133
-175
-87
-586
-1170
-639
696
184
796
698
850
905
242
158
151
-283
-657
-323
-375
-716
-333
735
892
727
209
424
215
57
-144
90
233
-295
381
-932
-1079
-799
1393
1905
1164
-305
380
-503
-287
2509
-553
651
748
448
-582
-747
-535
-307
-756
-348
45
-56
2
-1338
-905
-1323
-380
-948
-304
-86
1459
-220
173
365
249
213
539
183
632
661
681
891
1065
885
586
824
780
-374
-560
-364
638
874
597
-162
-364
-119
-115
-494
-159
394
-1797
633
251
-999
186
-506
-1318
-474
64
-295
19
557
625
708
851
1360
727
-217
-277
-179
-37
132
-61
498
1618
655
803
2035
1061
674
1049
718
54
33
-121
-100
-430
32
770
-948
753
1751
2378
1742
-398
-338
-494
-266
-265
-281
-488
-414
-501
-1246
-23
1477
-1571
-56
1608
-660
-180
614
529
612
519
373
585
303
30
281
88
-307
-294
-394
-437
-524
-465
-175
-743
-241
-659
-997
-431
-1297
-720
-1344
133
-721
198
162
-106
-41
895
993
169
981
890
-63
-10
-1215
-79
1065
2162
1056
696
1916
610
702
902
783
575
318
541
127
-25
56
-98
-110
-99
-566
-685
-522
-566
-1056
-545
-210
-1265
-84
-420
-990
-394
-29
-669
7
134
275
169
494
778
475
456
553
377
108
-25
-30
1280
-17
-1233
1447
-20
-1451
-312
-246
-184
-658
207
-695
322
2247
290
-99
334
-139
-707
-910
-730
-598
-876
-543
544
520
578
190
1061
394
-732
1873
-583
-834
-744
-876
-200
-602
-263
-1119
655
-1159
18
-34
33
439
472
429
727
1135
684
1547
-345
-722
808
-133
-653
285
39
-364
-563
-544
-478
-831
-265
-889
-773
-293
-823
617
-1409
725
-1010
-94
-1151
-904
-745
-874
543
935
589
567
780
605
87
214
91
-633
-506
-562
-505
-528
-480
-667
-1048
-518
-303
-475
-339
-390
-586
-466
-189
-180
-217
567
707
518
741
1072
656
-131
-69
-76
766
1405
801
224
1398
440
-333
-482
-375
663
789
578
954
1001
804
65
169
-31
920
1748
814
-1161
-1224
-1253
-163
-790
-55
252
171
309
-850
-888
-875
-807
-778
-804
1093
2359
925
-332
-519
-199
27
198
20
-572
-419
-608
-978
-702
-877
-470
-604
-465
-467
-610
-504
-567
-1003
-609
-362
-655
-401
646
1806
-304
616
1861
-94
-102
951
-165
29
1232
1064
-268
1539
1438
-86
-39
-276
-759
-1554
-1054
-1009
-1755
-861
354
35
-276
462
-1434
549
1173
-1744
1106
-785
-1321
-473
1102
1293
1180
619
997
702
78
-506
-60
-74
1355
1132
-133
-182
-348
545
117
371
-719
-2033
-744
520
3296
518
28
-522
65
-255
-25
-392
1223
917
1127
799
1542
643
66
243
-63
-958
-1822
-965
1351
3115
1108
1013
982
879
858
1281
687
112
-33
195
374
631
511
-606
-1061
-506
-325
-1360
-478
-1113
-530
-1262
1307
2417
1202
-175
109
-160
683
-369
604
1091
-621
442
1715
-1292
1164
-966
-1375
-976
1020
1821
913
-361
-845
-341
-325
-247
-316
332
980
355
852
1068
940
877
1319
589
-445
-1476
-566
253
958
-13
-81
-343
-139
-178
-84
-120
658
1431
666
117
-17
103
-414
-651
-368
-774
-756
-778
632
1157
604
475
824
416
5
-267
47
576
799
558
438
811
447
-32
84
-74
44
397
83
-575
-693
-560
-586
-540
-644
1157
1024
1137
834
361
1002
151
-183
223
1067
1745
1145
553
235
663
-468
-611
-483
-1256
-833
2677
-726
269
2506
311
-347
629
406
-437
314
-603
-1356
-524
107
-2254
-2
143
64
-44
1062
1175
484
684
830
325
1079
1413
1085
625
770
612
-76
23
-77
-639
-1134
-649
20
-1300
-372
-646
-361
-668
1089
1299
798
467
514
447
-380
-317
-394
780
883
780
568
970
461
41
-115
-30
-128
-461
86
99
1272
-113
-876
-1129
-930
600
-977
557
566
-631
495
2766
-2959
2828
537
1160
442
434
715
360
-39
-194
61
-103
-860
-474
1301
-1788
496
-1110
-1488
-887
-1009
-919
-968
-976
-106
-937
-18
-926
-10
320
221
311
-758
-713
-662
-629
-878
-589
-81
-238
-38
464
-155
345
962
1767
672
403
635
430
555
868
555
136
322
203
669
957
720
591
846
582
196
575
82
102
346
152
387
430
381
413
786
365
-1271
-426
-216
99
3012
1900
367
2300
1068
584
1077
596
303
580
273
-62
-125
-111
-134
315
-480
-425
-2151
-147
611
2925
317
343
579
310
578
980
567
232
512
141
921
-581
951
1392
-531
1280
218
581
268
-148
124
-207
62
-175
89
1990
651
1886
1520
1771
1527
-189
-319
-263
26
-572
175
484
726
490
610
771
626
75
235
30
822
219
643
695
661
743
559
904
421
-239
-205
-240
-52
138
-115
675
944
667
929
982
1028
1111
994
1243
750
910
1113
94
448
137
446
596
472
454
415
484
-658
-949
-1049
-764
-853
-866
-221
321
-116
-693
-991
-669
-700
-754
-721
313
-27
253
1099
1588
1064
760
1230
803
262
309
221
147
221
215
-534
-960
-553
-606
-974
-621
442
998
-46
-247
1669
-499
-14
584
19
541
858
855
-456
513
-54
-2097
-1272
-2158
444
792
453
309
933
333
134
-160
192
-437
-1167
-259
715
1605
600
-1452
408
-1609
-114
-219
-149
-837
-1192
-763
-952
-1024
-961
1473
-198
-1509
1427
-31
-1541
81
-139
36
-2366
517
1784
-1870
309
1393
-191
-408
283
