-468
1519
-356
1050
600
370
-400
179
544
124
767
-162
666
153
-1
647
628
-786
-545
-129
-38
-708
371
436
105
733
5
883
556
57
104
-142
-705
-321
-373
-942
709
479
149
363
100
-286
840
703
-132
725
26
50
-484
470
-431
-678
57
-55
-393
778
760
-303
-135
-201
632
967
898
80
348
749
12
553
490
-610
504
297
-81
64
-149
537
-214
732
-423
268
-1126
-418
-242
681
637
148
-580
33
390
119
-667
-595
975
54
348
-114
-220
646
-487
97
-383
676
198
-207
447
889
1111
-269
-639
-293
107
-533
80
129
333
245
9
314
98
737
-914
14
-297
-743
152
-313
-43
-639
