135
-210
146
-341
-469
-385
567
2019
851
-108
-621
-448
1647
-141
217
1371
-552
-335
487
2901
-63
-518
-128
-548
-281
-1550
-217
-854
-41
1086
-333
-1873
2342
-423
52
-209
164
186
241
719
860
341
-149
-357
-292
-440
-933
-655
-917
-466
637
-655
-492
-127
-539
-679
-537
302
1710
337
-602
-497
-671
318
-9
565
57
-1708
113
595
1953
1162
-546
-61
-675
792
931
721
-298
25
-332
-311
514
63
-903
518
-1016
-760
2336
-354
-361
-360
-384
-1420
-131
-394
246
251
-821
-797
-837
-710
-1
160
310
2387
644
-1421
-116
160
-254
-1197
2406
-1369
-755
898
-753
610
1725
602
374
-1740
-13
-650
-272
-629
271
594
322
-1036
1585
-446
-338
1875
-366
200
-1147
742
2702
-831
-149
560
230
87
785
1709
806
-193
-166
129
646
15
131
532
439
690
-481
-344
-637
748
366
846
-9
-51
-31
-352
1677
764
62
1163
580
732
-571
350
897
-1457
10
-388
2217
-83
-547
-477
-653
-228
-525
-112
229
-766
115
701
2028
-200
1852
828
-1176
-300
-1117
-453
258
255
142
277
1052
1538
-12
-281
1479
-242
-332
-428
-394
-468
-104
-112
-243
481
-615
-329
-227
-523
-620
23
1319
494
1520
-315
-246
394
-421
-1017
1592
56
222
462
-1002
847
250
-1364
1812
402
317
-555
-258
-966
658
-91
-1540
1312
-1260
-1038
605
880
-389
362
876
-278
-498
1324
-19
-714
-167
124
-21
96
-453
-821
-429
-50
-102
73
-96
-249
-164
511
998
-30
220
911
501
607
1060
463
873
1308
-931
1112
-681
-287
884
769
678
1139
-75
1046
-325
-843
-402
-130
-293
-59
-349
-747
-370
-227
-163
-186
-127
649
28
27
1469
-70
749
1157
633
-639
573
-757
-115
-1448
521
1250
706
933
-144
-506
-525
1461
-316
-359
1055
-378
5
669
3608
661
142
2101
315
-608
-1622
-271
99
-2741
446
820
2263
948
805
73
449
62
280
334
475
2125
480
-240
150
-345
1138
-183
-533
1573
-772
-1236
404
-256
-309
-469
-646
794
-957
-110
1556
-668
-592
25
-1373
396
288
1132
226
-1485
-1255
-711
17
312
-189
-221
1186
-275
-308
1601
-516
-726
-324
-735
-256
256
-381
-136
611
2338
262
644
-269
-273
2630
-1370
265
-255
-253
-581
-303
-442
-341
-124
-419
-91
-386
-511
-237
-210
432
1547
-139
-7
1240
-192
-613
750
-77
1692
453
1559
-50
-406
1154
-485
-394
-424
-1349
-610
-607
1586
-297
-124
1808
792
-288
-429
-71
331
170
169
1071
754
1225
7
-487
-28
-128
-70
109
-45
1968
199
411
-596
326
752
2938
795
-271
772
-147
1281
2095
1645
-451
2213
-103
-381
-670
-473
1317
739
291
1090
-778
-333
417
-104
-331
-407
-894
-275
766
-509
-130
1069
1029
746
-387
639
-138
513
2400
144
-1966
-1123
-1729
761
2685
35
487
-989
246
-369
-660
-370
-80
-30
1009
-1847
-314
241
-153
-1140
180
1155
-1754
1238
2816
1534
2719
1020
662
1129
-394
-412
557
-384
-1681
3295
703
812
177
-229
-527
-223
-295
-553
-281
-222
-533
-252
615
2292
77
168
-1470
336
-570
19
-442
501
49
344
-137
-521
-448
-440
-788
-515
601
934
594
342
955
199
483
1327
707
-315
848
-556
963
3086
137
93
-469
-5
-541
-318
-160
552
4
722
336
1133
1282
740
-1007
87
-62
-1055
-159
-965
-11
-1140
562
833
-488
1070
-116
-493
1230
-246
122
503
-258
-19
1143
3050
-417
-59
317
611
-317
-685
-172
-304
-537
-141
-120
2490
311
305
2263
7
-164
-865
-7
-285
-1079
-267
-433
-260
-342
-468
51
-276
-208
1860
197
1475
604
1236
-159
-947
-93
-390
-259
-408
-575
-677
-1022
858
-1508
1769
623
-418
668
165
-425
-297
-174
-414
-43
-522
-806
-654
-187
1156
-305
-990
3237
291
-1290
-535
403
-184
-1013
-35
1456
-1802
1396
1166
257
1174
-246
-953
-200
-40
-685
40
755
1475
574
1051
1760
-124
-249
222
139
-433
-1028
-55
-405
1450
361
-580
1021
-271
799
-716
-317
38
440
147
276
1492
393
-318
269
-193
629
-721
-458
-801
-554
2095
-1081
748
318
119
1780
282
-187
-860
-552
-349
-671
-492
392
2495
188
591
-226
940
-357
-941
-374
1242
1475
1389
-543
256
-520
-248
-506
-293
-509
793
-540
-885
1052
-802
-550
-649
-644
113
-452
490
515
600
760
585
253
764
540
663
793
-683
-840
-583
536
1020
451
900
-229
242
2630
-1761
-295
-188
105
-19
23
-316
-55
359
-537
1599
1437
968
1092
974
263
942
-193
-715
90
1060
1751
763
-341
-768
-569
-772
-1094
503
-744
-330
-636
821
1459
1158
101
368
249
-96
-1055
-287
1090
-492
-337
685
563
-649
50
-159
16
-956
421
269
-19
-897
1606
1088
1000
1018
925
477
43
627
707
337
234
888
-269
-10
-624
2
424
325
517
284
1482
517
1909
-751
-2236
356
261
-200
2621
-325
-1600
-545
-1473
-314
125
1199
774
152
400
94
-163
-218
-33
781
267
808
81
742
40
1224
-466
-161
-429
-310
1548
-195
229
331
90
-156
-378
285
-48
-332
2378
-580
-1576
347
-377
138
1212
1046
983
-257
-127
-164
-687
-761
-559
-171
164
163
686
958
601
666
-608
184
703
-311
302
1058
346
732
-584
-210
-569
-424
-885
-721
-550
-978
-136
-94
189
-163
1295
318
1425
1042
410
1208
-474
-223
-770
-736
346
-153
2766
-1505
-481
115
231
161
340
478
342
98
-223
109
-1131
-308
-1142
-1070
1161
-752
163
-508
-226
670
1788
558
-579
381
-784
179
545
62
-364
1223
-119
-808
-721
1810
2
-247
139
705
2034
617
1465
-1382
-340
1413
-942
457
120
1691
-29
54
-428
-69
-60
-205
-48
-312
-710
147
11
-874
1943
-402
-718
-795
-42
1163
118
-409
-1779
-407
-394
-377
-230
329
-412
26
910
3085
864
-284
-1619
4
-721
1444
-422
-1013
508
-1043
-734
-275
-704
43
236
-114
174
391
238
325
592
288
46
2093
985
-420
302
37
-38
-593
-155
245
925
-464
1446
-121
123
1002
-139
124
549
-35
406
1234
764
765
549
1516
227
418
1514
1408
-11
-1424
-379
-165
666
7
1336
-190
-845
954
-619
-511
1053
-133
-818
-177
-398
-170
-384
-850
-537
-477
-944
-373
1232
-770
-530
764
-192
-181
735
-443
-437
562
1036
1116
-563
-574
83
-73
-459
-156
-22
-828
29
-1152
-1280
-953
995
292
790
56
-1738
339
1815
-630
1559
-376
-82
-214
-102
691
-95
384
-1433
146
559
1542
571
643
1934
356
-580
-1403
-606
-537
-841
-495
-619
-734
-487
694
349
359
-639
-520
-421
114
-944
-200
669
2247
-716
135
1650
738
-70
-237
-121
-577
441
763
-112
556
193
-264
-621
-274
-288
-615
-328
76
-233
82
1
648
-234
-450
500
1480
-414
129
1136
-183
18
1799
-181
-1118
1357
1309
-697
-465
-275
598
153
-375
2437
-359
71
66
-156
-267
825
-450
-1084
301
1300
-355
-1109
675
1612
-1334
-512
-1302
1406
-1046
-510
-1021
287
77
142
-11
1405
3371
922
248
-181
241
-164
-609
72
919
-1444
1175
1673
703
760
481
259
532
-81
952
254
182
-385
207
105
-847
-65
613
587
697
778
2566
559
-467
-437
-339
-938
-1262
-735
198
1156
-46
883
-257
995
140
-1736
753
978
-910
1711
-555
-968
-620
1438
-521
680
1082
613
355
39
-429
-69
1796
256
614
24
-767
-4
-1142
-430
70
394
685
-650
-1971
-859
338
435
1050
509
709
-1053
400
-271
-754
-400
2608
497
-999
-903
-516
639
575
732
-310
321
-453
246
-150
-1419
42
229
2607
445
503
-282
556
377
387
452
376
437
400
1483
-1521
837
800
-614
541
-220
-407
1667
64
1875
552
44
-1340
679
-142
-588
495
1324
77
42
724
-1059
-177
973
-92
-180
341
466
317
650
1098
637
-33
-133
-245
272
1629
601
102
1456
-31
46
-63
358
251
-121
-175
-212
-1579
972
358
2191
1188
-294
-191
-446
-356
-930
-434
262
1190
617
156
817
231
513
1006
415
-236
-486
-187
-127
-277
-1166
1503
2548
-545
521
-1255
689
1118
2512
212
-671
-956
-729
-148
993
-369
727
1691
643
117
595
-27
81
219
120
-575
-292
-648
-323
257
-312
707
521
654
53
-665
-706
1353
727
-864
-413
975
290
-88
-263
27
1037
-181
624
1221
1104
760
-655
-490
-574
-331
-725
74
-189
-367
-229
684
-377
-565
-523
-2219
-1225
32
198
-101
-473
-907
-504
767
994
704
728
165
165
1181
1758
-793
1693
-1640
89
324
-527
236
-532
2281
-129
60
338
373
-101
38
84
-322
-103
783
-551
-1028
-923
-476
-243
-688
-789
255
1515
246
584
188
-81
1047
644
-491
-558
-507
-263
-869
-313
537
858
438
255
-776
-9
355
328
671
1181
-655
1558
-95
-113
732
1272
951
-104
1421
533
-131
802
2930
-328
-256
-205
-702
-572
-1166
-74
489
406
676
1254
554
1157
-459
-948
-518
-505
1104
-415
-555
-1387
-365
-607
-495
-340
-154
-989
-207
345
-675
352
99
-200
-175
856
1343
887
49
-993
170
-247
-353
-290
-453
-579
271
-677
942
857
1550
106
-840
-87
728
-467
1343
-883
-720
-695
-626
-552
-593
-631
-457
55
-935
244
728
577
789
-162
136
-750
-883
-1128
-1083
-427
-58
-89
-372
-438
-252
-379
-763
-364
-37
1381
96
810
153
-343
611
-33
935
-666
-533
489
-569
-322
877
-484
-354
1060
-420
55
824
726
3600
531
-419
-567
-419
383
-1133
349
385
1636
-240
704
396
-732
422
-498
321
1077
2557
693
-310
135
-277
-71
63
99
851
-408
54
407
-586
-538
-376
-635
-422
-268
90
-88
-159
1801
40
306
-61
-47
46
116
1760
-478
1099
784
-392
-1238
-722
-184
-82
-209
-201
-540
-357
-231
-360
-262
481
708
489
-32
-1365
-176
1039
600
977
-53
440
1232
-654
-699
1340
-515
-817
1390
88
-528
281
-179
2498
-171
-122
741
151
291
-36
523
-440
201
-376
-438
-749
-558
-362
856
1344
391
-398
-683
564
-857
-872
73
-348
-391
312
788
117
1025
467
1012
439
-391
-516
2745
900
-1634
215
1450
-1100
-365
1477
184
-587
1185
113
-738
-619
-626
22
266
-23
-274
-616
-171
-213
-541
-188
-510
-519
-650
-274
-918
-15
1089
1667
1100
-691
-1669
-689
-749
485
-700
-496
-603
-330
-1026
-71
-780
-529
-656
-604
-466
-192
-510
219
-2
-48
1505
612
-1793
1192
-493
-529
-259
-994
-381
210
1580
337
-218
-719
-128
1769
-725
1393
999
507
948
268
-1322
-201
-540
-421
-731
-848
-897
514
-392
386
741
76
-837
160
-105
527
233
723
1201
803
325
-48
317
-564
-695
-718
-475
-785
-446
-152
212
26
1002
-1438
-40
1959
-775
61
667
-452
811
544
-826
345
643
1545
260
-630
-792
-684
-410
2301
156
-1151
833
-1475
-843
-1442
-689
79
1942
10
371
-43
65
963
33
547
261
981
1139
22
1659
447
1438
683
-41
1211
-794
-152
-7
-377
237
-118
-1127
-264
-845
713
-862
-627
-407
-697
-1409
-31
1477
22
-137
-213
1536
58
-1263
325
-257
-73
1742
-1178
-932
165
1042
-253
796
539
606
42
686
-40
63
626
250
-682
-1295
-472
266
-493
-285
-215
-802
-262
-254
1696
421
-367
-828
-627
-374
-688
-182
-620
-1308
-601
-486
-305
-232
651
1167
579
33
-105
515
-96
-622
28
-935
-32
1940
1122
853
-136
450
2349
-963
-832
-342
3
-236
-505
100
497
-888
139
1325
685
1324
297
451
-339
470
964
-369
164
39
-130
1356
469
-211
-1586
1475
-1093
-572
-777
-1026
838
-167
-536
777
71
-659
1646
-249
-1322
-304
-590
64
-276
1144
1301
-73
-110
343
1521
899
-1262
868
-468
-890
-515
-434
-461
-290
-90
-227
-458
-922
-357
-431
-496
-381
949
-486
-365
1807
-449
-1005
188
-45
-87
-704
2608
-113
471
-386
1226
-781
-778
-600
-888
-104
1149
-988
-462
1341
-148
-234
-170
-502
-1321
-326
-852
-61
-892
677
319
628
497
861
501
1026
1088
842
-791
-1040
-838
-472
-398
-514
12
67
20
-608
-233
-684
497
666
474
-111
-1041
-81
-69
1856
-131
-519
-784
-36
674
2123
1212
-149
-1536
724
-53
95
-251
-1026
-185
1201
-1147
-19
1296
808
995
-340
2329
-237
656
-514
-786
210
197
-292
-446
1210
126
-664
1259
190
-1201
-281
-654
-492
-1241
3241
-1106
-452
-285
-426
-616
1778
-293
-1164
676
326
-284
-766
-750
-385
-243
-459
-352
-232
-245
460
1359
358
-83
-1527
2314
-702
272
1463
-364
183
-877
1005
-647
-550
1365
-290
-782
496
185
118
-463
-252
1395
-865
2290
599
1347
-71
-577
1453
-653
950
370
-217
-248
-884
-432
-815
90
-1084
-307
169
1614
661
45
1318
804
