-315
-107
310
-517
-89
166
-1288
-452
1936
-613
-252
-635
-452
-503
-348
211
-10
763
1677
-1711
-980
-933
775
-250
-185
-390
-1106
698
-128
192
-404
-1015
1877
120
939
599
1095
16
-1030
1502
-493
-935
19
173
-118
993
-480
-678
-97
847
366
412
922
-96
-345
-263
-922
18
-257
6
-359
-212
-1202
888
447
-146
-342
-792
9
-1017
123
1466
1037
1034
999
722
1534
-420
165
2407
427
-837
-555
-669
-361
-260
-334
-732
-33
-730
622
-893
445
-148
2230
-1444
190
-1130
557
-847
-487
-814
-296
39
-525
839
1734
339
67
-500
91
35
-51
1883
-80
-530
311
-531
90
755
-339
-620
702
-420
-7
1155
-1048
-1935
-636
-101
5248
-791
-56
-371
-65
1590
858
-704
1502
-918
-825
13
68
-163
-346
928
206
-64
1835
462
75
29
434
942
1482
148
405
-1182
80
-5
-737
878
122
3
191
1121
-847
-310
1046
514
227
-664
641
144
2736
-1716
-271
-1284
612
517
398
-6
-420
1090
852
541
-299
90
-465
-926
-1222
-132
-844
537
-1485
-885
-488
1289
27
2285
-199
-927
-428
-641
-574
-362
-965
-1078
-310
-412
-1476
2475
-1080
-1086
905
-957
-185
126
605
-647
-40
1412
-502
22
-124
-721
-302
-338
-1232
635
-138
-139
1324
823
680
1189
905
-145
-911
-4
-375
42
-523
-631
-1043
-479
-794
-229
-937
-671
832
-739
494
1182
1455
713
-1003
-501
-302
-477
958
1350
370
-1682
1053
-972
-10
777
72
-665
-446
-437
1077
-58
-147
1723
127
-403
620
1585
852
275
665
1832
231
-237
757
1288
-473
28
1594
-1236
1317
-965
279
-432
-308
19
-130
269
1855
-900
313
-74
-278
-554
562
1029
496
181
-1086
1367
1179
-624
-433
452
1868
602
33
-776
-160
-170
105
-278
18
0
108
-732
-545
-816
647
2028
192
-515
-390
-334
-921
-775
-966
-190
1538
-17
-180
1989
864
-234
2065
92
-293
1306
266
876
669
-50
2405
508
-684
288
-1065
-437
52
-361
-420
408
-352
192
721
759
-47
-105
-817
-516
-185
-58
661
164
1729
848
-383
-494
-343
1214
-251
1407
-17
-802
-194
-563
99
-25
-363
-1442
-100
-723
-1007
-729
360
-5
-1004
1063
-876
-577
701
508
-815
272
1338
399
-144
1327
110
1
31
-167
-96
-1628
-102
194
-899
350
-362
2755
-783
329
-194
-359
1551
1740
-1070
936
1259
156
-1387
-447
-707
-605
420
-529
-526
512
24
148
2437
170
52
947
206
-447
-1260
-332
-107
815
-258
379
454
44
382
1472
281
-23
194
1237
-991
258
1924
797
155
-571
-138
-160
-332
42
172
-154
173
1712
217
32
-692
77
-45
-1225
5
823
2135
523
-345
134
-404
-775
2060
-1659
-468
119
-185
-167
-193
-44
-898
-1009
2294
-281
-472
683
409
615
-93
262
2374
257
-235
1046
374
-528
643
69
1727
-120
1709
503
685
627
281
314
-65
-10
-902
27
736
944
781
-569
-446
-452
-333
-565
-401
-418
-134
-113
410
-292
205
1154
1956
155
191
32
315
-374
-286
-263
-398
-428
-383
-235
-174
-284
2201
678
-802
91
754
-813
6
-377
-463
903
-101
-923
768
1130
-683
228
-255
-92
2406
-164
-518
476
-1339
147
121
612
-189
200
-1607
147
1008
-980
95
-240
1442
1041
-185
-1361
-624
312
-2
548
1169
492
520
697
2510
493
-537
-437
122
-622
386
-382
-437
-65
-157
-465
-1045
-946
691
1295
706
-1071
46
-1022
-456
577
-906
-287
64
-36
-268
159
300
206
238
-625
1629
-687
-421
962
-763
-259
1341
139
1091
599
927
-187
1595
-668
1435
1597
-75
2423
89
-901
-1169
-332
-99
-340
-1553
1946
-536
-545
-438
-83
-962
-483
1158
-695
18
-310
-892
109
-176
-922
-968
-602
-386
1176
-777
-552
13
-828
-880
-61
1713
-407
417
63
-698
-519
908
112
2326
619
346
1904
1156
880
-262
886
-465
-162
-558
-286
-171
-827
221
1648
-106
1115
816
-317
1239
1306
-524
6
-637
-554
-314
-365
-154
-278
55
-313
785
1043
647
713
-213
924
1424
371
1091
585
416
351
865
-280
-560
-349
-828
-422
-371
-957
-13
17
1852
26
-130
-439
-168
13
63
-7
-950
1814
-865
-519
465
-470
-196
-627
-179
-407
-72
-372
1100
480
559
-537
-518
-705
-361
-520
-390
33
-2
-327
-224
-519
-477
225
-96
1132
1076
-617
1091
1239
536
-553
-360
147
-467
-347
-256
-414
-525
112
-512
-915
-508
1897
-765
1624
207
-765
132
17
-829
977
1024
1384
-257
-1051
169
-1265
458
94
-788
-421
55
2175
-146
110
1013
-159
999
1195
365
759
-1130
1513
-428
586
-572
-1095
1897
103
-479
-528
1229
-2
-316
-170
132
1473
47
-162
678
-160
685
1309
556
-289
-106
-294
37
-1191
-221
1342
947
1077
-371
-709
-501
-466
-81
-281
-298
-872
-476
457
2282
369
-373
-802
91
38
-194
347
-96
-787
-222
-148
-104
-308
-867
-647
-861
-678
-1036
474
597
1772
-225
698
46
860
-631
303
718
-482
-217
177
-1240
190
1404
-240
694
-676
1391
763
-1533
1801
-536
-565
-495
-1282
-59
-1236
3304
-2460
-1005
-274
612
-71
-536
-98
1941
-1355
689
577
-43
-298
-172
184
-357
-441
2589
-126
-389
-334
-139
-176
-30
1383
1194
502
751
106
820
774
132
-561
-24
-439
-557
-285
-372
-209
-217
-499
-559
864
830
-1838
1699
10
-249
444
-116
-225
-163
138
2172
203
-168
-412
-70
84
59
-530
-360
1007
-1336
-190
-737
-656
-804
908
-838
-1202
956
-1189
-709
-1088
-549
-433
-135
1361
-385
-387
184
-379
-332
-454
415
-417
-259
1820
-1470
-323
104
-85
-208
-317
-516
-132
1073
-632
88
1905
-961
-383
632
2666
995
119
-260
-85
-934
374
-1356
273
-1185
-290
-881
216
-754
1309
723
-582
-401
-771
1048
501
-2557
1795
-200
-294
444
614
-232
-535
-472
-382
451
-602
-1064
1944
95
-1046
-1020
-398
1088
-211
-1111
-533
1417
-808
-361
-522
2180
442
-895
-360
-362
364
-855
-790
146
1172
-634
1920
-217
-518
266
154
-237
-303
-1201
226
2299
-889
-854
609
826
95
1616
412
-1776
1833
130
-250
107
1176
482
930
-59
49
-94
-1004
-206
-704
-277
545
241
809
510
-110
927
887
-674
-291
-75
-229
-596
-599
440
-389
-254
565
244
1757
533
92
-863
-48
-38
-212
146
-415
285
1321
-1297
-567
154
-494
-211
-668
278
2672
266
16
-1470
130
-24
-342
-14
-787
523
-1125
-278
-650
-795
211
2720
486
-403
-245
-517
-375
-385
-427
-188
-329
-182
348
599
329
-27
622
340
10
264
147
-414
-424
-626
-698
-1046
-941
682
2317
548
658
1530
775
-463
-682
-501
-227
-111
-453
-278
14
481
-95
-410
-788
-1245
1848
830
-184
1197
328
1290
-1071
1759
-274
-788
345
271
-1175
234
-358
298
-164
-202
2433
-198
-155
24
678
84
-1605
1284
-1052
-541
-337
296
523
-763
186
1173
1764
-232
451
1773
-215
-870
1419
858
25
-600
283
395
-481
497
-206
-185
1214
96
-1208
1188
-463
-458
-816
-1116
-825
-859
693
-655
-718
-521
-699
94
2298
1129
-277
-394
118
-216
-241
-243
1084
965
747
446
1133
671
621
252
207
-516
-424
-112
1556
-708
-489
1482
-844
-397
-443
-463
-361
-609
-88
-751
-340
-702
-393
357
-821
-918
-619
533
-990
-845
-18
-763
118
-496
-106
1752
226
492
594
67
1785
-986
-1037
865
-472
2081
-752
2274
1171
-103
-81
-323
182
235
149
548
792
1163
742
-535
-696
-696
-619
-100
-410
334
575
502
-94
-814
99
1718
-931
1535
-291
-801
-427
119
172
201
342
865
627
-205
-673
-123
331
1585
253
715
-996
1481
419
-1119
682
2329
542
-1893
126
590
-883
-1145
-1071
1652
-1191
1856
-89
-366
-414
233
-473
-888
-639
457
-992
-401
1909
-1493
-159
361
645
-214
-1758
731
804
-381
-780
-656
915
-435
-619
-809
-159
-1235
-726
447
-94
-658
-625
-540
1045
-993
2025
1250
-1122
-680
343
-41
-841
71
971
-133
160
1726
-15
-192
-85
-59
1062
-112
-322
-1262
874
355
-389
-1152
-487
-58
-105
-103
-159
1612
-169
-91
21
-103
474
-875
67
796
202
-215
778
1142
1037
-663
-754
-778
-39
550
-156
-697
-947
-633
-662
2636
1399
-1447
233
7
-311
-8
173
-325
-238
381
-582
-148
1489
-294
47
249
279
2405
168
-307
-144
-503
-787
-572
-554
838
951
747
-90
-726
-136
-610
-334
-482
-375
-272
591
-1810
532
1272
-662
-60
736
-224
-441
-5
-168
1180
-47
243
839
275
54
211
-973
1915
674
-1301
506
-2
-1179
1201
-808
538
-571
4331
843
40
-995
-232
781
526
-18
982
399
-42
199
-390
-427
72
-807
-490
-1365
361
-1547
-166
-666
-151
-729
1317
-1683
-1502
2917
1981
-431
-1016
1885
-1742
1207
-1389
-13
-582
73
683
1283
563
-492
-134
-1238
-1037
-187
1875
-405
-3
-575
-278
-419
-222
-413
-489
-370
43
-464
-14
-709
-732
-786
-856
-498
-707
-834
-369
-820
-513
2530
2015
-1367
-490
-856
845
-200
-368
1368
407
-305
751
-1227
1139
237
365
452
-440
-1850
-316
-459
1423
-1182
570
549
-478
-224
-1434
48
-792
896
-1107
-627
-451
-465
1130
362
2033
966
-3045
1145
-638
-1088
-656
977
631
929
-199
-292
7
-550
-803
-410
-430
-596
-307
147
-614
316
1101
766
825
1024
449
-254
1691
-448
-462
-75
38
-183
679
553
729
119
714
217
101
-298
69
-845
293
1202
-240
-821
846
-543
-366
1048
-731
-478
-530
468
132
-1369
-750
-401
-606
-123
799
-417
-12
2590
-107
-338
260
-363
1062
161
34
923
-111
-568
849
-667
-470
934
1329
1289
-504
1144
-656
973
2220
84
906
496
1005
106
736
228
695
295
519
-570
-521
-517
-844
872
-779
-910
-926
-668
-427
1310
1177
-475
-164
-544
-438
-280
-115
-424
-908
-349
-887
1705
-1189
379
-630
-405
986
839
1510
-738
-15
-126
-610
-71
384
380
-42
180
924
2281
876
234
-410
530
-784
31
-1016
29
1787
1165
-47
510
-112
939
374
984
-588
1067
1763
24
303
182
-295
-260
80
-108
-216
-127
1504
-2050
1843
-118
-692
-152
588
1146
-708
1968
-797
-724
-51
-1083
2145
77
-251
-949
285
-111
701
-729
843
-120
-271
-2
-247
-784
-167
1748
155
878
-1670
-11
-213
-847
-462
-688
-107
-548
-780
-458
979
1795
883
652
-1226
739
1076
91
-1099
784
114
-708
360
22
-223
-1600
342
2371
-1100
541
-1113
980
1223
-925
375
-238
554
364
4453
-466
-351
-705
-172
-360
269
-285
-657
1429
-882
-82
911
67
-442
-983
-380
-952
-278
-308
-573
-884
-242
-383
-712
-419
-46
-1364
-302
-73
917
678
-582
1506
1197
-183
-1056
907
153
-653
-1180
-456
-294
-121
-168
-437
-246
-91
-114
-433
837
1713
813
-71
-400
-180
13
-242
94
210
-492
-143
-231
356
-141
20
1956
28
171
846
269
-70
47
-22
585
748
655
-553
-702
785
603
-1335
1379
482
-798
-956
146
343
1169
-545
-74
1710
133
-217
189
271
-108
-153
651
986
-314
113
-83
18
415
977
317
-354
-47
-270
-234
-212
-213
79
-664
-374
1649
-675
-581
841
-37
-306
130
-913
-17
496
-924
550
888
1291
960
156
350
157
432
1404
1047
-189
-479
-25
-27
-614
23
1592
-740
783
550
678
8
36
-455
-869
-667
1454
908
-1711
1392
622
-1050
-320
330
-323
-361
156
-460
-706
-595
-81
-74
73
-72
1672
-211
465
140
-184
96
-1358
-473
-696
359
206
-1151
1457
1462
1138
126
-683
635
-340
-569
-48
32
438
-867
-372
-389
342
-666
1020
602
-30
1189
-232
-650
-375
-617
-150
-692
-564
-13
-502
-53
361
-335
-132
-455
-76
994
941
891
1041
-185
923
-730
1567
-306
-783
-662
-777
-336
-528
-665
600
-645
-475
1416
1388
-850
-793
261
1918
-239
-923
672
-82
-640
-905
467
132
631
1561
-1277
1464
353
-699
85
-138
329
401
-465
158
1450
1102
45
646
-636
-891
-829
1353
111
645
-1283
-392
-695
685
-421
222
691
-1357
1720
-276
543
449
62
-132
-384
120
1412
-268
-231
437
754
-229
188
1702
-359
-553
1028
-809
-781
-589
-1365
302
439
-1389
776
-924
844
-409
-1043
-11
-951
3
-192
-806
-392
-728
-379
-450
-729
234
-851
821
-459
807
-1038
2136
-1009
529
-19
-507
1616
-145
-1346
520
-58
-469
-366
768
-596
-911
766
-957
-479
-1187
-549
634
1763
766
109
-1060
468
-268
-689
-205
-1064
590
653
-1001
652
262
-1021
-357
379
1302
-878
-506
794
-1028
-303
-806
-356
-558
-404
-442
-232
52
-200
82
-345
-539
-252
955
482
530
-9
826
1618
45
191
306
1007
-1111
-519
1377
-344
-1554
473
148
-203
-564
-637
-466
-303
23
-128
633
576
221
