-385
-15
209
161
-136
-437
-612
252
241
31
25
604
-615
-648
-110
-344
38
-269
-66
-12
417
-432
-219
-334
110
698
-191
-509
450
504
832
-305
-431
-364
148
58
318
314
949
-79
-84
-162
-132
-548
-367
765
-527
-481
280
268
-262
-370
-241
676
204
349
757
158
-209
78
-19
-251
852
258
733
-90
818
-501
424
155
500
639
-395
-464
-758
554
322
530
-829
58
177
-354
55
-855
-372
-825
152
119
-642
-83
505
-653
-431
1
-464
605
-152
913
-597
26
320
263
-220
169
341
-364
-404
584
-733
-476
59
-22
-310
-694
-370
-88
204
685
670
311
-579
220
-189
255
-358
769
264
424
637
-450
691
196
-411
37
-347
328
-117
-617
-536
-969
-48
223
-542
-198
-81
-301
534
69
345
-199
-17
-39
-470
512
213
310
238
159
-421
632
494
-753
172
103
280
115
773
191
-604
-573
-277
40
-4
378
728
12
-142
260
13
123
318
-425
-730
0
540
901
-735
203
-857
591
158
674
-733
-488
-697
317
132
635
-6
-546
334
236
-31
-803
-237
-128
-625
-336
-231
68
-156
-584
667
-221
-437
-626
-59
269
148
-237
119
378
-204
694
-140
433
223
15
574
559
-595
-815
-362
353
607
192
533
133
-489
742
676
112
286
62
-19
57
291
-197
87
-446
-757
-1283
538
110
-226
-294
