468
579
-292
506
-320
56
380
-193
390
394
443
711
-71
121
471
764
295
561
474
-636
50
363
174
271
3
625
-527
484
-116
75
506
276
-284
-483
84
-58
29
48
621
684
256
605
401
-319
576
142
360
-93
-439
286
26
-211
196
-880
281
774
367
481
218
420
-1125
-148
98
999
-471
332
-149
309
640
535
279
454
161
238
522
83
-58
112
530
231
431
185
452
-350
323
852
-627
381
208
82
551
268
484
822
212
379
151
244
525
-377
720
-74
-276
-659
-60
504
-55
391
-83
40
430
223
423
402
57
431
-229
601
296
914
702
631
200
751
-586
-158
508
793
-453
383
642
-434
-192
-234
479
356
-131
414
386
335
-26
337
-469
-572
280
61
-286
278
644
-107
433
255
410
75
141
248
425
628
-96
100
710
148
739
236
290
329
346
135
674
-455
433
139
110
452
169
88
-361
-307
-130
247
726
-199
585
-117
-322
533
369
443
68
34
235
238
532
-118
635
169
-222
491
-425
125
624
-47
-206
233
-8
-524
330
522
161
418
-318
-433
-484
519
178
643
-57
1255
317
-36
-217
-126
-1033
595
146
-106
-212
392
603
-615
76
661
-35
214
194
-238
-164
301
8
409
-343
219
-220
263
-429
-116
175
98
294
444
402
337
-583
175
-299
455
