7
-502
-294
-537
446
1220
1540
6
141
178
191
-527
78
-302
-211
311
191
40
1766
-391
-164
-1018
-237
-171
79
10
425
-277
343
695
613
283
1484
-468
240
647
-346
-341
-166
-48
358
-540
1319
-101
-264
306
172
-96
28
-714
699
-119
-726
-100
-456
1529
-68
-491
-620
1129
184
1326
884
-196
-546
-70
-317
-81
287
-135
273
-76
539
28
-2
-226
-624
-213
-3
-288
-79
-240
-347
-48
143
9
-59
-550
32
-189
-456
-456
127
579
-126
128
-90
289
-505
273
-33
109
368
-95
558
-140
-197
60
291
66
-140
182
-449
-354
76
373
-284
-31
1372
-998
-777
41
86
-708
-362
-371
-44
-281
392
154
1909
544
-121
731
20
-175
-470
434
344
-49
-1145
-47
269
-278
-41
466
-469
32
109
-261
142
-551
-110
-556
-131
-302
113
833
-37
1271
139
-120
-75
36
126
108
499
71
-158
-330
837
20
-43
-334
-351
296
446
-46
-103
42
-168
-241
42
77
-692
82
-205
-236
-131
148
-23
-158
321
894
224
-64
80
-407
1438
-13
-77
-212
-13
761
-167
152
-156
-140
-178
408
38
-151
262
-11
-271
83
-166
411
986
-478
68
463
-252
-120
-79
-99
310
-202
126
101
682
172
-235
388
-463
364
149
-207
179
-759
707
355
66
-440
-79
299
586
-275
1
432
-223
-2
77
-391
9
-412
