72546
-35189
-54759
-101956
15686
-2358
-263998
4573
-429573
-242229
-288995
-13245
48876
-102121
-226844
-10767
176962
-112173
-34656
31958
12121
-149408
-237884
-68498
-387196
-71263
299488
-196624
-355982
87432
-113446
-112992
-33210
-226961
-203349
195310
-149544
-185141
-223066
81704
404377
-58772
-128265
-428246
130708
-234073
48514
-33303
270632
-253550
-536355
-108916
90137
-164530
-23283
130831
79630
-73625
-461116
120687
200883
57614
-144995
-106213
-29062
71406
-412099
-293222
211985
179496
-176472
-202801
-503767
83155
-78628
13278
154889
-24874
-65671
-105594
-36122
-555215
22428
60143
71039
98986
-189583
-260134
-30390
117899
-10681
-121309
-186517
84011
78008
23507
-118597
83689
-198085
-40374
-68042
-176792
-208282
-87717
97801
-93014
-50778
-145584
-52901
-122628
-560192
-362280
-93366
-305620
28025
-307960
310624
-106702
162414
201570
-21593
-217532
-61396
-71044
-361366
-63554
-365623
21709
24726
14379
205584
-183621
102172
272639
-306927
55872
-55257
45600
-30749
-106029
-79109
-31952
44723
20293
-168535
-169289
-63623
-278079
-81944
-187332
-165428
-244866
-63347
68828
99074
-93915
281057
-129329
-130154
-5034
-78366
33875
15205
-283949
-146274
-19363
-135292
-128055
-253795
80190
-127477
-58203
111775
84465
-151663
-155454
135116
188425
103737
-122833
-132902
23964
-219445
162539
-71024
170959
29424
-294899
-314665
-58293
-483056
-41919
-197029
-73105
-17112
69441
99474
157126
37235
-426982
-71287
84595
-187371
97854
-126871
73406
-124831
-231533
-317028
-280069
54931
34067
252260
35495
-145164
-190616
-390698
121047
-183373
-77817
-158308
175568
-97743
-253868
-112630
-311754
-96929
-27419
-141842
137895
-126839
171922
200276
13672
64552
-243945
119638
-96044
-131486
-301173
57477
-23046
-193671
-269045
-137048
393249
-18970
267800
-101510
-32079
226210
-223058
-51838
-211515
-297543
50505
