3
-11
-7
20
20
-34
-29
-13
-13
55
22
20
-21
-4
29
15
11
16
0
-2
-2
-1
23
-9
-14
-19
-12
5
6
-22
-29
0
-12
-10
-4
-14
44
-7
-17
-30
-24
14
0
9
-10
-17
49
-4
11
63
-6
-27
21
20
-42
6
-48
20
-19
-12
-14
11
-27
0
38
-6
11
-15
6
17
114
21
-20
-13
85
40
11
61
-101
-110
-27
10
-42
24
78
-8
79
29
37
85
-22
-31
12
-20
-85
20
35
17
35
41
2
-95
11
10
25
0
-9
61
67
1
-58
-66
-20
12
24
29
49
10
27
-24
32
49
-10
19
33
-35
79
-37
38
-104
13
-13
24
-5
42
-3
3
-7
-13
-78
0
-32
-62
-25
-73
-9
1
15
39
15
-55
33
34
-27
45
12
34
1
37
-2
43
11
-7
70
48
5
-74
-1
-8
-81
-78
-19
-6
1
-7
-72
-61
21
-11
-31
-5
-39
-9
12
-35
-49
-28
-41
4
-4
-15
20
-23
-3
20
-15
16
56
47
58
-27
53
5
-47
8
66
-1
6
-18
-44
50
33
-11
-15
-23
94
28
-37
28
-27
43
24
-46
-55
-7
-16
25
23
27
32
-34
-65
-38
-14
18
25
-18
11
-79
8
-25
30
-24
-22
-19
-43
-75
49
-61
14
-11
38
0
-61
34
-73
-50
-15
-6
36
-21
5
11
-17
10
28
-9
-15
-1
-8
26
24
-20
15
31
-20
21
-23
22
8
32
-54
-34
-41
18
-18
-65
28
-25
-12
2
-1
7
-25
-39
-48
5
5
-8
37
16
0
-45
47
-34
26
5
-67
2
-101
30
22
-44
32
-39
6
-21
18
23
-11
-10
-67
43
37
-17
32
-15
-16
39
15
35
-43
62
-8
-3
12
30
21
-23
-11
-12
-25
59
-11
-37
30
-48
10
87
13
-22
-11
-17
-21
17
90
-28
-29
54
38
4
2
-18
-4
-14
0
-50
-18
-2
21
16
-26
-8
-4
33
25
-29
59
-3
31
-5
-8
-24
8
-7
6
-5
37
-3
-28
5
-11
20
-7
-2
-4
-22
8
10
-11
11
-1
-40
31
14
-32
8
4
55
-25
0
-33
2
-9
17
20
-37
-7
7
-20
-11
20
3
-17
-22
13
-8
-8
26
8
-30
-22
28
8
-15
-8
23
-38
-8
3
-15
25
28
60
0
8
-8
13
51
19
-70
-3
-92
-26
-9
-10
-6
0
14
5
129
80
-35
9
2
-4
23
42
-26
10
1
29
-63
-7
-31
-21
90
-19
-20
-68
-24
-5
56
12
59
-24
16
5
-22
9
62
-43
32
29
24
-1
-32
13
-45
8
-37
27
77
15
-43
-34
-2
3
1
61
43
-10
-12
-11
36
33
54
-36
22
5
38
-20
5
-31
-19
-2
-16
-3
23
2
-20
41
1
-12
18
13
-9
21
-28
39
5
-32
-2
17
-15
-24
31
-12
13
-11
-33
44
-14
-6
-6
-23
22
45
-22
0
6
38
-18
3
24
-52
6
32
-1
11
-4
34
7
12
-40
25
-14
-45
-2
-11
-15
12
-8
21
-7
-15
-15
-2
7
-1
-23
-12
13
-18
-18
-10
3
-17
11
8
-9
-5
13
-19
-27
-54
9
-20
8
-11
13
-43
18
-11
-39
-7
-15
-11
13
-18
-8
5
16
-27
47
34
-26
13
-15
5
-39
14
34
10
-2
2
-17
9
4
-5
-40
27
21
6
48
22
12
-82
37
0
5
-2
28
24
59
70
-24
-17
42
37
-27
20
-33
-19
-56
-25
-30
-5
-2
-44
-23
37
-46
39
47
-3
28
0
-92
24
-47
9
-8
12
123
39
-28
11
14
-116
-11
85
24
-13
-16
-49
-19
14
-24
62
-2
53
-19
-42
9
-6
-2
-7
-11
13
-34
21
15
1
2
3
3
7
18
-10
-1
-26
5
11
-10
0
20
11
6
11
18
-12
-11
31
-16
-6
19
-3
-17
-6
-10
8
11
32
-5
14
-4
1
-5
8
14
1
14
-8
-3
32
19
7
29
22
1
10
-5
7
1
-16
-13
-2
21
-22
-19
21
-6
-21
-24
0
-13
-42
35
-5
16
8
-36
-9
-3
19
11
-21
4
6
13
16
18
-6
-40
27
-7
-14
-5
-5
-18
0
11
-18
5
-11
-1
-1
-11
23
-15
0
7
-19
11
10
-2
-10
-3
-1
7
28
-31
-6
-4
19
-11
-18
8
-1
-12
-10
-11
3
18
14
7
-1
-7
-3
6
7
-9
8
-39
-14
-14
25
-12
-13
-22
-14
4
10
3
3
-10
-7
0
-16
-18
18
-2
4
-2
-19
5
0
20
-8
1
-17
-12
9
-8
12
19
-12
0
38
7
-8
-33
-9
1
-6
25
0
-21
20
15
7
4
-24
-27
10
5
53
30
38
-41
4
26
46
55
-4
47
-49
-16
86
-53
18
-2
-60
16
26
41
19
29
-68
-36
4
-42
32
40
25
-2
83
30
-31
56
0
3
-6
-23
11
2
-103
-75
-22
23
8
-14
5
55
-75
17
59
35
-38
37
24
23
-52
-18
33
-60
-38
-6
-14
35
-26
24
31
-1
-10
-1
24
7
40
-10
-28
2
0
-2
20
-3
12
-9
-8
-11
4
-8
-4
-15
19
26
-15
9
7
-12
20
-17
-2
8
15
-4
-11
50
17
21
3
-13
18
-21
4
-2
1
-19
-7
-8
-21
-6
-26
42
8
-22
10
4
10
-15
7
-7
-12
-15
-12
-19
-19
13
-30
-5
7
-4
-5
34
-14
-3
37
-12
-20
0
37
-11
-20
-11
-39
26
5
4
0
24
32
9
-20
15
20
11
6
-21
-45
-41
-6
-21
0
-28
-19
-22
-23
0
9
29
15
23
5
17
10
-13
1
-16
-5
-31
-51
15
6
15
4
11
-13
25
21
-50
19
18
-14
15
31
-15
-12
-39
-42
-48
-25
9
-29
-38
20
56
-2
-27
-34
-33
26
1
1
-56
-54
13
37
-24
-33
-84
-23
52
36
-18
-37
11
9
-20
-7
-7
30
8
30
-31
-5
18
6
-1
-19
39
-51
-63
7
21
-10
20
13
-9
23
-5
-35
13
-10
10
28
-11
6
-17
3
-25
7
-14
-6
-6
21
-4
19
9
18
12
1
-4
10
19
16
8
21
15
-6
5
7
6
-1
-10
8
3
7
-14
5
-18
14
-27
14
-15
29
-2
0
7
4
-7
15
2
9
0
17
-3
2
8
-17
19
23
24
-26
-11
-3
-4
16
-13
21
9
5
72
-34
-16
-24
6
6
23
13
49
-23
0
12
6
14
41
19
10
-13
19
-13
0
-17
38
-23
33
10
-25
33
-20
25
12
18
3
-8
-11
-5
-1
21
34
3
21
-21
-17
-9
22
7
6
-18
-17
6
10
1
14
-6
1
49
5
2
-37
0
24
12
-39
-47
-21
-54
-49
-47
-31
-24
23
39
17
29
50
71
-68
39
52
-20
-31
37
-13
-7
46
5
-7
-56
-73
-60
29
37
14
-8
45
-45
4
23
4
53
13
-24
-30
-16
-26
28
-17
-43
-34
4
-44
-14
41
-40
13
36
11
-15
-10
56
26
16
16
8
-29
-3
-19
1
-17
16
-6
26
-13
-21
9
13
13
12
-2
12
-1
-13
21
2
-12
-7
-5
-14
33
15
30
-1
1
5
0
14
-2
7
-18
41
6
21
-12
-19
-11
21
-36
0
-6
14
7
16
-1
7
-12
-15
15
-9
-6
-19
1
-18
11
2
50
46
-55
-46
42
-26
-27
8
-32
92
29
6
35
-45
25
-101
49
-34
-6
-13
-75
57
-2
20
96
-13
-168
28
-41
-56
-68
53
-1
-70
-8
-85
-19
11
-3
-15
-98
40
-66
-22
38
-21
-7
-29
57
44
-101
-70
-55
-112
7
37
79
-36
6
-19
64
12
-21
-42
37
-19
-16
2
-8
7
12
-16
26
-13
-12
-15
-8
22
32
-43
27
-20
-11
8
22
-6
24
27
-33
7
3
-16
13
20
9
-3
4
24
-40
30
-22
-10
-4
-13
23
12
11
4
13
-6
29
-3
-8
-12
6
8
41
-21
-2
8
-9
22
11
9
3
7
13
14
10
-9
-5
-53
-49
-3
-14
18
33
3
17
19
-25
18
-38
-64
40
112
-34
-20
-16
15
22
0
-10
0
-51
17
64
-18
-26
19
26
-15
13
-10
13
36
4
7
61
14
62
-17
25
-41
-1
15
-2
47
10
14
-2
-26
15
-22
36
-23
10
-69
2
3
-53
-2
14
37
6
44
6
-8
0
-42
4
-29
-36
-58
14
-31
-64
18
19
-46
17
64
-36
42
51
-24
-5
20
-7
-18
34
-23
25
-14
3
-26
-23
-23
-38
58
60
-15
-61
25
47
33
26
-56
6
-29
-27
8
-11
-18
-19
-56
-10
-34
35
-55
-24
-18
35
-2
-55
54
-7
23
52
-5
-11
-41
31
-1
39
43
29
56
31
-57
64
68
28
-36
52
-69
23
-1
-25
-32
62
6
-70
7
14
13
-103
28
-8
-32
-38
-55
-56
17
-40
-53
61
-23
-52
-23
-5
5
-112
54
-6
-25
22
3
-20
-23
-12
29
93
-3
24
-141
9
-11
13
-38
-29
-16
0
36
14
18
22
8
-3
-23
20
6
-10
8
5
15
32
6
-17
-5
-7
20
-2
-10
1
-38
-34
-14
-7
-19
-3
20
-17
2
-28
1
-3
22
-9
2
-23
9
5
13
-18
31
22
-46
13
24
-1
17
-16
-13
19
-13
-12
-31
-24
-31
11
5
-21
-21
14
-13
-2
6
-15
-11
19
-31
42
40
2
44
18
27
-42
-1
10
44
-45
-5
-9
29
-9
-10
21
17
6
12
-4
-43
3
13
13
-66
7
41
8
6
-20
17
-19
-19
-3
8
3
14
4
-23
-27
5
6
-17
-37
14
13
-51
-34
-4
3
-14
1
23
-58
-56
4
-2
-54
-39
-9
0
-9
4
21
-12
-4
53
23
-19
-41
16
33
-12
2
-21
44
23
60
-58
65
23
1
-32
14
-68
46
8
-74
-56
-53
-14
54
0
30
36
-28
-34
-9
3
-24
18
0
4
-3
10
22
40
-8
5
7
-41
67
10
-17
-67
14
11
-6
23
-1
7
-19
-10
28
10
32
-16
-7
-6
-10
-43
11
2
24
62
60
53
-3
10
6
20
43
39
-15
43
35
-7
7
22
7
1
-27
9
-44
0
-37
26
24
-4
-89
-42
28
1
38
41
-3
-4
-6
40
1
-18
12
-19
21
-42
-11
-5
22
25
-27
17
-72
32
-29
9
-4
13
-6
-20
-30
-16
8
31
-8
-5
44
-1
-12
7
-15
10
-13
55
-22
28
-24
-13
-8
22
6
-32
-9
9
-9
32
31
-22
38
-26
19
57
-8
20
-38
61
31
-6
12
47
-5
-42
-61
5
-4
9
-27
21
12
-9
-6
3
-15
-26
-3
21
-5
22
-21
12
43
11
-2
4
-12
-14
28
-12
-55
-16
21
-42
33
5
46
42
-2
35
-18
-27
24
-56
-75
36
7
34
27
-7
-9
-9
2
-43
17
5
-49
35
-8
14
57
2
-15
0
-11
8
21
33
-9
57
-48
23
-23
-27
21
51
-8
40
27
16
-41
23
19
5
73
-30
-71
-11
-8
10
-25
15
1
-14
-15
6
15
4
-35
-98
-12
-39
9
8
-45
19
-35
-41
-13
24
-41
15
-12
43
27
14
-13
-126
-22
55
5
31
45
-48
-32
-20
34
29
-31
32
-7
-14
-15
-26
41
61
59
-19
17
14
-40
-37
22
45
9
-21
1
-11
12
15
-22
-3
45
101
14
-24
-67
-85
-27
-32
-5
105
35
10
-10
-25
-14
-6
15
-38
8
-44
13
-12
44
52
12
32
20
52
14
-20
39
-18
3
3
17
-28
-78
13
0
-47
-4
16
14
-33
-24
58
48
40
3
-15
-23
-7
-48
-16
-47
57
-63
-31
39
18
15
8
0
8
-27
-1
-30
0
9
6
14
5
24
15
75
18
2
0
-1
-20
13
-13
8
9
48
-13
36
-1
20
13
4
-8
-13
-35
-21
-11
31
-15
0
-10
20
-28
-2
-7
-4
8
11
-5
10
-15
3
32
-20
10
10
45
38
33
17
-4
14
28
-10
-5
-4
-6
-60
-7
21
22
40
-60
-25
9
-6
-40
6
43
-42
54
19
-2
-29
29
-26
-48
-21
22
5
-25
-39
38
-25
10
37
-40
-14
60
-39
11
38
-30
-21
45
-39
-16
46
-39
-26
-19
-5
13
-26
53
36
-33
-29
48
66
23
74
-23
61
-10
-32
32
66
-4
5
39
-4
20
1
15
7
3
-49
-9
-1
-1
17
-3
25
-9
-19
-47
20
14
-4
1
33
3
19
0
-2
15
-34
-6
25
-1
13
18
-12
-21
-7
17
-16
16
0
2
-15
-1
-12
34
-11
-8
-8
32
-9
2
25
-6
11
-20
-14
18
-18
37
3
-11
8
12
6
13
5
21
-7
-8
13
24
3
37
-5
3
11
38
23
26
12
-16
-20
1
-10
-10
17
14
19
11
-30
-35
-5
14
16
-5
1
-5
2
0
-3
-10
30
19
2
38
-11
-32
7
-17
-22
-2
-16
21
-1
-7
-8
3
-5
-1
14
-19
-49
35
-44
-25
11
-19
36
17
66
8
21
17
-12
32
-47
9
8
86
9
-79
-52
1
-59
31
20
-39
-39
39
8
-15
32
35
-52
29
-46
25
47
32
-25
-52
36
-10
79
48
12
87
55
-40
-37
-47
-23
-35
10
-20
6
58
29
16
-45
8
52
53
31
-17
-3
-9
-20
-18
39
-83
26
-39
-2
-15
-25
1
-35
-2
34
-5
30
12
-17
-13
16
-25
38
14
-11
29
37
-21
-4
-1
-15
30
6
0
39
0
-7
4
-25
-27
-44
-14
6
-30
-13
-26
-20
5
27
8
92
-21
8
-26
-42
3
-12
-13
-24
-49
46
-3
42
-13
12
-50
-8
-17
-15
-23
-17
-31
21
-36
-13
-1
2
0
32
-1
-37
-28
-7
-2
15
-6
-49
-50
-18
0
-1
0
10
-16
-34
27
-23
-38
-13
-11
-6
7
8
33
-40
16
24
-50
-16
15
-66
6
1
6
-11
27
-19
-12
38
5
-31
12
-50
26
26
-6
-5
-29
27
2
33
23
-21
28
-57
17
2
14
-23
0
-16
-14
14
-11
-18
16
-21
24
-19
21
43
36
11
0
-37
-34
31
12
-39
38
7
-43
43
-47
-28
-22
63
-41
17
12
29
-17
14
-20
-20
5
60
-35
-4
42
-20
2
-17
26
-31
21
35
-11
16
-48
-8
9
7
-57
27
-7
1
17
63
8
-35
17
15
41
-41
-46
21
-20
64
-16
4
-4
-30
27
-65
-4
34
-52
-22
9
9
-15
23
-21
34
-8
-48
-21
27
-22
29
-14
-8
-29
47
23
-14
-6
-41
16
-5
5
-37
20
-19
22
27
5
21
36
-42
29
9
-9
-26
-29
11
32
-24
-10
-48
-19
-47
-34
-16
14
27
0
6
3
27
-8
-4
-7
-21
10
-17
-1
9
31
-4
28
-27
-10
-28
14
7
-7
7
-6
32
-17
10
2
28
10
-17
5
26
10
28
-17
21
4
37
-19
-8
-5
24
-8
-12
-26
-8
-5
-7
25
13
5
-26
6
9
-15
11
-9
-28
-9
-10
12
9
28
-5
4
-1
-23
-16
-5
-20
-26
1
-7
-48
16
16
2
7
22
-6
-7
-12
-14
-6
23
19
3
12
-14
2
25
-6
19
32
-27
-22
28
0
-2
-8
12
-22
17
-27
21
-4
7
-35
12
9
22
-51
13
14
17
-25
5
-6
-3
24
15
-10
22
-46
18
-10
-8
-22
-70
67
43
13
45
35
-50
31
43
44
-4
15
47
13
39
-7
-20
17
7
45
76
-39
-15
68
-34
-3
-7
-21
11
28
-72
8
15
5
-29
-10
31
-19
0
-6
9
-30
47
8
-45
20
-21
28
-10
9
0
51
0
-10
74
-56
-48
6
2
-4
47
-9
-13
18
-1
42
1
55
-50
-54
27
36
-4
21
-14
-9
35
29
45
-50
42
9
19
22
-15
43
-10
-10
-6
-28
20
-18
19
-52
-29
5
22
51
23
-49
10
11
-2
-25
16
-4
-7
-11
8
16
25
15
-5
4
-24
22
42
29
-3
43
23
-40
3
31
-9
38
-20
-5
-45
76
-8
21
3
13
-26
5
32
74
-13
-33
31
10
42
35
8
-33
26
32
80
28
-10
-16
-72
68
-34
9
42
-48
-6
25
68
44
-72
47
-35
13
-4
-24
10
12
75
-59
6
35
2
9
-23
10
-41
37
38
31
6
4
16
76
-8
-24
-50
-25
28
7
0
9
-16
-11
-27
30
38
16
13
-9
4
8
49
-18
3
18
16
31
-29
11
1
-52
-16
7
4
-27
14
14
-1
-13
5
13
-50
31
9
-49
-12
7
4
12
28
37
-35
-16
23
-20
29
4
-18
4
-40
-20
23
13
53
-10
28
3
37
-23
4
2
23
-19
-39
-26
-11
-36
-3
12
64
-21
21
-17
-15
18
60
-24
-44
1
-32
39
-20
-31
40
-13
-53
9
-29
8
-8
-10
-34
10
-14
34
-38
52
24
26
-4
-34
-17
26
-15
1
4
-30
32
-19
8
5
-17
52
1
-1
-38
-17
34
-16
4
-6
3
46
11
52
24
20
-29
-7
-20
-6
2
-29
40
-11
-10
-18
-38
-1
9
-6
13
5
2
-14
-17
18
-17
11
-10
20
-44
22
3
-32
5
8
-44
34
25
-15
8
12
0
-9
0
-52
-14
32
-15
30
-6
26
-4
-22
-38
10
-9
-16
-22
-24
-10
0
3
24
-9
16
-31
13
34
22
-1
21
0
6
-60
-9
-21
4
-20
-21
-41
4
72
16
28
-13
41
-10
0
-48
34
2
-26
-48
2
-9
-2
36
14
-38
4
-23
11
8
0
-18
27
39
39
4
29
5
23
-7
17
-8
33
12
-24
-29
-3
46
13
-34
-22
0
-16
-31
-23
38
16
9
-34
-84
21
-17
12
-22
-19
-10
26
21
94
-28
46
49
50
2
-16
10
-25
-50
-14
47
4
-14
-35
26
-56
55
31
14
-53
-28
-25
-14
-50
-26
-13
-26
2
-56
22
-27
5
38
12
31
76
10
-13
20
-44
29
-27
79
-6
7
-34
1
-1
-15
6
-16
-32
-4
-22
-4
6
-72
4
-72
104
-40
-4
6
-8
56
-75
3
-6
28
-33
-62
-26
50
17
7
-33
19
-81
39
-48
-2
9
58
-52
-57
-15
-78
-29
-52
46
-50
-13
-24
16
49
46
-53
18
-2
-18
-12
-20
7
-25
60
60
-45
-1
-1
43
-10
15
1
8
26
-24
-11
-32
13
-28
0
6
-9
17
-5
-23
-5
27
-8
6
15
12
10
3
-34
0
-6
0
12
15
-26
-2
10
15
-10
-11
-2
-11
21
6
-3
5
-1
22
31
39
-4
14
12
-22
7
-21
8
-18
3
9
-12
8
-11
-10
4
11
-7
25
11
15
9
-12
4
33
35
73
-36
-72
-15
-15
21
45
2
-10
-21
22
-58
-45
-10
15
-6
69
-1
-20
15
-32
95
-22
-30
-2
53
95
-58
41
23
2
21
60
-66
4
12
-34
9
24
1
-56
20
23
-60
35
52
12
108
67
-10
49
-10
26
-69
-26
-32
46
28
-10
23
-5
11
-25
-17
7
-7
21
12
18
22
4
3
-4
1
-13
13
18
-40
1
9
-10
19
0
33
-3
-9
11
-15
14
-15
-4
25
3
19
-1
-56
-20
15
16
-8
-20
-33
33
-22
-5
4
1
11
31
6
-9
4
-38
-4
-3
-19
-35
2
-20
34
-20
24
-2
-9
24
-3
-6
7
23
-27
25
23
-2
-14
-24
18
1
-20
-7
-3
28
2
-32
-11
-16
-19
-19
12
8
20
-20
26
9
-15
-21
-18
-16
29
-6
16
-27
-19
-17
-24
15
15
10
0
16
-21
4
-2
3
-13
42
21
11
0
-3
14
29
1
-11
14
-15
-10
-30
4
23
25
12
-27
4
-3
22
40
18
22
0
16
-20
-8
-11
-27
3
-10
69
-11
-12
-53
44
-26
-25
33
0
18
-39
45
-13
2
26
2
-19
15
-70
26
52
44
57
-46
-1
8
1
-4
10
20
13
-26
-45
-43
-21
66
-4
39
-59
65
-17
-14
-23
-41
-10
-9
-16
4
-34
26
-35
-1
-3
-49
-5
68
-4
-23
12
-32
29
-4
-55
-13
-39
15
33
23
-51
-3
24
49
-17
10
-49
0
15
6
3
-17
-7
20
-68
-48
3
-5
-31
-33
-25
38
-18
0
14
33
2
-23
27
21
40
-11
23
39
34
6
19
-29
13
-35
-23
-4
13
-9
-3
10
-5
-23
-5
25
3
-73
32
95
28
-13
37
-7
3
-4
-43
-1
-6
-80
-28
22
69
27
-18
29
-5
-52
41
-2
-11
13
4
46
82
13
72
-29
1
-53
58
-65
53
-1
-28
40
7
25
67
-92
5
31
-18
65
31
-50
30
-57
-8
15
-21
-13
7
-25
-9
-10
-8
-54
12
21
-12
13
-32
-18
10
-6
3
-23
2
8
-8
-19
5
49
4
-21
-45
20
-13
-4
-34
-16
-28
-6
13
-8
-22
19
2
44
-33
2
13
-2
16
0
-16
1
10
34
19
-5
-9
-12
30
-9
4
-14
6
23
32
-19
-12
2
34
34
-28
10
-30
-8
-1
3
10
-19
6
9
9
23
-10
-4
-7
9
-1
15
6
-4
-9
-5
1
-4
-18
-1
2
8
-3
-6
-9
-13
12
-7
8
-21
8
34
-8
-7
-9
3
-2
-2
6
4
8
-3
4
18
7
5
-8
-19
19
0
19
-20
-15
15
8
-2
9
-12
2
-8
-14
-33
3
-11
22
29
-88
-17
5
12
-5
34
32
-34
3
-44
22
2
52
-30
-58
-33
-23
15
39
-32
27
3
23
16
0
-35
40
-11
0
-21
-28
-54
18
-47
9
-15
-24
-35
-90
2
-6
-21
43
48
-18
24
19
-2
6
-13
-18
-48
0
-18
8
26
-20
31
-30
-12
16
6
-23
-48
63
28
-6
20
33
30
39
21
-17
60
67
-2
15
0
-65
21
-26
2
-15
-9
-47
19
36
38
-1
-64
46
-11
3
32
-25
-52
-83
55
-20
-24
21
-32
-5
45
1
-50
77
-40
46
12
-30
-11
-3
13
-46
13
-31
-8
-50
-44
13
25
2
-7
5
1
3
-6
-18
-3
-30
-28
-41
16
21
-24
2
24
-28
1
46
8
54
-6
-11
19
-34
-4
-23
17
25
-10
-24
-14
6
-10
44
-13
0
-10
3
-40
0
-18
12
-15
-19
10
1
32
10
-37
34
15
-26
4
-18
-8
-20
23
-4
10
-34
0
1
-34
3
19
-26
-22
25
-14
0
1
-2
31
15
20
-16
55
-31
10
17
27
-22
-6
-27
26
-22
-27
-3
-20
-14
-7
45
16
-16
-34
-4
17
27
-18
0
19
-4
-21
-1
5
-7
16
-39
34
5
-18
0
-18
-35
9
-27
-3
17
37
7
4
24
20
36
11
-5
-1
-26
39
11
-146
17
-63
15
-33
21
59
59
-24
35
-93
37
52
-12
-42
68
25
35
21
30
3
-16
-29
-64
-5
61
3
30
51
-45
5
43
18
-35
-20
61
10
7
3
47
15
-50
-15
-38
10
4
-1
-13
18
7
-47
8
-24
-46
25
-6
8
-58
13
-20
27
57
3
14
9
4
-6
-16
-1
-8
-10
-1
26
-18
-17
-1
-16
10
-12
-17
-2
32
30
2
24
14
-3
20
1
-3
27
-1
-6
-2
10
-3
9
24
0
0
-22
24
17
-12
-13
14
-3
15
9
-9
9
-21
-30
1
17
1
-2
16
-13
-20
2
5
-6
-9
-13
-21
-25
37
16
-8
73
-61
-9
-26
-49
13
1
-59
47
16
-47
0
13
27
-38
13
-12
-1
-14
-1
-7
-19
-33
20
12
-9
44
-18
-4
42
29
-71
24
0
-50
-20
2
-26
-47
-21
-11
13
-62
6
-15
-8
-5
-33
16
-26
-13
-13
6
49
-12
-10
-38
-13
-40
1
22
9
-8
-14
-30
7
8
-54
3
13
46
-29
30
0
-20
54
-12
56
-29
40
-3
2
-34
-9
-5
-28
0
-20
-4
14
-8
25
-13
28
27
6
-19
-33
-1
59
20
53
8
16
-17
-30
-77
-2
37
-41
19
8
-18
-31
-36
-62
40
-19
44
26
-7
-18
2
22
-51
28
-22
16
35
-1
-34
-44
50
24
-8
4
-107
63
-20
-46
-12
44
25
-41
0
43
44
2
-35
-79
-11
-22
19
-72
9
55
27
38
46
-23
1
13
-8
-5
29
18
28
-14
-14
49
-36
48
-9
-16
-52
-13
-16
-7
-52
-26
-3
40
-39
-25
-17
-72
-33
31
-5
25
-112
-48
22
-8
56
29
66
-9
-34
-34
68
-12
-37
69
35
-3
-10
31
-65
70
-102
62
13
64
-28
-32
38
-38
32
21
-29
15
-66
20
-17
-15
6
13
-28
-40
40
-32
-10
19
-10
11
37
-28
-6
43
-43
-17
-50
-134
-3
7
8
31
23
10
-49
0
-9
-14
6
15
11
-53
4
23
15
27
3
-37
24
1
9
-27
25
-36
-38
12
24
9
25
28
15
-1
-25
-45
-31
-42
-27
-24
-25
-8
-1
30
12
8
-5
-5
25
22
20
25
16
1
-38
-5
9
-1
-1
-3
23
-3
-13
39
-19
26
20
40
-19
-18
7
0
-23
-11
31
-34
21
-50
0
-12
-17
6
-13
-2
8
13
-48
-53
-26
7
25
12
25
26
-9
10
10
6
76
33
16
-32
24
32
10
30
-30
22
-26
25
-4
-16
44
-42
66
14
24
-16
64
2
8
6
25
10
14
23
-34
7
15
-5
-7
14
72
-25
-12
44
-31
-47
21
-49
9
-26
35
-3
0
1
12
5
0
30
-8
31
-40
55
-23
-4
-22
-69
-6
-33
-13
-8
-70
-52
7
31
-47
-1
5
6
51
39
6
3
13
-27
26
36
-5
-5
31
-5
6
14
0
-11
-22
-14
-24
-23
51
25
19
31
-25
-6
-17
-42
-11
1
-21
42
10
46
-5
-7
-3
-44
-5
52
41
23
-50
23
-24
-6
-5
53
-35
33
30
5
49
9
27
-7
8
-3
37
34
11
52
-48
-23
-40
50
95
-13
-48
15
21
26
-46
25
22
6
22
11
29
-18
-49
15
5
-5
-2
-6
-18
-44
-17
60
-95
-1
-77
0
27
15
52
30
7
7
-44
0
33
-27
-29
-19
-65
-5
-12
4
-13
47
-39
23
-22
-7
71
1
-4
22
-69
2
20
10
-5
-25
45
-5
-24
27
2
24
-40
17
20
16
33
-13
-37
30
-27
-41
22
17
-33
0
-29
14
-60
-39
35
-17
-13
-37
-26
-32
-30
-19
-23
7
15
-7
7
-11
23
-9
40
12
-20
1
-12
8
35
-14
-4
16
2
24
10
23
9
38
37
12
-42
5
-21
-12
23
-4
-16
3
18
-37
34
-20
-26
16
-23
-18
2
-15
41
-31
15
3
25
16
35
33
-3
0
-12
16
26
17
-8
-13
-14
-1
-24
-13
-2
8
-10
-16
1
-15
8
22
15
43
24
39
-11
21
10
41
-17
11
12
11
5
-9
-9
3
-8
7
-22
16
5
-3
-3
4
-31
-4
-17
11
-8
-16
44
-2
7
19
-7
-8
22
-34
-12
4
9
-14
-9
-8
-11
-3
23
6
-2
-7
21
2
0
-22
-13
6
-10
28
-54
50
-8
-55
40
13
6
-1
6
28
37
34
9
-2
10
-76
-44
-7
-10
11
91
10
-36
-30
3
-39
14
-23
-33
-77
26
-3
-2
-1
35
-3
-11
-48
-25
-18
-1
-15
-4
1
-19
-49
20
68
-44
-9
-20
-38
14
40
9
66
13
31
-81
19
16
12
-18
-27
22
-30
7
15
15
2
14
-13
17
4
0
-5
-20
-14
40
9
1
-7
10
-11
3
14
-24
-27
8
-10
11
-24
50
-19
-18
14
24
-9
-46
-41
-21
-31
-11
8
35
49
-33
-5
-7
-25
11
4
-27
-2
-13
-3
-1
-18
23
-5
38
-58
-32
25
29
7
10
-11
-19
7
-5
-6
-35
-3
-1
-1
11
17
8
4
11
11
13
6
-3
-50
1
31
-8
-13
1
-9
-12
5
-8
28
-10
-1
-19
-7
-11
-5
0
-12
-14
7
3
-5
-11
-3
-29
-5
26
21
-13
-4
5
-18
-30
4
29
-7
21
7
-9
3
-10
13
3
19
-6
-20
14
-27
-38
-47
-45
15
38
24
17
3
-10
-12
38
16
50
41
-20
-27
50
-9
-5
19
-25
-5
0
27
32
40
3
-41
19
-28
1
70
8
10
-12
17
16
-45
-38
62
-7
1
-56
36
-30
-60
-14
-20
31
47
37
12
1
-36
-15
-42
-19
26
-21
-26
109
0
-35
3
-58
2
46
-6
14
21
57
-30
5
-113
43
86
58
-26
22
21
19
-42
17
23
-38
56
-13
-35
-1
42
-12
-25
-5
23
74
72
9
39
15
1
70
60
-14
52
20
-1
-77
13
-47
54
4
16
0
-86
29
-46
21
-5
24
28
-54
-30
-3
3
-68
15
54
-26
-20
-15
-86
-50
1
-23
-25
-16
15
-8
-32
40
-22
56
18
-7
5
-43
31
-65
-7
-37
25
25
68
-29
-16
-43
25
39
41
44
-24
36
-14
-2
-64
13
26
10
-10
-18
28
0
-38
9
-51
47
34
-59
-51
-43
31
49
-44
5
-26
-41
-54
-47
-33
6
39
-14
-6
-41
5
6
37
15
-22
0
19
-2
-23
4
-8
57
-10
55
3
-32
9
-18
-5
7
-3
29
18
38
21
-4
24
-29
13
33
0
-26
-32
26
13
21
11
-2
15
-48
-4
1
-9
12
-2
9
-17
-13
22
-6
23
-16
17
-24
-4
8
-19
-27
48
-6
16
38
9
16
-22
1
18
14
5
37
-33
-7
26
95
31
5
38
6
-30
45
-49
45
44
-24
-20
-38
-40
14
-18
50
-29
-6
27
-98
9
59
0
14
-25
27
18
-11
-10
5
46
43
-30
-39
14
67
-27
18
-22
-11
4
19
-27
13
26
53
0
11
-19
-108
11
34
34
-85
-64
58
46
-26
-10
81
48
21
89
-35
-33
-49
-11
8
58
-19
9
34
23
-33
-10
77
-73
-32
12
-1
40
-28
34
10
13
64
26
25
-23
14
-32
-14
34
-24
10
-36
30
-37
-26
41
3
-15
-27
72
11
-11
7
-14
-21
-3
15
11
-4
53
-54
-76
15
-3
45
-10
19
-19
12
8
87
7
-32
30
27
-19
-31
-3
21
0
-46
66
-25
60
-23
-14
-46
-22
0
41
-38
35
16
0
-6
6
72
35
-44
21
53
-45
-15
0
81
-4
1
13
-2
30
1
79
-12
-36
15
19
-1
31
-64
26
-14
-18
29
-52
11
24
-13
-21
-46
20
-57
-8
85
56
3
26
13
10
30
59
-2
1
-10
16
64
-13
27
23
31
-16
-12
-70
56
28
17
68
59
12
11
9
-11
40
13
-40
-12
0
-5
-11
-19
36
42
95
-19
-2
31
52
50
46
71
79
-22
14
-52
4
74
35
-13
-18
-24
-9
14
11
60
36
2
-8
24
-24
-8
-63
35
75
14
3
-48
17
30
15
17
11
29
-42
-43
22
38
5
59
-9
6
64
19
-35
-2
-16
27
4
-10
-37
34
-41
13
-10
1
-5
-47
-16
-31
-7
3
11
-4
-96
-4
-6
36
-11
-32
22
-12
-31
14
-23
33
34
3
15
5
-4
-1
0
11
1
-78
-7
-19
4
27
3
-1
-15
3
-31
-2
26
-8
-20
5
-21
-7
32
13
-15
-2
-32
-34
26
23
9
0
-25
9
10
3
12
18
-4
-5
-13
13
5
0
4
40
1
-15
-17
18
5
-7
-28
-4
-24
-12
-26
21
-35
15
6
13
40
25
-45
-3
-11
6
-9
2
-36
-1
4
9
26
-16
18
2
19
8
-33
19
-27
7
-7
-18
1
14
25
-25
17
23
15
-29
9
28
27
17
30
-15
26
8
-12
-20
19
-29
2
-16
-3
-2
-11
16
7
0
31
-30
16
-19
27
0
31
-49
52
-19
-6
0
6
13
-24
-62
4
-11
31
-35
-24
-7
29
-30
41
18
-7
25
13
19
50
23
-6
-5
15
9
28
7
3
-23
-1
30
-31
22
13
25
-57
23
-7
12
59
11
-44
-17
19
6
13
5
22
16
-47
-8
-7
-13
23
24
0
-33
33
5
-9
27
-41
3
6
32
-2
23
-2
27
-3
-37
42
-26
-46
17
20
30
-93
-14
13
41
-6
27
-37
23
-18
30
20
53
-51
16
-23
-42
-45
-109
4
25
-9
30
-18
-60
-35
-9
-23
-15
24
54
10
-78
25
35
-12
-12
51
100
7
6
24
7
63
17
6
5
-14
-18
-8
30
17
17
-47
7
11
-5
-8
12
-7
-36
2
-14
-23
7
15
-22
22
-6
-11
26
26
37
14
4
-23
16
-9
9
-8
12
7
-42
24
-14
-36
26
14
-9
2
-4
-8
-13
-12
-25
4
-20
28
0
7
9
-26
-13
16
-15
2
23
-2
-4
-8
-7
11
-28
-15
-58
-6
-14
72
63
59
-44
-11
12
13
53
41
7
-10
-16
33
-41
-60
-7
-5
16
-26
-38
14
-15
-61
-4
26
19
-6
-1
-73
21
-9
-19
-24
3
-46
15
-52
34
-18
-12
-1
-30
24
6
-33
-34
52
-34
84
32
28
-14
37
-45
-60
5
15
-16
42
10
-27
-45
-33
-5
-15
46
-64
-24
-42
-1
17
8
-28
-20
77
62
0
44
13
-9
-41
13
-19
-41
44
2
-49
-10
-5
-3
65
-60
-13
24
-11
-8
23
58
-11
11
-26
-8
37
8
-39
-14
-29
29
-34
7
-12
-16
10
29
-64
63
-18
17
39
29
19
-10
-22
14
-15
-42
24
-16
19
36
8
-13
-41
-45
8
15
2
16
-11
42
44
-36
6
-12
-18
-12
9
4
52
-93
-17
-29
-46
-8
37
-1
-66
-37
26
25
65
-23
-16
2
-3
-12
-18
-2
-33
6
23
45
22
-6
30
78
-40
50
6
-74
70
-47
25
40
25
11
36
66
15
8
-30
17
-40
8
-26
44
-63
-23
20
-31
-62
42
-7
-28
-20
-36
80
28
20
33
34
-22
54
-5
51
16
-39
-8
-6
-66
-1
7
33
-29
59
11
76
0
-53
-63
46
48
-49
-33
-6
35
-27
11
-38
-63
69
4
37
-26
-43
-52
-37
6
-88
50
5
2
-29
12
-17
-15
9
-34
10
4
-6
18
18
36
9
44
7
-6
-18
29
-26
-9
24
-13
-29
-15
13
-6
4
-8
-16
10
13
8
-4
6
16
-16
-19
10
22
11
1
-3
-28
-9
24
5
-16
16
4
-3
27
-4
19
7
26
4
-21
4
18
-15
-5
-4
-1
11
-26
36
36
21
-11
-7
-28
-14
1
-33
-26
-20
23
-9
-15
-5
58
18
-11
9
20
-60
-22
20
-19
-10
-10
17
43
20
16
-33
3
-12
27
19
-9
-16
-5
0
1
-11
15
13
7
-20
7
-24
-7
39
-11
39
-14
-23
-6
17
-11
-30
-16
13
25
-31
6
-2
-29
5
15
14
23
-55
101
55
44
9
-20
-2
0
30
35
-45
-9
-2
100
-39
-4
18
-23
-39
-21
-81
-52
34
55
-87
-18
0
-67
-42
18
22
-30
-47
56
-30
-53
78
-5
-74
31
-9
-23
2
-37
-3
-13
-13
14
50
12
13
-4
15
-13
-47
-23
39
-18
-2
30
-27
6
4
-21
32
-30
-2
-11
20
-43
-16
-25
10
40
-11
61
-3
0
15
-40
0
42
5
19
-83
-45
-2
-37
29
-23
1
17
-8
8
2
28
67
-20
-4
35
1
1
30
-12
-7
-3
-26
-14
20
-5
-2
0
-15
-27
-5
12
-4
4
27
27
-31
-15
-2
35
19
-29
8
1
-4
13
12
3
-16
21
40
-51
-23
14
20
-3
19
10
11
-15
41
37
-24
-16
6
-10
-25
4
7
-8
23
-46
7
-18
-3
7
-31
14
-15
-9
0
-19
-5
-11
-23
-7
-32
-13
-9
1
10
39
6
33
-19
-12
-21
17
-5
-42
3
-4
-8
-16
4
11
5
27
41
7
-2
-16
1
-22
-63
15
-22
57
28
13
25
35
29
-8
-31
1
-25
9
-19
-8
15
-58
-7
0
-5
17
-12
46
-43
-29
10
2
13
-6
-9
-12
30
-6
-28
36
-44
-17
-27
-31
43
8
16
20
-32
-7
-5
-40
-8
-68
-21
-8
-18
-55
-12
-38
-63
62
30
8
-34
50
-15
73
-48
5
17
20
-37
-50
0
16
7
-43
11
45
-25
-46
27
-38
-32
-39
-74
-78
42
-13
-6
-79
30
12
36
30
-34
71
17
-18
-35
38
-26
-40
122
-18
43
-28
25
45
54
46
31
32
9
-34
30
-52
-16
-17
-7
-29
33
-2
-44
11
80
-15
-26
-22
-8
-62
11
-20
-3
20
0
15
-45
33
37
0
-14
3
-5
11
29
-11
39
-39
-22
9
4
-54
23
16
31
-20
35
9
-13
-23
-13
-8
-6
6
45
1
4
-28
15
-58
-23
-20
40
24
-30
29
7
15
-25
-1
39
-27
-2
47
18
65
12
-35
-86
25
-14
3
4
5
110
51
-8
41
1
-26
-14
-10
-34
60
19
-37
-22
-18
17
8
-13
-20
-5
49
-2
28
5
19
37
-32
-12
-13
6
-23
15
-13
4
17
-47
-2
0
-71
-20
56
13
43
11
-29
11
15
-28
-63
0
35
27
68
-19
12
24
7
-3
-3
24
8
10
-10
-18
-37
-19
-19
-32
-8
-18
-17
8
28
13
-18
-27
1
-10
-31
0
-4
-24
-17
-23
7
-2
43
6
-15
31
-14
-4
-10
0
-4
15
25
3
14
3
42
37
-2
-7
13
9
19
0
5
-9
18
-10
30
13
-6
-33
-28
16
9
-20
-15
24
23
52
6
26
30
-7
-17
30
9
12
2
12
27
-8
-18
-45
-6
8
84
-3
8
12
-26
-3
13
13
0
-26
-38
-20
27
-5
3
16
-25
-10
-19
3
-27
-13
-5
-4
-15
19
-1
-31
-12
-24
-8
26
-38
9
42
-8
3
7
-36
-7
3
-16
8
-45
-2
3
-3
24
8
-45
15
26
-22
23
3
51
19
32
26
25
17
17
-1
-46
31
20
0
25
28
22
-39
22
-41
-15
9
-15
20
-15
-36
5
-10
33
-6
13
4
21
2
-35
-1
-52
-51
21
-34
33
13
2
51
12
14
-25
16
-42
-16
50
-9
-11
25
2
-13
7
-17
8
-2
-2
-4
-24
5
-6
44
-13
-11
10
0
-10
-4
6
11
22
33
40
-18
-11
-1
-26
3
2
10
-5
14
-21
-18
18
7
-1
-9
-19
1
-43
6
1
14
9
-2
-15
-6
25
9
16
18
15
-28
0
16
11
39
2
0
-2
1
-50
-5
-14
-6
-8
-33
37
16
3
-52
-14
6
-37
10
-13
-6
6
-20
8
-3
-5
-25
-20
26
19
-19
28
27
22
29
-5
21
28
15
2
-48
-67
23
-35
-10
-15
37
-33
-45
-27
-2
-3
9
-16
-19
0
3
-34
0
-26
-25
22
44
-7
-18
-27
27
14
-17
2
-33
6
3
2
-52
46
24
19
-49
35
48
-39
-46
-16
-8
9
17
-11
30
-10
-15
15
-6
-11
-9
9
45
-1
4
-13
52
54
14
37
32
12
24
0
-12
11
-10
-27
-26
-9
-20
-26
17
-20
-6
15
19
17
21
8
14
-22
-11
-49
40
21
6
-8
9
-11
19
17
-9
-4
11
9
8
-4
31
38
-31
-9
25
35
10
-36
34
-18
7
-25
-21
-38
4
4
5
-20
-5
35
37
-7
-25
9
-35
37
58
-21
-19
6
24
-20
-40
-17
15
1
16
-10
11
-12
10
-32
-17
-32
-7
-3
32
8
18
0
32
3
-5
7
5
4
7
-7
5
14
-11
-6
-43
22
24
-12
3
27
-38
-2
6
3
23
-2
22
0
-25
-6
-19
-25
1
-31
30
-12
0
-30
-14
13
-7
-18
-44
-9
0
-42
10
-3
-32
11
30
-40
-5
-16
1
46
-10
11
26
32
0
12
-41
54
-26
17
-29
-20
-17
9
4
-11
34
11
24
29
20
27
-3
25
-27
10
-12
-37
1
-18
-37
-11
-8
-16
-13
-24
9
16
2
-12
9
-7
17
14
34
-33
4
-11
4
35
41
10
-20
-22
-14
-4
-21
-21
24
6
42
-37
54
1
-8
4
24
6
-32
-42
-9
-12
-38
33
-18
-4
-15
13
-31
6
4
6
26
-13
-13
-6
-27
56
-34
74
20
4
-54
32
-25
-39
2
3
-1
33
14
-2
-6
-1
48
-14
15
26
29
14
-52
-35
-18
5
-25
34
7
-22
13
36
-3
20
3
22
68
33
55
-82
-48
20
-24
32
-24
-18
-58
34
35
9
50
12
59
3
13
2
12
-7
1
33
50
28
5
-19
-23
-50
26
76
-18
0
-77
41
-65
-12
3
26
-13
6
71
34
20
-30
0
20
-29
19
8
-94
-29
-67
12
-53
-10
3
-41
-63
-49
30
-51
-110
29
-50
-20
42
3
-6
13
12
-13
-46
-28
8
-10
35
-4
-9
90
-10
-26
-18
7
-1
-9
2
-11
-12
-23
-1
0
26
-6
29
-11
2
4
-8
23
25
0
-2
-8
1
-6
-11
20
-14
18
8
23
19
-16
-7
-14
-14
-11
-28
3
-1
19
6
11
-13
-2
9
9
19
-21
36
6
-7
-38
12
12
-1
-3
8
-31
-20
-7
-7
-8
-13
31
-16
-30
-23
-33
-14
7
-41
-70
-11
5
-31
-8
2
1
-20
23
6
10
4
-14
-28
-24
41
24
42
0
-27
-15
-34
-10
64
-12
12
-28
-13
-67
-17
-65
-2
2
25
15
14
7
-35
51
-15
-18
34
15
-15
23
20
30
-44
-12
-27
36
-32
-36
3
24
-18
7
-23
61
-11
-20
5
4
16
9
-6
17
25
7
3
5
12
-19
0
-5
-17
17
45
-42
-2
28
25
-3
-15
-30
20
-25
18
-11
1
-21
48
-40
0
21
-15
-61
-49
19
25
5
-1
18
18
10
21
21
-3
-27
-29
4
-56
-40
-20
2
-58
5
-2
45
-32
1
32
44
56
-11
-7
-21
-8
-5
17
-9
11
-12
-9
33
-27
4
-12
20
-56
-8
-10
35
-22
-10
4
-14
-3
-23
61
12
6
10
-9
-38
-3
-17
-14
20
-36
-7
36
27
-51
49
-47
-53
-15
-8
17
-5
-19
1
12
13
7
-45
-4
-28
-30
-38
-20
-30
-2
-28
7
23
18
4
64
-17
46
-27
52
-35
-1
-10
-9
12
-2
-30
-62
-19
17
21
-6
3
8
-11
-15
7
18
70
10
-9
-22
-15
30
41
-19
44
-27
-22
-26
-2
2
5
-30
4
-43
-54
8
-2
5
7
-3
-7
-40
-26
43
-6
-15
-57
12
-9
35
2
-46
-22
11
-7
-21
3
-9
31
24
-31
17
-7
1
8
21
-2
-3
-21
6
28
23
-3
7
-10
-19
8
-16
-5
-5
27
26
15
-17
-11
-35
-31
14
-43
-37
0
-11
-33
10
-19
19
38
-9
13
11
1
13
11
5
-14
10
2
7
-50
15
-22
-22
5
26
-4
4
14
