18580
-192094
-128893
-41155
-283818
-136772
-241482
-59412
-134678
-126479
-470336
-334258
-7051
202838
75791
-83968
327625
-140883
-118530
-200522
9557
-113673
-122759
-138394
221320
-245525
-120712
-86202
-124335
86159
-80032
-187446
91037
-73478
-582813
-273057
-169349
-558659
-227634
-173847
-193512
-372903
-21481
15745
-219576
66624
-637046
-293794
-293880
75778
-183991
-199177
304129
-164052
-179799
255248
-235516
-197590
-149824
13910
174476
-244455
-93914
-11283
-189266
-270882
166669
-428074
65075
226181
145330
-209799
220959
-33817
138493
-217199
-115212
-480875
-169871
-40735
288800
111356
46738
89347
37508
-369488
-92601
-184489
-193603
-141762
-87914
-256424
113711
76044
-6418
-247888
-1191
-103699
-247870
-371961
-348268
-28706
-249825
-386690
45953
-377896
-301146
-144667
-183641
-204984
-340930
-275395
-174122
-121553
-126500
-27250
-1593
-45071
-226974
69155
221111
192176
-230127
-183804
287518
-101224
-363580
-79801
181060
-90904
-212792
-121959
266166
-213739
226576
-76738
-148196
-86692
-1479
-305065
-175329
-102081
90389
-268227
-198078
-40061
35005
-3038
-174293
-191823
160127
-529908
4019
-195632
-154695
-297998
-182150
-79033
4019
193865
-213963
-96604
-218516
-117625
-3355
-211827
75168
-1557
-36485
-230001
-193248
230822
-124700
-81734
-379403
-50019
-371552
-205535
-179410
-256162
-261564
489970
90537
-221813
316596
-112972
-346383
-49044
-328909
4546
178798
-182171
82851
247006
-278647
-269860
-90528
179188
-278784
-13552
-352421
-333110
7533
170696
-115522
-386140
59449
196377
126732
114240
-31983
98360
-223638
-157895
-141976
40639
156207
-61950
-203667
22286
-173834
-157972
-333499
247043
-135445
-142772
-277176
-300370
-244448
-172984
-178154
34808
83375
-86462
-372285
-238223
-249978
-55972
73688
-256780
71265
-258551
-70601
-133886
208545
-141687
190990
-339421
186378
-40376
108781
-311522
-406600
-126758
-13638
-30115
