-158
1795
245
-223
951
110
358
416
358
-790
-220
578
-500
-1018
-446
135
-884
-591
1028
761
866
-436
-737
-381
-554
-5
-657
-69
-480
26
-333
-759
-416
-368
-254
-343
742
-97
913
675
107
551
377
760
1152
1017
228
596
459
21
622
905
306
625
-572
-627
-433
83
-326
181
-441
-84
-385
227
2805
273
447
1432
482
391
247
266
646
1136
732
-124
-611
216
35
-209
40
-399
-751
-287
1977
1842
1885
-199
243
-72
774
1564
749
-281
662
-421
-200
200
-340
-313
13
-293
-440
-307
-440
-313
-523
-408
1322
2121
1286
645
1137
478
-985
296
-1006
1065
1316
1048
545
-80
534
-314
-634
-393
395
-53
536
-70
-1719
553
848
721
934
1133
1631
1028
-710
-403
-615
153
-260
61
-431
-637
-612
530
-259
472
163
2080
-118
-1287
-665
-1383
1520
-2360
1690
-522
690
-608
-353
-1120
-459
787
726
-1616
315
1484
-645
752
939
794
26
372
-14
-21
1059
156
186
-362
143
-220
139
-171
891
961
905
85
-806
193
-551
112
-606
1574
-349
1692
-188
86
106
928
743
180
567
1309
-24
-401
-948
-247
96
-1081
421
477
-501
663
2160
1066
-2280
-148
-2443
2466
-768
-617
897
240
-85
85
-4
4815
-418
-41
1125
-553
-869
-1072
-627
-63
595
673
-731
-890
-303
515
970
401
1147
2884
1310
-701
101
-446
53
-580
52
2022
-2422
1815
-786
-545
-662
-723
-1134
-803
-750
670
-686
-795
-269
-844
-30
3240
-146
-969
-1873
-976
376
-36
302
354
-1470
170
1504
1788
1760
9
688
-76
-297
-446
-96
-674
119
-621
-426
-693
-577
-501
-330
-229
-211
569
-223
1519
565
1405
-282
-638
-616
-382
-651
-184
1272
970
683
-63
230
-149
-175
-31
1265
-82
133
496
236
1674
31
-440
322
-510
-47
-179
-7
623
1572
-593
899
-258
-628
-50
-408
-610
-94
-316
646
-1794
-574
2512
-146
89
-290
342
2089
1119
-5
-1372
-5
88
455
53
-487
-1033
-421
400
2121
405
-423
-1266
-483
-418
-587
-515
-884
-450
-877
36
-508
6
-256
2860
-361
-306
-1282
-478
-552
-347
-595
643
-427
-741
1629
-41
-1141
-104
264
208
360
442
466
-181
2259
-189
-269
-273
-218
-347
-953
-283
-529
-508
-490
-222
-547
-176
-439
1856
1031
-1094
1868
670
-240
-1096
-280
-349
581
-105
388
1651
537
-370
-161
-310
214
2159
-160
-532
624
547
42
748
861
-292
-83
-536
-526
-909
-532
-287
-953
-285
257
337
-24
-890
455
-536
-822
-976
-1091
-708
-1043
222
712
-837
2130
-339
-255
764
-294
-146
340
2052
-68
-1974
1068
-42
-1037
15
-687
-170
-565
-877
-176
550
2197
1064
318
-188
513
184
1157
-207
1073
1265
1116
-317
-671
-592
-376
145
-490
178
2380
-221
416
-789
-68
1980
-1696
1284
-191
-723
-434
-10
-178
-71
27
97
-88
821
965
869
518
-134
-643
1702
627
-1951
-1744
98
1351
546
2877
695
-379
-224
-411
-135
60
-118
-423
-259
-322
-472
-485
-513
-450
-361
-432
466
-183
512
401
5013
-69
-43
-587
-34
-34
-240
-71
235
3512
434
-46
-76
-240
-699
-576
-693
-61
-864
-177
-468
-225
-486
-688
-192
-609
-911
853
-1099
-696
233
-363
266
-388
-1186
2460
-1197
-1580
561
561
-505
-597
213
-99
-674
-1602
-1080
-195
3365
359
60
-85
130
153
486
327
660
462
678
142
-251
-280
584
-552
394
1137
899
784
-539
-353
-872
43
-1095
283
945
1049
609
-504
-570
-490
-637
856
273
718
1397
1021
-470
1252
6
-1965
2585
-465
123
-256
-78
-217
429
25
-751
2887
-865
-414
1480
-151
664
-1080
397
1615
-1699
881
519
-233
-229
103
173
153
157
1238
602
-5
678
209
760
2096
816
579
-109
794
880
-624
755
-383
-298
-402
-583
-547
-581
-146
-453
-187
48
1632
34
88
-662
51
-29
132
103
-704
-148
-839
-381
-1623
-568
249
796
64
-262
-224
-219
-186
-1595
-289
472
1980
574
782
2307
774
-122
-1932
-169
-1200
-97
-1084
897
180
1178
-970
-537
-950
-91
-1193
-161
-143
237
-270
412
2377
1
-307
-221
-171
427
1627
453
218
929
133
61
-203
59
-418
268
-78
707
1103
1152
-808
-1524
-643
-1001
-685
-815
-479
813
-317
-523
-925
-446
362
2129
252
142
467
173
98
-600
75
-408
-153
-414
-406
-805
-535
325
300
372
4
-773
285
-2525
968
2004
485
1276
-1893
-106
683
20
-2792
2674
872
200
417
986
-530
-201
-508
174
-641
165
-602
-425
-603
-26
-1571
-31
1282
765
1152
228
1113
204
834
609
-391
308
-590
-714
-786
-246
-780
1094
991
1193
1065
-1124
1065
-492
-352
-392
-857
455
-853
-486
-269
-570
-729
-734
-696
-227
-904
83
-528
-603
-629
-1040
924
-1013
391
-181
-145
-2477
57
2441
458
152
-486
-376
-670
-420
-314
-590
-310
493
776
407
530
899
493
-747
-773
-650
-293
-275
-372
-57
-1356
106
409
434
-255
565
1866
121
631
76
627
-45
372
209
211
1880
288
-675
-476
-668
90
-391
-280
984
2243
-79
-367
-1135
48
-353
781
559
-912
51
-1039
722
-1450
319
1163
591
1467
421
737
604
-322
216
-309
204
1421
-194
217
1426
41
-135
0
-166
-730
-610
-682
-468
-637
-431
-317
-400
-209
-529
-591
-462
-46
4
-62
-94
-918
-77
1166
730
1184
290
1356
400
-157
634
-150
921
2617
-165
338
972
-562
-240
-539
527
-656
-730
2010
-662
-313
-240
-120
688
-513
-970
-757
15
1366
1062
749
1336
-623
-512
1408
-646
-511
-103
393
134
366
-396
451
1569
1266
1733
308
247
530
-259
155
-976
1049
-152
-684
1934
-602
-610
-233
-401
-153
929
-1296
996
1441
1325
1407
145
-738
65
295
1656
171
79
-488
-112
287
-2132
456
338
-455
-97
693
1572
993
-12
-646
-39
-555
-1178
-556
-643
-812
-894
-145
-624
-239
475
989
851
247
551
103
1081
836
-247
-154
483
-439
-428
549
1143
-721
-1106
-676
450
-1165
656
599
2470
526
276
-796
332
-569
423
-438
1240
770
1127
1192
2709
1105
-1047
967
-878
-1332
1102
-978
-117
-291
-190
2770
-1881
367
585
-811
-63
1124
356
1044
865
2483
624
-83
725
-395
721
-1347
-224
-1410
22
2468
280
781
221
-881
-364
-870
1005
826
1054
-708
-1192
-758
-389
-692
-540
-10
-1056
69
840
1503
763
-602
-786
-411
-181
66
-485
-483
-108
-345
-620
-652
-636
322
-1530
572
-336
-1302
-293
-199
-2065
18
454
231
434
549
1989
189
-13
-599
-67
473
-906
40
84
-544
-28
74
295
-244
640
3275
-841
130
160
-367
349
1388
375
106
-2146
233
162
942
178
364
1927
1269
136
-274
8
-489
126
-122
-1430
-541
2000
-612
-344
781
-277
-99
18
-923
319
-681
316
-1796
-318
278
-919
-42
29
828
42
-588
-588
-523
-293
-725
-240
1700
386
-1752
1804
-167
-546
-21
-548
-202
1033
1845
884
174
-1479
411
-149
-599
-78
88
141
-6
371
2049
505
-103
-206
-150
-260
-112
-4
-1913
-18
2495
-435
412
271
-157
985
-29
819
3399
576
76
-659
68
436
1487
327
284
-1314
230
887
1079
935
-510
-1188
-397
665
581
616
440
1607
282
-1023
1699
-1020
-973
1358
-668
-544
-791
-495
603
1392
547
903
292
1042
510
44
400
-445
-462
-401
-235
-180
-304
-486
-573
-587
344
95
385
247
1701
214
24
-507
2
807
2580
647
-413
501
-396
97
193
74
-497
-1204
-459
-810
-274
-872
172
1640
149
653
2035
746
1277
-1776
1046
-137
797
-280
146
574
-112
-647
-1557
2724
-450
-517
228
766
2477
755
204
-1174
275
-185
-38
-318
1186
306
-145
-590
-735
-653
-434
-565
-223
-89
430
-25
-484
-767
-544
738
1738
786
127
24
75
-372
-545
-422
-326
-330
-303
-1183
598
-1040
504
-1483
512
1644
-221
-137
48
48
-22
-509
-709
-508
-442
-585
-405
332
1324
254
160
962
209
-391
-612
-325
971
3075
791
-78
-992
10
397
341
262
774
718
58
-559
844
-677
-1124
-1298
-1130
-474
-1128
1783
-1017
-344
1403
-259
136
-806
529
668
-352
595
-161
-1002
98
72
-353
-569
-517
-528
-591
636
-748
559
2487
620
-769
-97
-635
-480
-528
-532
-805
-51
-826
-288
-1183
-328
442
379
423
-9
229
-126
1562
-117
-1114
1649
-452
-1200
-1060
837
339
-259
216
-288
-423
-453
-354
-340
-318
-406
1238
813
-611
-1017
-1040
-510
250
616
964
-515
-435
-496
-841
90
-662
-392
-267
-572
-192
-1473
-218
662
2283
618
-168
-255
-282
-235
139
-509
-23
-1844
128
746
1958
1023
-102
-159
144
-250
-447
-167
1058
2061
217
1611
140
-1775
943
36
-1105
374
-142
-239
1083
-76
662
921
-310
660
115
261
-42
-299
214
-336
-490
-820
-487
-542
-502
-555
340
-232
481
399
1505
322
182
1175
109
2111
-1768
59
539
-603
-139
175
604
-168
468
-9
-661
1486
73
-1950
1304
-87
-291
-382
83
261
-1807
-27
1709
-876
-39
982
-478
537
-550
-771
-815
-715
-693
-524
-685
-49
-448
28
-614
-797
-595
-210
-347
-288
-541
-1305
-457
-661
-139
-574
-191
537
-194
219
1867
335
105
-603
119
1181
-529
1014
-1278
-640
-732
-90
-45
1202
1321
-1951
1757
1156
-185
-281
1581
434
-797
169
36
-252
-400
-1087
-422
48
422
460
-33
-256
-113
434
21
537
-456
-1071
-282
-685
-672
-644
155
-143
81
692
1488
708
-211
174
-48
-824
611
1249
-1742
3664
-731
775
658
-372
521
554
-649
693
192
-1173
-315
-322
-199
377
4323
-372
-149
-1286
-1199
1108
-50
-45
97
-128
29
-260
-36
-54
974
1880
824
-1378
-535
-1180
-574
-125
-830
-2
1577
110
-2837
-3
2983
-739
-58
805
-835
-377
-394
-112
-116
319
-1096
-696
1677
-1095
204
764
625
310
711
885
385
994
-352
-285
-525
708
617
723
78
79
-97
-223
-441
-294
-198
-180
-157
72
148
271
376
1579
341
-124
-1245
-180
-720
434
-774
-1152
355
-1018
192
-374
150
209
178
504
289
770
376
-917
71
-798
-562
1506
-730
-682
-13
-792
520
-431
451
151
30
97
636
1682
606
500
-372
366
1541
-1216
1284
123
276
197
878
-135
116
1304
-1388
-954
1328
699
2
1332
452
1360
-299
-887
-455
-180
-1348
715
1002
-305
-117
1804
-1111
-694
197
-324
281
1384
1756
877
614
649
420
38
-26
51
378
389
282
887
485
970
621
-346
580
-270
-8
-358
-446
-162
-980
-2706
-360
3353
33
-575
40
1692
2570
1604
487
-1249
331
-290
-493
-271
-263
-972
-199
-548
-392
-535
924
1754
568
-29
198
-361
6
-461
188
1821
-462
-1671
1505
1194
-2525
-1461
33
1143
100
1450
376
1476
2758
-1095
345
-1042
312
-71
-64
193
48
1469
496
152
-19
-163
308
1659
172
-463
-838
-428
-137
-256
-129
-46
-328
543
-273
-1478
1841
-588
-275
-44
-342
-1042
-431
448
3342
239
-298
-462
-217
-105
-710
-82
201
941
166
-447
-796
-353
-276
-18
-339
157
-876
-176
639
2146
649
-484
-785
-505
2122
37
-458
536
-1841
525
18
1913
-5
324
1639
247
-15
-408
-159
-472
-1127
-504
-479
-596
-503
-11
141
-113
-509
-783
-329
-377
-235
-423
193
2346
-20
-1264
-627
1424
-680
343
803
-19
-126
-1211
-371
-978
-409
-172
-355
-310
718
761
750
-394
-284
-549
706
-150
628
1086
81
958
665
610
918
21
-962
-216
-197
-795
-400
-1550
2882
-1530
-608
503
-477
-163
-119
-242
179
3082
486
-1249
955
-1085
-33
-621
-11
365
2566
-11
-576
289
-580
-462
-256
-437
-473
43
344
-1270
-408
1561
-531
-1
664
884
788
673
404
153
659
-237
-753
-354
413
800
498
633
-71
794
-145
-481
-115
-187
2561
-100
-72
-1819
-56
96
546
187
-398
-791
-222
-177
-1720
-495
793
243
-985
-169
-1471
-144
7
2548
-51
-663
-862
-569
-425
-484
-388
194
-91
203
176
2682
481
319
-1174
695
995
-1084
1513
896
-584
-115
303
1115
318
135
591
93
-110
-154
-19
384
1828
-312
-725
1222
-1331
-484
-188
-484
1180
-135
1007
1126
-144
961
705
-1663
563
-476
-499
-408
-286
-730
-278
-43
-788
74
-83
1263
571
350
-138
-472
1061
-2703
2144
-321
-903
-213
743
1973
981
-407
-548
-394
-519
703
1001
-532
-499
1896
-209
-218
93
-245
-283
-111
473
1313
348
249
2234
655
215
-476
547
-559
-962
2280
107
-526
625
56
122
128
569
1246
112
-92
-102
46
-729
-424
-829
-554
1128
-723
-45
-1479
-198
-290
-776
-157
507
44
528
911
1559
665
1282
-148
-1296
1153
31
-1175
169
49
-123
401
2472
691
-468
-366
-172
764
956
472
-948
-345
-995
233
972
251
-644
-654
-927
