396440
-155536
185640
-88790
-819880
-327262
197202
-131680
832787
-213499
-130697
608230
-363280
192989
500777
-220011
320532
-458086
368899
286976
-373082
508832
343394
-200607
-336717
204282
-65945
265017
-297520
262765
155672
-338197
179753
14735
-396543
-64855
269631
-86508
-35384
-707729
666198
310256
59376
-86461
369966
25314
72488
-257362
23046
409062
594261
149050
-56202
-407941
298678
421624
411850
119313
88673
-493272
23778
138148
-82393
965997
191166
-73634
-452682
406786
-173050
-89654
-164769
-60315
-484578
-68247
575062
-665082
-517921
-74516
-146148
-921353
-379917
91839
-314674
366305
527678
-134519
-114378
-20205
-321412
-25396
-883476
134050
-547169
-171703
276469
-83208
-102564
-99790
-37917
-774331
-235021
251730
78965
-589848
-454947
-642273
129031
-190584
-193304
772102
41890
322606
-392010
621658
159354
-188746
-369659
305620
-477667
200075
383250
386006
579980
-239604
-86056
-149253
-661781
48493
