285
825
966
861
-464
223
-154
713
-262
314
632
829
1005
450
767
686
1037
456
-22
570
1021
-113
595
677
777
346
-347
1202
-743
687
-18
695
-25
726
-517
-933
904
625
653
500
691
628
-584
782
580
601
603
541
383
770
496
745
853
532
563
-356
769
614
567
-389
1025
11
758
869
790
597
891
768
62
579
20
241
1
875
686
680
750
736
-71
799
457
327
1066
673
385
303
473
543
152
689
673
990
971
-150
472
42
840
-796
487
303
465
166
-1081
398
-80
540
767
873
960
953
623
191
658
772
-284
632
948
853
702
1392
836
616
948
638
569
995
701
665
-460
913
297
-346
312
614
1160
749
803
349
390
536
676
701
1069
868
727
-228
1069
64
-765
731
-322
583
525
660
838
862
614
710
572
392
600
979
1141
361
1098
62
634
1029
692
739
763
710
432
562
967
600
972
373
929
29
815
6
1020
431
840
379
503
886
864
465
848
582
202
639
398
540
520
707
-197
381
1042
430
564
358
683
1015
661
843
744
-155
513
676
911
222
655
211
578
141
354
1012
792
-724
706
784
709
1000
486
810
563
505
-282
43
751
-775
955
361
324
943
813
534
-681
469
882
674
418
-721
-342
662
803
550
853
-193
564
530
582
981
