691
-661
507
354
-93
563
-54
258
-93
404
249
388
48
-316
-359
516
585
-774
607
-12
-98
423
295
426
-941
429
183
-238
623
163
-75
706
639
101
646
-833
1219
600
471
-627
446
470
412
808
586
369
537
416
721
509
-340
-1133
506
25
518
907
430
544
-207
-618
637
599
-620
301
-169
636
595
606
-910
674
-518
-256
494
306
429
-77
-53
-249
975
617
-978
-22
393
577
345
865
625
520
-388
1253
62
794
500
-658
254
-19
-552
306
448
1044
520
129
208
684
-537
-269
1058
-264
542
-753
1064
738
664
600
638
621
292
-287
470
559
-951
-179
993
528
423
-304
492
426
86
1128
502
-431
260
570
869
1116
-3
110
753
614
163
722
503
548
597
670
262
501
288
-1512
-869
331
323
75
-481
714
-26
1376
455
715
575
532
698
409
-100
521
272
440
633
316
358
-420
713
738
800
586
1004
316
1237
34
563
-61
-37
-873
379
-242
319
-1060
-862
667
647
821
-133
1005
-376
-287
1006
539
639
401
-44
-140
-91
642
344
-522
562
-278
913
616
601
573
-293
-577
-226
474
-1088
201
591
881
292
225
336
619
-433
-478
514
691
568
-808
-413
940
-115
833
443
204
479
667
111
913
629
659
-392
439
-485
779
722
228
66
-227
748
326
59
788
355
704
433
427
433
657
565
522
-1068
217
302
637
692
658
686
334
183
562
793
-674
-1032
838
445
743
-43
587
595
-507
384
1280
-241
726
482
8
484
-8
-667
82
44
246
-333
192
698
244
-180
545
696
41
768
-238
737
458
481
168
1024
-590
-191
325
-194
-52
590
434
676
492
264
504
405
-94
885
-217
320
520
-545
447
130
487
840
473
901
410
-209
641
539
437
-164
-727
287
15
597
655
389
802
-526
336
465
-663
114
337
1141
-645
-489
-819
-57
718
667
491
763
676
586
413
485
41
577
395
665
-923
14
493
414
-798
-827
-25
-179
1759
336
-40
135
359
70
310
425
682
513
230
491
300
633
-171
543
603
197
592
505
417
527
286
-475
981
662
-267
1343
593
-882
184
1195
216
579
583
894
-283
543
468
495
-484
1065
-801
622
419
-161
658
-88
491
974
252
512
-972
372
282
84
-120
630
-928
-513
941
616
38
908
314
502
-43
84
-463
-391
-33
969
-789
-635
-469
-259
346
457
-663
273
-627
372
825
-344
-362
-1319
524
-414
476
530
590
642
799
-92
271
-363
697
539
425
-308
370
480
-517
78
501
61
-38
367
198
519
520
483
-262
439
-45
695
-280
-418
-776
312
115
176
583
571
37
1265
432
971
268
386
515
129
691
-876
-683
