-522397
853290
-869084
-472942
-208956
-724346
789206
1452900
489492
90779
665099
-345857
745687
-331602
418323
-1460484
1132268
807655
-1697109
983097
217357
-607930
-420805
425242
325614
419921
868459
-2677100
1217037
1652444
-293390
647369
458368
-503968
-663273
510092
-647118
-740878
703764
-440684
2950098
105898
-227897
-192890
424819
-523450
-165340
438001
410132
-8444
-451025
50591
799719
-905210
-146365
-518135
783118
-538944
-153782
685037
-31830
537760
747004
979896
1073149
-813916
-1209142
-262770
-917017
-549673
-1384920
617804
-143465
778528
829578
522860
437368
341016
-859261
1000478
89132
-501333
-594012
-1529016
-1884797
-986483
-1052989
314440
-374727
-192637
306320
-495433
-63921
70667
796575
173962
-186779
-2044033
2015238
122544
-570884
-46604
-842236
160861
449619
-881484
-132762
-164548
-118323
-79115
464990
673185
480309
-112401
59364
258501
-287708
439844
484378
319526
686467
455625
360549
-1510612
556077
999799
-393391
107145
