-37
14
-68
-46
-3
-40
-18
-74
-8
20
-5
2
43
-48
26
13
-42
-58
-28
13
32
-4
72
38
-32
9
-5
2
-41
1
2
12
25
-28
-54
58
24
30
-58
1
-15
12
-54
-25
-39
8
-10
-103
57
18
19
-7
-18
77
-34
61
36
-46
-20
-70
31
-23
-20
-30
-1
-27
51
29
-24
26
-31
-5
31
14
5
25
19
5
13
-40
-32
-4
16
-2
49
-87
-44
-50
82
11
48
-49
40
38
-16
-5
-53
-1
1
37
43
-7
-49
-35
-14
-24
-32
-70
-4
-56
-36
51
-32
43
24
37
-9
25
-30
-82
-38
-7
73
4
-3
-51
-20
-4
55
-62
-1
-1
75
-6
-64
-109
80
2
32
5
-77
71
-53
-30
-8
-6
-14
-28
-50
-3
-7
-40
-40
-80
52
-47
-8
-39
-7
18
32
35
21
43
31
-56
-82
-46
-9
-6
5
-48
-10
84
14
-79
29
-32
-115
-49
-7
17
-29
88
108
12
-2
-23
62
22
-35
30
18
33
-17
-16
-87
29
21
-108
-20
-23
0
-73
43
-19
86
-49
-37
52
-19
65
42
82
-31
-34
48
13
11
88
25
-69
1
-79
-47
-50
48
44
-57
56
-91
-49
66
95
25
20
-23
-51
0
52
-100
-52
-17
76
-66
84
71
-83
-36
59
-77
15
66
-3
29
45
-39
-44
-28
-25
56
23
-31
46
24
19
-15
-33
43
10
7
-39
71
18
-70
11
-10
-56
-46
-48
-62
31
6
-21
67
57
29
13
-9
23
31
61
20
25
39
7
-35
-3
-28
-5
-15
5
14
9
-49
20
49
-21
16
-13
61
33
-13
1
16
-13
22
-3
0
41
-65
-17
-12
-24
-20
-4
-17
-36
-40
32
22
-27
-35
-56
7
-10
43
9
-80
-38
36
47
-11
-11
-16
13
71
33
-46
-82
5
43
56
-56
30
3
-13
22
8
48
-3
35
-41
-28
-48
49
-33
-64
-29
-32
-3
-35
11
65
20
41
-12
56
-4
-12
5
-32
0
-17
4
78
33
-32
20
12
-52
-4
-15
21
-17
-23
59
4
-18
2
-14
-5
16
41
42
-6
9
-22
0
43
20
-2
-43
-17
-2
-11
13
-34
-22
-36
11
24
-14
-7
-39
1
15
-10
-12
-4
-7
-7
-17
-11
-10
-19
16
23
-6
6
51
-2
-52
-1
25
-51
31
-29
42
110
-79
-82
143
38
91
-9
44
0
98
-39
-89
-56
6
-36
-64
-53
-149
-62
-69
-102
49
-61
21
49
76
37
59
39
-147
-35
-86
-10
83
34
119
46
39
11
-6
-123
6
57
-28
106
-8
-43
-180
-39
-42
38
111
-69
38
-9
-47
43
-35
-129
-20
43
133
112
-6
-12
-26
31
5
-7
-31
25
75
49
39
-44
-24
5
75
-14
12
17
-16
-18
-25
24
45
-34
44
-27
0
-9
-18
2
-41
-27
3
-104
-43
92
5
-21
51
48
4
33
23
-15
-13
34
-58
-48
-56
11
17
-51
-3
34
101
37
-62
-26
8
-23
-35
63
-25
-41
-70
-75
-76
40
34
65
7
98
-21
41
-5
30
-44
2
-9
-21
23
0
21
34
23
-33
12
27
12
-12
28
110
-32
-18
13
-6
10
-22
-11
39
-23
-7
9
-25
-11
37
108
19
-19
26
11
-48
15
-33
-16
-43
-22
43
-33
2
35
-70
0
-88
-29
-71
37
43
25
-59
67
-28
-8
-30
33
-13
54
0
-4
4
-59
5
49
26
-52
39
31
-10
-47
-43
8
40
78
-17
-21
-53
0
28
-90
-18
-67
-25
7
21
20
13
77
-15
35
40
16
10
-40
-18
4
29
-5
-46
33
-23
-20
-41
37
22
-35
11
60
55
-35
-42
22
-57
-58
84
56
50
1
-75
-24
31
-48
-60
31
-22
-26
-24
-19
63
17
37
-61
5
-26
92
34
-68
-11
-77
-13
-3
-14
-1
28
64
93
-19
13
60
17
-48
-51
28
95
12
39
-29
45
29
20
68
-5
-68
-108
58
-117
75
36
-48
9
-4
-12
40
17
-73
-4
35
-9
-15
-46
-3
21
32
-3
-32
15
46
7
12
44
-9
-1
12
-21
23
-37
30
-11
25
9
-15
26
32
6
-6
19
6
-15
15
43
-13
26
15
-31
8
-43
-38
-2
-25
-16
-4
22
-10
17
-46
-21
12
2
-12
-47
47
14
13
23
-25
-16
39
24
-36
24
-5
-12
-13
-26
-20
22
-8
5
-34
-11
-47
8
19
4
13
13
-34
-20
-7
-14
-2
16
1
3
-4
42
-51
-18
13
-44
-9
19
15
-8
-6
-47
-19
18
24
-16
13
28
16
5
-14
6
20
-5
-11
-15
-7
-68
-5
26
13
-10
4
-32
22
-16
8
25
-34
21
53
-6
-13
71
32
-9
22
39
-31
-7
-30
-31
-76
20
-63
-39
4
-7
53
39
2
-45
-2
-61
-27
-24
-29
-30
-95
11
78
0
55
-62
-27
42
-53
69
-22
-27
-37
23
-7
-36
33
-27
15
27
73
98
-32
-8
-33
10
-38
2
117
34
-9
-42
17
-23
16
-19
4
-14
11
-20
-60
-10
-118
-11
-98
33
-9
-12
92
43
53
-74
22
-17
50
19
69
-35
-17
-77
-44
37
-66
60
42
54
26
27
15
7
89
-49
-99
17
-31
-13
-53
3
21
-65
32
-18
95
16
23
23
47
28
22
50
-36
-65
20
-30
-23
-19
-46
1
-57
-6
54
16
45
-8
-16
31
19
72
-15
51
-42
-35
-54
53
52
27
55
22
80
-53
38
43
-68
-11
47
-21
37
-75
-10
65
9
42
66
-27
-18
-85
-15
2
-24
-35
15
-98
-9
57
-8
3
-21
49
-30
51
1
7
-24
-41
23
-99
-73
43
15
19
-7
20
76
-9
33
-31
31
71
6
6
39
181
-25
5
-42
-8
25
-3
-39
-80
-2
-120
-54
12
58
-47
37
12
-12
-4
68
-75
15
19
-21
-26
26
-5
29
29
96
-47
22
7
-19
-16
-6
1
-28
21
54
-55
-29
-8
31
63
19
-45
29
22
63
-40
-106
60
2
-9
-15
15
-5
25
7
-36
-30
35
17
5
-21
-41
14
4
-10
-7
3
30
-36
-10
15
51
17
-10
5
-29
-6
-48
-21
14
23
45
27
8
9
-7
-9
3
-55
8
9
15
-31
28
14
28
-26
0
-44
-5
-7
-32
-33
15
-47
11
-10
65
8
-9
42
-31
12
50
-18
3
0
-32
22
25
-54
-45
-43
18
36
15
20
-13
-57
-12
7
-40
30
-32
-37
-69
40
49
-16
6
28
-23
-17
-3
6
21
57
43
-3
-18
24
-7
29
-24
-22
28
-9
29
33
2
-31
-45
-8
-30
63
-5
24
5
-19
36
3
-8
70
-74
46
-18
-7
71
-71
10
-25
71
-41
-75
5
72
43
-110
-80
-21
32
-22
-69
-3
-63
-38
-73
83
-23
90
121
-76
21
-53
-30
-51
-34
60
-27
-20
2
78
-103
21
62
15
107
22
-64
46
-104
11
-6
13
-17
34
64
-9
-38
-5
-3
3
60
-152
57
14
17
2
105
-82
26
-71
154
-10
-37
81
4
-44
-124
2
54
-38
-49
9
66
16
22
-3
17
-46
-88
-56
54
53
-63
-48
-22
-50
-29
-14
71
23
-37
0
-2
-91
-31
-52
-6
50
24
29
-55
-39
5
-4
-20
-43
-3
-39
-52
23
29
67
62
92
-50
-35
13
-19
-34
-8
19
47
-8
-44
-98
-53
-20
9
-7
-1
-77
8
-12
-39
27
27
42
3
30
-23
-4
-10
-59
-42
31
31
-7
35
6
0
-9
27
-10
-80
4
7
27
-3
3
-11
-14
-18
48
11
48
-36
-52
23
-53
24
-29
16
-23
10
49
41
34
14
33
48
-64
-73
-30
-25
32
-10
-39
26
7
-10
81
-5
-15
-4
-2
3
17
37
29
1
6
34
29
21
24
2
-25
10
-12
-8
35
-9
41
-21
32
-2
22
-25
-41
11
-27
-51
10
-1
-14
13
-5
-6
14
10
-2
-14
15
-8
1
4
39
-5
12
-11
-26
13
-15
5
28
22
1
-5
-27
-4
0
-24
-11
-14
-24
22
-1
27
62
-66
-14
42
43
42
35
-69
40
45
-11
52
59
-10
5
-11
-44
-48
27
16
31
-13
35
10
32
-5
74
-33
32
11
-52
-48
35
-35
3
30
-118
-25
-90
5
-26
21
-10
-99
-51
-38
149
-10
-3
-2
-9
38
-11
34
66
6
16
99
18
44
7
63
-42
-54
27
-3
-31
-13
41
44
87
57
-18
-9
4
82
-10
108
6
27
51
-71
9
49
-14
-27
4
34
-49
114
-52
78
-26
-2
15
-74
79
1
-4
-39
-9
6
72
-15
3
72
8
-32
-2
-1
-7
79
5
-18
28
43
-38
100
55
34
-45
-22
9
-82
65
69
-27
-10
-65
100
28
5
-29
-29
26
-36
-6
15
48
-23
-5
-2
54
-10
-62
-34
-23
-37
36
57
-88
-6
-10
39
-37
-36
0
8
86
-53
28
-27
4
-54
7
52
-47
29
-35
-21
37
-3
19
29
-14
1
20
-28
19
34
8
-8
37
19
57
-5
50
-43
-34
-19
-19
-10
16
-70
15
-38
-30
-8
76
10
31
39
-77
15
1
-11
-82
-51
-13
45
42
82
12
-11
31
81
-100
22
-7
-116
-23
124
28
49
-31
21
-74
42
-2
87
51
19
-71
-69
-20
-98
-31
100
75
-49
47
-21
57
102
76
-37
9
-8
-22
9
-76
38
7
-13
10
-27
-3
14
6
-40
102
-24
89
40
53
-54
-50
-60
-10
-10
83
89
-59
-3
-2
52
9
-34
-23
-41
-100
-9
109
-5
97
-37
15
50
14
30
-50
-5
-25
-14
-56
22
34
-12
-6
-67
43
35
10
-16
47
-23
-13
-62
-2
15
-26
-8
40
34
-62
-112
-87
-14
-9
-31
-6
51
37
-81
3
-7
5
-7
20
5
-10
50
-45
37
18
3
-31
-36
-13
-13
18
10
-11
20
-5
0
22
21
-33
19
-5
9
-68
-60
-13
-20
24
5
31
30
-13
8
16
42
-8
13
-21
-10
-4
-19
-11
-15
-9
18
67
1
-2
-22
-11
-38
4
16
-15
43
-17
-17
-16
-15
-16
-23
-44
-27
99
-5
11
6
-10
21
32
-32
-48
74
13
-28
-25
44
11
-32
-4
23
13
12
-15
3
28
5
-40
38
0
-46
-39
-7
-3
-2
46
33
23
-6
34
36
-25
-24
19
-15
-14
51
75
35
93
-69
-20
36
-47
-61
24
19
16
10
-36
-20
-13
8
-1
-28
-14
-32
-45
-6
-25
-4
4
-13
25
-28
-6
-12
31
16
-1
31
-21
-8
51
-40
-1
-8
14
56
-35
36
18
-4
1
-19
4
15
27
-5
-26
9
18
16
-12
-24
-7
-17
7
10
40
54
36
-28
-55
-17
60
-7
-42
7
-32
-122
24
44
-42
61
-32
-47
79
40
-17
-43
79
-12
66
-36
-82
84
-75
-22
1
106
-2
117
15
-52
-78
-29
-55
-37
-62
116
-17
-10
98
103
81
78
119
11
60
-23
62
57
88
4
45
125
59
-82
143
20
48
30
-61
44
72
-31
94
109
50
13
85
-26
-2
22
-16
-48
-2
-33
-11
22
-23
0
-14
7
3
-15
20
29
18
-4
20
12
-9
-7
-11
-56
-16
-19
17
37
25
-27
58
-13
-24
-29
24
7
-17
-15
-12
-2
3
23
-5
6
9
8
1
31
17
-9
-4
14
-22
-1
31
35
29
-8
-22
0
35
15
-13
29
10
-25
-29
0
-46
-34
111
-24
27
82
-44
-12
17
51
-6
-9
2
25
64
-45
-22
2
62
22
-22
-9
60
-2
16
21
-18
67
27
-49
2
30
60
-58
-8
3
132
66
1
-43
-72
-12
-19
-52
-12
110
39
37
0
29
24
-9
3
-91
-23
28
-4
-26
36
-5
-21
48
31
52
-20
-31
50
0
20
-4
-8
-58
-13
83
-30
-119
-73
-22
-13
14
77
39
-90
-5
-10
-41
40
-79
-36
-53
15
28
76
10
48
4
44
-14
10
37
-43
-7
45
65
47
-117
63
50
90
65
-25
5
-70
-33
-17
36
64
-57
-18
-33
-7
21
-23
6
23
-42
-9
-35
-44
28
34
-57
15
-14
20
7
-37
13
3
58
10
66
24
-38
-46
-42
29
29
14
20
-39
3
-9
-7
-3
49
-3
-27
-5
-52
-77
45
36
8
-3
16
36
26
-2
-8
-88
54
-14
-8
-1
-28
-1
7
-16
21
-3
-41
-21
-12
-12
11
9
-20
-26
-85
-81
-6
-61
74
13
-36
20
54
-60
14
22
8
50
43
40
42
11
-42
-41
101
-6
30
2
79
45
65
-14
-32
42
0
-6
-2
9
-11
34
-58
-11
-54
5
-26
-8
-28
-6
-5
43
4
-81
-41
-61
-63
-46
30
81
3
18
3
74
-40
-1
22
19
8
-25
-5
-50
-59
48
-34
24
66
-18
-5
-44
7
-29
-18
-24
-37
7
-2
53
-53
24
44
-12
12
-15
19
-18
34
-27
1
10
-45
51
-1
-47
21
71
9
6
16
23
33
-37
-25
4
7
72
-40
21
49
-8
14
49
6
-13
47
44
46
35
4
0
54
-60
-53
-50
195
87
-29
71
30
-4
-23
-29
16
-29
-166
17
7
2
-15
86
33
-58
-4
-30
-62
-34
53
-10
71
-41
28
-20
169
-98
76
118
-5
-40
-86
33
-82
24
-71
-84
-38
21
-54
154
-93
11
-134
77
-123
23
41
62
-129
163
63
147
34
-128
81
-3
54
-25
-20
21
-62
-29
39
28
-12
38
-85
43
-31
27
61
-53
20
26
89
-63
-30
16
26
-20
26
-49
-40
-64
12
-49
57
-44
-52
68
30
-107
70
-37
-3
-15
-38
-16
-30
-6
59
50
37
30
11
-59
76
-77
125
-84
-79
-1
83
-8
-25
-150
33
117
0
46
15
28
-61
73
-45
41
2
0
-8
-13
-4
16
-10
25
4
-26
-9
35
2
30
-40
10
55
40
-9
-21
18
-27
11
-19
-32
-22
35
4
38
-3
-82
12
-50
-58
9
-45
17
-62
15
-9
0
47
-42
14
10
28
33
8
-7
9
3
-22
-58
-58
44
10
48
-23
18
26
10
-6
-66
-132
1
-13
-74
6
-18
47
47
43
56
-87
51
-102
41
37
-79
-38
74
-47
-99
14
-80
15
41
-26
-40
72
-49
-24
15
14
-51
-42
-9
-43
21
68
35
34
61
-67
3
-128
-68
90
52
95
121
-20
-8
-9
54
-47
-5
13
-100
-7
0
-50
-29
84
1
64
7
-43
-34
6
-4
1
-16
24
0
15
-9
-50
-12
-8
3
49
-18
-32
7
-62
-11
21
52
20
24
-37
3
12
5
2
-52
-8
-19
1
46
39
-57
-14
12
48
21
-13
4
6
26
4
45
2
-13
27
-11
-9
19
9
6
11
-31
-15
10
27
-32
10
-20
-18
-22
1
35
60
35
52
42
0
-56
-1
51
0
-108
32
44
15
40
-25
36
16
97
-32
-17
20
31
14
7
23
-99
-17
17
17
-24
83
17
-86
-18
22
99
-24
-32
-45
16
42
-70
-1
37
-17
-62
-6
36
-39
68
-2
2
64
8
43
22
54
7
71
12
42
-31
-29
-30
71
12
-66
14
15
76
-34
-107
60
-22
5
69
-22
-20
-45
101
-62
-91
-44
67
-25
-6
-83
-40
-63
-6
1
-38
-74
-40
103
100
-30
-38
-21
-25
-107
-23
-12
-13
98
-30
-70
53
-35
-28
64
-10
-22
42
-67
56
-11
-29
-20
-26
-47
13
-26
40
4
31
-6
8
1
-19
69
-1
-6
28
16
9
-21
-10
-7
-7
-3
-13
47
26
-15
-21
-65
-77
13
-15
8
43
0
12
-21
-25
20
-42
-28
20
-15
20
0
54
6
-22
-24
-10
-22
14
24
7
-23
-28
19
32
-66
6
15
2
-5
-7
11
-15
-28
46
9
-13
5
-5
1
-5
-39
30
4
-6
5
-17
31
-10
3
-42
-6
21
-56
0
68
31
56
25
-24
-14
-21
-24
5
-47
-54
44
-19
-34
40
-59
36
-40
36
-7
14
-22
-23
-29
6
27
-15
73
4
12
-38
8
54
49
3
-11
-31
-55
6
28
2
-6
4
-37
8
-44
10
-5
3
-29
33
-1
-4
15
18
0
-19
-3
-49
-6
-1
-28
-35
22
-20
-18
9
36
-12
58
15
27
-42
0
51
-28
13
-11
-21
-7
22
-31
23
-5
49
11
15
9
7
-7
-15
-10
35
-15
12
-47
27
-15
1
23
-6
-23
-1
-8
-13
-21
3
28
-7
4
1
-9
12
-57
152
-72
21
-34
-110
113
14
60
125
-30
-15
18
-47
62
41
8
-49
36
39
-21
-35
57
112
14
-66
0
-48
-9
-49
-89
95
-70
20
-18
12
-12
8
-7
-104
4
75
-31
3
30
5
37
37
44
18
66
-25
67
52
-33
20
26
71
-148
-2
42
-41
56
-15
-91
2
-15
-46
96
-19
30
30
-28
58
-26
-67
-34
-62
62
0
-29
29
1
35
13
-15
-41
11
8
-7
36
11
-75
-3
-4
-80
21
49
24
-53
-78
13
11
-37
-37
-2
45
-34
28
-21
-10
-42
33
37
-29
-48
-39
24
-69
-4
23
21
-86
5
103
20
-29
25
89
-28
71
67
56
72
67
23
260
72
-50
-70
127
-82
-24
-8
-158
31
-35
-2
-29
-14
-32
-51
71
-36
38
38
-67
-41
32
-98
147
88
1
-75
27
-22
39
71
2
-124
-43
-45
195
-88
-53
-1
-41
115
90
-61
-5
6
-5
51
-28
59
39
-5
155
49
65
40
40
-41
53
23
34
37
-30
4
31
-60
-29
11
36
13
-56
79
7
27
15
-30
-40
30
2
37
69
-30
-7
40
2
91
-23
30
-26
54
11
-50
-40
3
-44
44
16
5
11
-24
15
48
37
0
-3
-75
-32
-77
-74
-62
20
59
0
2
-70
26
-58
-3
-48
9
1
14
37
-55
-36
-25
44
-30
-9
25
2
-39
-22
-20
22
31
-8
10
-21
22
20
-18
-52
-21
-31
14
20
11
-20
-28
-11
-35
27
58
-12
18
-52
15
9
19
13
42
6
-15
-35
16
55
2
13
4
5
18
-35
-42
-4
-53
-26
-5
-34
2
-7
-14
-5
-9
30
25
31
-20
-47
-20
32
26
38
-1
11
-33
-49
31
34
-9
24
-50
3
-70
28
-31
-27
14
-27
-30
-43
-16
-42
8
78
-50
-21
-33
-14
-41
-9
15
52
-16
30
-19
51
-46
-25
28
9
-14
25
-11
-27
12
93
93
-3
98
-35
-20
22
-4
0
7
4
41
-71
-75
-11
7
-82
-13
45
90
-27
-4
-40
22
-9
21
2
-41
23
29
8
18
42
14
82
15
47
2
21
25
-6
-13
3
-16
-8
-46
12
-72
36
-82
81
-32
26
47
-14
48
-2
-49
-32
-67
-22
-12
-43
20
-1
-61
26
110
30
78
16
36
86
-19
-2
33
-10
-43
39
-30
26
-6
7
-24
-15
65
42
-54
-26
-12
72
24
-4
-9
75
-32
25
31
37
-15
5
7
40
49
5
-14
29
-57
-54
5
-6
-71
3
36
-18
50
21
-31
-26
22
-8
9
26
24
-75
-28
48
75
16
23
0
-40
-8
-66
-24
-13
23
-20
22
-126
-58
83
-74
13
52
88
-29
74
29
-7
-80
20
35
17
43
107
-79
63
91
-9
-18
-46
17
-140
34
-33
89
-29
14
-9
-37
32
21
88
83
90
85
30
54
93
5
-21
145
-2
14
57
-54
-46
63
0
-19
15
59
43
-21
33
21
54
51
10
-67
26
-52
-20
-75
94
50
12
-34
15
-54
76
-41
93
26
79
23
-106
-16
23
-15
-21
106
67
-44
5
30
-48
29
-33
35
-62
86
24
25
108
-17
8
-55
-107
41
-61
-24
14
12
-2
-27
-27
-50
117
74
-70
-85
-13
40
133
-19
-32
84
49
-34
13
50
66
22
9
10
34
-21
-59
-46
1
38
61
131
21
24
-98
44
120
71
-96
80
-71
-12
-10
-22
16
57
-96
25
-94
-49
-65
-116
-32
67
2
-49
3
-1
-73
-32
7
-36
75
-48
98
-30
-61
-36
113
5
42
55
39
22
41
-24
66
-45
76
-5
58
91
-6
-42
20
-57
19
-51
-26
19
-13
8
-17
2
-22
-12
13
10
1
6
-8
-12
-12
38
-24
32
14
-20
-11
-3
-8
13
37
5
19
-20
11
-11
11
-37
-40
-13
-25
5
-34
-13
10
-18
-19
27
-37
18
-1
-14
59
-44
18
18
22
-4
-14
11
19
36
-23
56
13
-56
23
10
-14
-8
31
-73
-36
-30
-51
-51
46
-54
10
-21
46
39
69
26
1
-26
84
114
-28
-76
-113
-22
24
-174
-20
57
-146
72
8
-66
-85
-87
-23
-11
-134
-4
-18
-8
46
-74
-61
55
54
49
-1
63
15
77
103
-52
10
83
17
2
41
-57
-29
37
32
26
-72
19
31
24
-82
56
-4
-28
-30
-27
27
7
37
45
-10
51
26
-3
-15
36
-12
-38
46
65
16
69
27
-29
-52
-39
34
1
-4
19
-55
-70
95
27
-13
-25
1
13
-69
-31
56
-2
2
-4
35
3
28
-31
-80
49
-16
-14
49
74
75
-22
83
-32
34
13
1
5
-34
-61
-35
-37
-21
31
30
11
-27
-23
57
6
-23
1
-11
30
106
-26
38
-55
42
-36
59
-40
-16
-18
-18
4
-10
45
-46
7
-16
39
23
18
-7
-13
-36
6
9
37
26
-30
10
38
-6
28
17
-24
-66
30
-12
2
27
58
-37
-35
45
14
15
-10
-15
-19
14
11
7
-61
-11
32
-14
55
-48
-25
-2
-14
3
-6
-44
17
-21
-18
20
73
-11
-44
-3
38
59
39
3
17
-6
-14
22
-13
-77
-23
21
21
-45
-17
3
1
-16
0
-7
12
43
36
-53
-7
29
6
-125
27
-9
6
-37
-13
-5
64
21
76
-27
-14
-13
-29
-3
4
22
-11
-17
-12
7
-7
1
30
-4
3
16
37
11
18
-10
-27
-1
-20
-10
89
-11
-5
49
-9
21
21
-23
17
10
32
-3
-21
-41
49
-32
6
13
18
-53
-89
21
33
40
0
-10
-6
-19
9
-19
25
-26
22
22
-58
23
0
-57
-6
-9
1
-27
1
-45
-19
17
9
-15
-9
-32
18
19
-17
31
-62
35
-49
2
-38
49
-5
21
-67
13
-27
17
2
-27
-15
-16
73
-4
8
74
35
-26
26
24
-43
-56
-5
14
7
-48
-45
-7
26
-3
-60
-5
5
-11
-17
-3
-40
11
-22
-55
-39
1
29
-10
27
24
-14
-21
34
21
16
-7
-48
-27
-48
-42
-22
-59
70
-36
-3
37
39
-116
23
43
-49
50
-35
-69
57
20
79
13
100
51
42
-8
6
81
-64
-90
57
-64
23
74
26
-11
-14
-111
65
-13
33
20
23
-32
51
-18
-73
51
-31
-114
-7
-23
99
3
-4
-23
-23
37
56
13
8
15
-105
14
67
-57
30
10
-7
96
-59
87
-69
-94
-44
-22
32
-10
-37
-112
-82
107
-38
-43
2
-10
6
-31
-25
-13
-37
-48
-8
32
20
22
9
83
35
-160
55
54
57
-7
-40
8
76
-15
-40
90
-8
11
35
109
8
82
7
73
-73
146
65
-61
2
-12
9
12
-18
-41
13
-21
1
-2
42
-18
-30
25
-36
35
13
19
-4
-43
-61
32
45
30
-18
29
-21
-22
-18
-8
8
-17
-18
23
-26
-43
18
4
30
10
-33
-18
32
-28
-27
13
-35
-58
-35
58
-4
-11
28
-9
-3
-7
48
-50
-28
23
-7
-2
-7
20
-20
-14
31
-19
-42
-32
-46
-51
37
-65
38
59
-37
35
-76
-61
-21
9
-13
18
39
7
35
104
-50
-12
-13
13
-36
-29
-6
-59
30
-17
4
43
-48
-20
-14
13
-26
1
70
-27
-25
14
-17
-66
-13
9
-12
-26
31
-105
4
3
9
-18
1
7
-16
-70
43
17
5
51
-1
-23
23
-89
11
-24
20
6
-45
-22
-45
37
43
26
11
-37
34
-30
-103
93
-32
-2
14
-69
7
-40
14
47
-29
6
80
25
26
58
-52
12
20
59
22
-21
-1
-35
-29
20
0
4
17
-5
-26
8
3
31
36
-62
36
36
39
0
19
0
40
19
27
33
18
16
23
10
8
10
-18
1
106
11
5
12
17
5
-14
-31
-8
28
-6
-9
15
32
-16
-11
18
34
-38
17
16
13
25
4
4
7
15
16
34
28
32
34
-2
-25
19
11
-10
28
13
26
-7
19
10
4
1
-24
12
18
8
24
-8
-46
33
7
11
32
28
-20
-7
-78
-80
-24
16
0
65
-7
36
14
-25
-63
-35
29
94
-6
11
68
-15
-1
46
43
-33
16
-28
15
26
53
8
33
31
-3
-63
38
25
23
-76
1
46
33
24
-67
30
27
-49
-45
-9
13
-28
-16
43
6
4
-34
-41
-15
-21
-31
-10
-23
-9
7
6
32
68
8
30
27
-27
10
39
51
1
27
14
-11
5
23
41
5
-24
-26
16
32
-30
19
-6
24
32
53
37
8
3
3
-19
5
-12
13
28
26
-24
32
15
-21
-49
-28
13
-2
30
56
13
55
-12
50
43
16
-39
-6
18
41
12
-4
-9
7
7
6
-31
-19
0
-68
-93
61
-41
26
-21
9
-9
23
22
65
53
8
42
-50
47
-84
-77
37
-71
-37
32
-66
4
-33
15
43
0
-28
-11
7
107
39
8
28
10
14
-36
18
25
67
38
-51
17
-25
16
-4
-2
-60
-3
-36
32
44
87
78
-28
-18
-2
-17
-32
113
1
-64
24
13
-1
-6
37
20
-18
11
-16
11
14
30
10
33
-40
-40
20
-12
27
3
-31
-3
40
39
14
-25
24
13
21
35
-39
-23
-81
24
-59
25
-27
-8
-12
27
28
-43
24
-61
-38
-14
21
8
11
-7
-5
22
32
-10
-14
34
34
-32
-11
50
25
-15
-10
50
-15
51
84
-8
-33
-45
-42
28
-8
6
13
109
38
-63
-30
-84
20
33
-12
91
41
5
25
22
69
37
-52
66
-13
-30
54
-58
88
43
-11
-101
-2
1
-28
-99
30
-14
39
108
-18
115
47
-75
23
123
0
2
-18
1
-109
3
102
-73
-22
-90
-7
-21
6
15
-35
-56
19
-22
30
-17
152
-10
3
-37
-24
4
35
8
-21
-2
-41
17
40
-73
-26
-97
-33
-33
-28
-12
14
26
10
30
-22
-9
-99
-6
-48
99
74
-55
-22
-49
-15
30
6
50
16
-1
-9
10
2
64
101
-80
80
-2
-103
-13
-29
2
-14
74
-45
28
-52
52
-85
-41
-43
-12
-16
-5
27
-32
25
46
-28
-55
-47
-26
-6
18
-5
10
-92
-29
26
-62
-26
1
4
48
-6
14
-9
-1
-50
2
-4
-57
-19
54
-51
66
20
55
30
66
-3
-31
-25
29
-39
-30
-18
-14
-18
11
61
75
48
82
-39
17
17
-59
3
-2
28
32
-5
37
12
20
-3
-17
-1
-7
20
-8
16
3
-7
-27
-23
-36
76
-7
4
-14
38
38
22
-17
19
0
32
-9
-24
-24
17
-21
12
5
-6
-50
25
19
52
-9
-1
2
-42
-25
1
-21
7
15
-17
-2
-21
-25
-14
57
-13
-16
31
4
38
2
27
18
10
-63
10
-23
-37
-19
46
18
74
37
13
55
-35
-8
-38
32
32
-40
-43
22
-6
-35
-12
5
-47
71
-28
6
-58
17
2
17
-9
4
-16
14
-1
21
-19
30
0
-27
2
-27
-34
19
17
-13
-7
57
-9
-20
11
23
-6
-57
-17
-13
-29
-54
-3
-16
-3
10
-33
-18
-6
36
-47
-7
12
20
5
34
-26
32
6
-25
-7
-36
-23
-3
-20
33
16
46
29
-27
-24
-3
-28
-13
31
11
4
-31
-16
-26
-16
41
11
-23
-18
-13
9
-1
-7
-13
37
-6
-19
2
-27
36
28
9
20
-21
28
-18
18
-35
-12
12
-43
-43
27
-48
15
-20
24
-24
-59
-3
54
9
-72
18
-53
8
-38
11
-62
-18
7
-59
46
-14
47
26
17
35
-23
-26
-53
62
35
-58
25
115
-18
39
-9
-22
27
75
-18
-28
-9
61
45
-16
-15
40
-6
-53
8
-14
17
-26
40
36
6
62
56
-19
-84
-17
44
-63
-69
97
18
37
-3
-15
-49
58
0
31
29
-43
4
44
-18
21
-27
-39
-19
31
3
21
-10
20
-33
29
-12
91
-4
4
15
20
14
8
-27
-2
-2
2
54
26
-8
-21
3
-43
37
-36
-8
23
34
-9
-16
5
26
-60
37
-21
14
-54
-25
37
-27
-6
19
-16
-20
-29
-9
-35
-11
-20
-21
0
17
-27
-66
10
-20
117
-38
-72
-19
-22
57
-23
52
-15
-20
-18
58
-94
-28
-47
48
-14
2
-78
18
23
2
41
28
-121
68
-6
29
4
-5
35
58
67
8
29
56
-37
0
-80
-3
-45
-26
4
8
-44
-8
-6
-33
-1
1
-12
0
-8
3
23
60
-46
-6
25
9
-36
61
-22
55
-9
-18
44
-37
-11
28
54
-57
79
40
27
-117
-54
-30
-51
-66
-47
16
-31
-7
-9
-50
16
-36
90
29
-45
0
-103
-17
15
-4
-37
39
24
32
-68
23
0
-1
40
15
-95
0
22
-128
-51
0
15
-57
52
-13
-42
-8
50
-8
-48
-4
-19
19
49
-23
18
20
-23
45
-30
10
-11
-15
6
8
3
37
23
29
-16
12
35
-19
-19
18
-13
-27
-22
-27
-2
-14
-12
-4
20
-10
-49
19
-11
2
-27
4
13
43
-40
19
11
-24
12
30
51
18
86
-8
-50
20
7
-6
-56
-11
26
-6
-24
24
-15
8
-17
24
-56
-7
26
18
21
-21
3
-3
21
-8
14
-16
-36
1
-10
-30
-4
43
3
-26
17
-6
9
-2
-6
30
-23
-9
15
-3
-30
-3
-40
-29
31
-25
44
-29
31
46
27
-5
-13
-78
57
42
8
14
17
-34
-45
32
28
-22
14
-68
28
-42
-1
4
-10
-62
-40
16
-20
106
36
-34
49
-59
-8
-78
-35
26
58
0
52
-14
5
67
9
-35
81
-72
-51
9
58
18
84
41
-65
12
9
31
64
-65
12
8
-5
8
-11
22
-66
-32
-20
-20
25
-34
-93
66
-70
14
15
-27
-17
-9
-31
21
-21
22
-66
35
-13
-25
-81
-41
-59
-65
97
14
42
57
-41
7
-65
-22
4
10
40
19
20
-65
60
95
-23
14
10
8
-90
-55
71
-39
-20
-34
-12
-24
10
33
38
5
-150
-80
25
-52
-57
-14
-46
35
-48
-13
71
-22
-45
-10
72
-19
63
-2
-31
16
-55
57
51
6
-117
-51
-29
-63
-24
-52
27
-44
17
17
-99
45
51
49
14
-30
-85
7
19
-14
102
-32
-31
5
7
-2
6
54
5
54
-19
-47
-50
-82
29
12
19
6
54
39
47
-6
-23
-22
-18
-38
8
74
38
41
59
25
38
-40
17
-55
1
18
-1
-33
-23
-12
78
-20
-52
2
11
-9
8
9
34
-8
36
1
-11
4
-11
-35
-46
-43
-6
23
-16
17
-32
-19
24
27
23
21
32
-20
-10
-15
-16
34
-17
-28
-9
57
-44
4
24
-34
21
45
39
25
9
3
12
-13
13
-25
2
16
-27
4
-24
6
10
-20
-10
-12
22
-19
-18
-11
-16
15
-4
9
-4
30
5
-1
7
-52
-61
12
-50
-13
-51
-1
42
-30
-10
22
2
-19
33
-17
13
-28
-26
41
14
-7
-16
3
-40
15
-20
-18
56
32
19
20
-8
-13
29
-41
30
20
-20
-8
1
34
29
12
6
75
-14
8
-2
43
-48
-39
2
16
18
-20
46
35
48
-85
28
2
-50
-86
-34
9
-9
5
17
9
-157
-31
37
20
9
27
26
-94
29
50
71
148
-23
-7
-33
15
1
-53
-17
-87
37
20
17
-57
55
-27
20
-32
6
15
29
-52
-47
-71
-32
-56
103
72
13
8
94
31
-6
-89
26
-80
-16
56
-5
-81
-44
28
8
44
-88
50
82
1
6
-31
-34
3
-140
-64
-84
66
-47
36
16
-120
170
36
28
28
-31
3
52
-42
-7
56
119
-15
11
-29
2
5
67
-16
-34
38
-31
0
43
-104
23
16
66
-22
67
-55
55
-167
167
-35
-37
-54
-33
-84
34
-47
62
-54
0
-9
-45
4
60
-72
31
-62
16
-31
-46
9
26
6
52
-1
18
58
-30
50
-37
-40
46
-16
-24
42
-7
88
1
-11
-113
-24
-48
5
74
-41
-18
-9
25
6
13
-2
-81
-113
17
1
14
84
12
136
11
-42
33
9
69
49
-25
-59
23
-22
68
-26
-12
63
-11
56
9
-14
62
8
-24
11
-45
-2
9
50
31
-14
30
-49
72
-98
1
-32
-16
-24
37
89
20
-20
-56
12
41
-9
-57
-34
-13
41
26
6
-21
-76
2
60
16
-14
24
-50
-50
-31
-14
1
60
16
75
2
-12
89
69
25
22
66
-20
20
-9
34
-64
-54
6
-96
-90
-15
-40
31
-49
-11
56
42
104
73
-10
-9
-37
31
-20
120
97
-8
-10
138
54
64
-43
-45
80
-69
4
-58
-90
11
12
10
114
-24
-44
-106
30
-73
27
-110
41
32
17
-144
-6
81
70
116
7
30
10
-86
-154
94
2
25
-25
-34
107
20
-37
82
56
-30
48
1
-5
-24
-56
-101
-172
-59
-25
43
-27
-28
-11
-88
75
-57
81
-27
12
13
-86
46
12
53
-9
118
11
55
98
-38
0
-40
27
-6
160
-30
101
-9
-71
-54
-15
59
-15
19
-31
41
89
154
42
-164
55
54
-35
-50
-121
-83
-4
43
-118
33
43
-15
-45
-69
-33
20
4
10
11
-24
94
-30
38
8
-6
41
-38
49
-51
50
-33
27
112
13
45
10
-23
61
34
82
-37
58
-39
6
-97
99
-27
-58
-5
-84
188
101
-52
-18
25
-34
13
35
40
124
93
6
-80
71
-63
69
82
57
-40
105
-4
-61
-39
-9
50
48
68
-60
2
-31
111
21
-109
-86
34
-107
32
21
-3
53
-43
6
85
-30
47
-5
-13
10
-9
52
8
-27
-24
-4
-6
89
-28
36
-81
-57
-58
-65
11
-76
-6
-23
-37
67
55
-26
-56
-51
-4
-6
119
-59
45
24
51
-45
25
-10
22
-13
-35
-55
66
18
16
-60
57
-50
-3
58
2
1
-75
-53
48
-6
-19
-14
-17
35
34
-2
27
-14
-24
55
-26
32
15
-38
9
-7
37
-38
-71
-6
-14
68
-17
36
58
2
-33
-12
18
-1
35
-45
27
-34
18
90
-5
-19
43
-5
14
-40
20
-39
4
64
-16
-18
-25
-46
3
4
-44
6
51
-47
16
-10
33
-28
-8
58
-36
-88
-16
10
43
51
-4
-82
-65
-29
64
-65
22
-8
-34
-72
-65
119
9
9
76
-45
-39
-27
-35
13
22
50
-19
-32
39
-66
-10
-19
-6
16
64
6
28
-57
-30
-58
-86
-11
-34
25
43
-46
22
47
-26
1
47
-39
78
-20
-16
-42
11
25
-10
12
20
-41
14
-13
-25
-19
25
-12
34
-9
-21
12
-12
33
30
31
-9
9
11
11
12
-10
11
-16
7
7
-38
29
-4
-7
-30
-7
-20
10
-19
0
20
-36
33
15
-6
36
-72
15
-18
-1
14
25
14
-23
23
-7
38
4
3
7
-32
15
-28
-18
4
-19
-7
2
9
-22
-26
64
-21
18
15
-39
20
-30
-42
-48
-62
-25
30
-26
-9
32
14
59
-83
-26
32
-39
-18
14
-6
37
84
2
-20
38
17
78
49
-7
1
19
46
-41
-6
15
-58
-2
2
-28
2
-50
-14
-8
-47
-8
3
85
22
14
-33
5
10
-23
4
-44
10
34
-38
-2
13
13
59
47
-34
4
-22
-19
8
40
4
-40
53
-24
-5
53
46
-7
68
23
-23
20
-26
-21
-12
-4
21
-11
26
18
-22
21
39
-7
-7
-12
10
9
36
-2
-3
20
46
16
46
-40
-6
-8
-4
1
-27
-17
2
16
17
-35
13
-23
-35
-8
-31
92
53
-3
12
32
56
63
27
-5
53
-86
-17
60
-48
69
47
-23
26
-56
57
8
-13
-16
24
-2
-43
-7
18
20
-52
-20
60
4
20
28
-20
-54
-36
-8
-18
-37
-22
81
15
-20
3
-10
19
-10
-25
4
25
0
30
14
-20
-56
56
32
5
-14
-45
8
8
90
35
2
-20
78
-59
21
-34
-12
-7
-2
24
23
57
-11
-10
48
35
15
-10
-25
-95
6
-16
23
-28
9
73
12
-17
8
-32
-3
76
-71
-47
-4
44
-49
14
4
41
25
-21
-36
18
-15
30
19
0
-6
41
14
2
10
-6
-28
-7
-47
36
1
10
19
-6
87
-21
-16
33
55
-76
9
-22
-72
37
-36
21
-2
-86
29
-25
-77
18
-72
36
3
-8
-70
51
-42
67
-31
6
106
43
-29
25
-54
-21
-32
22
27
35
-61
-45
62
67
-41
41
-23
-33
8
-74
0
-77
-6
-94
15
-23
5
25
7
-22
-8
85
-97
-11
28
-5
-98
-18
-14
-15
20
6
57
-59
-38
-60
-63
28
-78
46
54
8
-2
-16
30
-45
-12
13
20
26
-21
-16
37
74
-8
-21
35
-39
59
20
-15
-33
-11
-20
-53
-20
3
-40
-8
-20
16
-25
-28
-12
34
56
-54
74
-28
-23
125
56
73
50
-21
17
0
-41
28
-43
13
-18
-33
-115
31
43
-11
-53
3
18
-59
-2
104
-33
91
-51
-13
-89
61
30
39
-9
123
34
-31
-41
39
-61
-120
-57
-6
-6
35
-100
16
-63
-17
-16
43
6
-17
-42
-60
-136
-22
27
-22
-74
-48
-91
32
16
-5
29
110
80
-26
-23
-26
-7
0
-91
39
-95
23
89
-46
-25
-42
-29
8
-5
26
-2
-3
3
24
40
-4
-91
-26
13
7
-36
-15
-42
14
22
-9
46
-27
-3
7
13
50
23
10
-4
-15
6
-35
-13
33
-23
15
-10
63
4
30
-41
2
-5
13
43
79
45
0
-36
-6
14
36
-48
-48
14
-5
-12
-11
-48
23
13
-11
-28
31
25
131
-27
-7
2
5
76
13
25
14
31
-89
-40
-10
20
-60
20
-69
37
76
-15
-9
-8
2
32
-10
14
-21
37
8
34
-20
-15
23
10
-28
-42
-47
-91
34
-42
-61
8
111
0
-50
29
60
-12
5
9
31
-47
105
-9
-37
-65
32
-50
4
20
-9
-3
-86
21
35
-24
4
-64
-45
33
-35
-48
-32
12
48
-24
-49
1
-58
-77
39
-2
-53
-63
10
-34
-41
-6
-26
-19
45
-77
-38
49
-83
13
-17
47
25
72
22
0
-67
31
25
-56
7
-61
-34
-8
50
50
13
-67
-56
-11
-24
-66
-19
17
-10
-29
-9
-47
-37
0
10
-7
34
22
37
20
-41
15
-4
15
-35
-12
-25
37
40
-30
36
-8
37
-3
9
35
5
15
-3
-4
-18
28
76
34
-16
-34
-10
-52
7
-3
1
22
-82
22
9
41
-40
-18
39
-37
33
-30
32
6
-20
-50
4
31
35
39
-14
-13
26
-3
-6
19
37
25
8
13
-9
-9
-9
-16
-10
-16
45
-31
-26
0
-31
2
-4
-24
17
5
22
34
-1
-2
16
2
-15
-6
-27
-1
12
5
7
17
-10
4
-23
-27
-13
-21
-9
14
39
-8
-11
35
-6
3
-24
8
2
-39
-12
-34
-21
-11
1
-7
18
-1
-17
-12
-13
-30
-1
21
2
-11
-15
30
2
4
-20
-28
-23
-22
-11
13
14
-16
42
7
-1
-27
-8
23
19
9
-32
9
-1
-37
-53
13
17
-3
3
6
-5
33
-6
15
-15
1
30
-18
15
7
5
-30
-10
-26
6
-4
5
-6
20
13
-19
60
8
13
52
0
25
-4
15
1
-56
2
3
52
-8
72
48
-1
-34
-42
-12
24
-52
-2
-5
-33
15
55
9
-49
8
40
-26
-51
41
6
57
-24
5
-48
84
-6
36
16
-7
-23
150
7
-31
33
5
-36
-38
57
3
12
18
1
-35
-15
-22
4
59
-33
28
18
-50
-121
54
-14
-3
7
-48
-5
-2
6
17
10
2
8
7
7
11
-22
12
27
-2
-6
16
18
-19
0
12
-19
7
-23
-5
-5
7
28
-5
16
7
-23
-24
22
-16
-25
43
37
-14
4
-11
35
-10
-27
-19
34
-18
-23
30
6
-29
33
-9
1
-27
-11
-27
-4
26
17
19
17
7
1
-3
15
-5
-42
10
-26
-9
47
50
-44
0
-16
32
-25
-69
-1
2
-4
33
24
30
-19
-25
3
-12
64
55
-4
21
-42
-12
17
25
-104
-56
61
22
4
-18
13
-57
-57
11
-41
3
38
6
29
-42
-78
-13
-4
31
43
-23
45
11
-44
-3
23
-17
-86
8
66
-34
-11
-50
9
-4
-23
-50
-4
46
12
-43
19
-17
-20
28
22
0
35
-44
0
-28
-11
5
-33
-17
-1
25
-17
-18
17
12
-19
10
9
11
-61
-20
-9
14
-11
20
25
6
-39
46
-27
29
3
-40
-4
-41
16
-17
-40
-20
11
-33
25
-19
28
21
-5
-33
28
42
-39
-40
36
22
47
-2
46
9
17
1
-6
-50
-60
-96
105
-67
47
11
42
5
28
3
26
-13
-60
-13
-7
-37
-20
-12
-71
1
11
31
-10
-34
-75
31
-13
6
-25
99
-71
46
-33
-55
-14
-11
-17
-28
-19
24
-12
-20
-54
13
-55
-12
-77
-14
-41
-17
-17
8
7
44
23
-35
14
18
-3
92
24
-51
29
7
34
108
8
-50
-27
126
-9
-80
-59
-3
30
-14
73
39
-65
7
26
-10
13
-79
8
-33
-19
22
0
-51
-19
47
-20
-23
25
17
-75
42
9
36
-17
-18
78
-18
72
-59
-29
-10
38
58
9
-33
44
34
-22
-15
9
35
24
-32
8
-23
14
59
50
47
66
-6
-56
67
-11
23
-54
12
-11
-38
-24
29
-129
8
-13
39
-91
-66
7
33
56
16
-1
5
-2
35
-22
-113
31
107
44
-75
-53
-67
-58
-33
36
83
14
10
20
-32
59
34
-18
-18
14
27
-35
-28
7
61
26
-28
-4
21
27
-29
89
-46
6
11
32
-61
28
55
-134
-35
30
-36
36
-2
-71
12
17
82
54
15
25
47
18
44
-52
21
70
85
-2
8
-2
-6
64
15
-64
-4
3
63
6
14
24
23
0
15
-55
55
-10
-71
0
26
-25
-64
5
-32
77
-39
-36
-7
7
0
2
0
-10
23
-29
-12
-42
16
-27
25
-6
33
46
-20
26
19
3
16
24
47
72
27
-5
-4
53
-41
-29
29
-12
-10
-59
25
21
28
1
-35
6
-28
-18
-9
1
62
-32
12
-33
27
-82
-5
4
81
-2
39
-11
-34
20
43
-24
-15
-44
-50
37
5
-7
-11
-25
146
68
-8
-25
64
107
0
3
16
-21
102
10
-5
9
-26
99
-35
-92
2
-122
98
72
-7
-2
-3
-36
-21
-36
-117
-5
-51
-69
73
34
5
12
-29
-9
38
-1
22
45
44
28
-43
27
-18
-44
65
-36
-48
9
98
28
21
68
52
83
-33
-44
66
-53
