240
397
46
-164
287
364
376
-692
-67
42
-18
-744
892
720
195
-179
14
-782
662
234
-284
29
465
1350
251
-1
990
-493
121
420
266
559
-1178
565
4
-563
136
-316
29
-690
-619
341
-422
719
-805
90
521
294
1489
-469
10
-683
200
586
-456
-3
491
-481
-117
-358
567
-549
-217
371
714
401
473
-108
-3
366
70
300
661
331
572
-424
1220
-402
-266
183
1391
325
631
482
477
-340
-24
484
512
-283
-425
-47
374
820
-436
-681
265
255
-648
-311
-568
-383
382
276
726
-82
629
324
609
199
196
-571
2065
-103
360
1200
526
670
-171
602
577
478
-293
-50
-474
21
727
-388
