-157
-1
471
-653
656
395
-363
-129
-666
-666
-530
-411
76
-300
-260
-679
-271
-758
55
292
-193
185
116
-10
95
-356
-133
-557
286
564
-395
-85
506
346
324
-856
-8
215
-548
-461
-824
-348
-78
320
-71
134
362
245
-103
-314
276
495
-88
371
309
-737
81
-340
-253
-135
736
-284
-83
-404
933
-34
774
-662
-243
-254
635
-450
-78
-112
-293
-82
-739
-185
-490
-36
-339
-303
-570
429
-306
-740
376
-362
-216
-31
-659
419
-360
128
-281
-259
306
133
-496
478
-749
169
539
894
-235
-212
510
-493
-471
323
-452
-331
-300
-617
296
-417
-423
-731
386
-385
-350
-489
-27
-491
392
176
-560
-1050
630
-244
-620
340
216
-260
-376
-143
273
-780
-412
449
313
-321
215
608
-298
429
609
-267
-723
545
-98
-324
108
58
-448
259
-932
-501
250
84
-785
20
-670
66
-119
-115
-248
-76
-510
419
-449
114
47
-656
410
1
-90
-487
837
-275
-533
-169
-266
462
415
-367
-554
-214
-221
441
-277
215
-155
382
-746
-209
550
-574
396
262
-498
-788
567
87
269
-160
-203
-257
-182
-909
350
385
228
-363
417
-483
144
-271
-294
87
374
105
399
-1086
567
241
349
246
-752
522
64
-396
-721
62
333
387
106
-543
233
-622
501
5
449
-524
538
91
564
-799
406
-220
8
-164
545
-130
419
-473
