116838
628322
-1041584
1772952
306872
-129911
-723206
-34008
580561
-647755
554113
1159926
-896319
-194530
-2051504
-52039
168000
597181
583972
-2788486
-136180
200395
359341
-25893
-441951
839589
1451829
1006965
376967
662205
317184
197765
152929
67646
807351
-1794428
817208
-1233536
-102512
216286
450421
-181959
39550
-283962
880554
-641723
-160648
487038
215259
1645247
1308816
850988
28006
96727
-144300
-1334222
650523
60043
-278521
1246336
403612
-735707
348946
502754
-1119800
-198808
724738
-116272
-762262
-165908
-210507
-201288
630072
372151
612366
-124360
147301
104575
1635115
384291
275901
-1437420
-184713
199481
557402
-2714773
166984
-723009
-87884
486540
-605251
384269
138734
277338
211473
-587041
342623
-542152
-723069
155331
324129
1738823
229522
-38631
158608
62473
351598
1734432
-671408
2658995
673530
466696
1317453
-1011190
-1275670
534507
3408693
-297903
190446
-80607
262518
1770182
949784
101775
455008
-104666
1523136
429814
