231
277
155
230
-353
130
445
-397
650
322
462
706
280
-595
907
1144
702
-74
325
119
-333
428
1048
158
42
-190
271
1289
-46
290
971
144
586
508
109
449
315
492
475
36
1111
663
471
413
341
914
568
-283
1463
-597
-348
674
946
966
668
1012
737
-254
609
747
790
1151
563
958
457
37
-404
352
-95
-76
-331
198
1262
2052
94
524
-23
994
-236
272
1804
354
-134
427
229
261
589
-966
556
1078
-341
669
-59
-249
22
901
471
547
166
610
1189
223
747
520
493
1398
288
618
511
-146
-393
692
540
192
249
-666
255
632
-194
188
-148
323
172
671
677
-531
978
563
