168007
352236
444769
-81367
136545
40158
332697
215157
-466988
-107869
1388345
-245124
761756
-8387
-403469
120749
-435494
270756
1017936
158960
-165440
-132991
23996
-61589
957082
803106
1349457
69045
-605884
-78831
627065
1225825
-138740
1557623
108760
245350
-189861
-75613
-82683
513737
578991
599411
182959
305867
52419
156479
-222346
-21427
-43979
1163113
24182
441095
126164
271274
930919
-59783
697768
115467
-379390
1166485
-622412
45047
-28018
140991
-83347
706526
423604
306973
-643103
522877
161251
-357082
-106845
436830
302879
136654
-134011
110205
242696
238920
-163864
-46827
344537
18464
27123
200739
814316
23227
53170
977496
-243378
74956
-114893
-193041
265878
-83623
-304066
249273
929680
772046
-370741
907425
-83316
994648
323528
-39563
33108
-175718
1374489
-44607
117660
328392
6230
-60674
-105779
-215032
-60490
455692
235156
1601503
-188319
272548
1062986
-647050
-68492
840150
-154103
-291617
158032
-9478
483525
-961
-97308
-224309
120190
-398660
97958
534200
1332220
39654
228047
1902
679715
350102
639716
229942
-215073
-224824
67336
-155850
275510
13339
79762
-546691
143000
-139763
-165967
603190
200465
-326126
-24538
-470760
58335
20478
-160300
119219
190569
376208
426387
380107
-42791
3820
1314554
-774630
-107919
468455
-473201
-176601
-382210
1209713
20928
-71043
-254573
310064
521682
854777
-526199
-257083
14647
-189018
-85320
-197875
251856
1139687
829748
-378215
-155170
-91371
128711
339469
-785708
-191000
-460838
-9997
413736
1624376
360515
264076
-7333
-179430
-55483
284527
745473
84865
69244
49933
96358
1340384
192847
1032396
-764287
-826493
12314
212479
-582600
-238951
964132
-104234
91854
-751357
-526502
1008206
67851
149522
-21742
97275
-55564
-42842
-289920
-99768
324039
337400
70497
233923
-298212
-74637
-274830
31528
-10313
1453821
-26525
254280
29389
-411077
-61111
-40168
