-125429
-106737
-94008
-1097678
79501
-57201
65477
150291
70090
-522829
-820853
-1659172
-72663
1011959
1444187
-1377223
-221364
85189
-11797
106991
272193
-53566
-449681
77874
31394
146544
-16565
-205920
-681978
-304256
86033
-1199329
-19649
-31524
253649
361963
45101
-905713
-204379
151513
15689
786952
-604020
-476129
45245
-1654
656567
-170926
-1241575
-63228
181567
-16053
1673064
-781744
-106156
1423821
-107315
-126289
240952
185841
1517436
-195254
-211028
-363334
-815585
-72836
1038274
460778
-406604
1458982
1076971
-814743
497284
811070
946024
-572639
25652
-25664
-716770
134614
1021898
191116
278291
-26150
-157
-560390
-254568
417736
-192204
-12037
383236
236707
-64745
-809030
-496793
302652
328756
-91925
-274512
-791666
-1076477
-804508
75285
-1806078
429026
-1310972
2822
-304248
449047
-265764
-1448622
40884
-143711
-288928
-3804
836296
-696211
153286
-281613
518675
1605618
865132
-597189
10947
144072
-43402
612757
-352032
67448
61344
-162463
-671347
1681550
250893
1133874
29802
38934
-156167
-281449
245939
-730076
-965346
-193910
-954133
-103970
-125954
254817
223331
-757970
-336128
982134
-306495
-601473
-131217
41772
163262
-666497
-886482
237573
1352636
-252666
-355732
54299
-146530
177678
318604
-225375
-106962
660575
339460
-186844
1578363
-795856
-588389
591731
542023
-184837
-709544
-75867
168275
219914
2202907
337902
-538311
1402458
-1111455
-1032950
375870
544542
1277284
1284981
275371
-186441
-465992
265493
-332474
1604448
1507154
341452
1149752
83044
-750491
334468
664198
-260515
405835
-1232963
1680860
-926325
988649
135859
262552
466984
-225021
-109502
-229018
-81390
34224
-454575
236257
-177923
-1119713
-184552
1236246
32653
-150262
-86534
-621107
-855333
-195690
-263874
1586722
-90581
-767598
-71804
-94658
-73964
1508433
918836
-523657
225147
-344943
-357509
-35866
1172848
-7895
997508
589848
1168167
-367401
1071949
499499
378303
233790
-341820
-972891
