312
-505
564
-493
802
-393
912
203
-780
258
280
826
-706
-190
256
-518
247
216
570
373
-539
456
130
-365
696
-510
542
-1
-469
421
411
604
461
-642
423
505
-334
-537
228
-59
174
452
-606
-351
568
-468
66
6
177
-287
496
-479
873
83
549
-530
-856
296
333
773
266
-697
-183
907
256
308
-364
-821
-188
546
-24
159
272
-922
-36
-475
-564
-362
365
-566
650
389
485
150
-527
-1368
-350
347
302
1166
41
440
-239
-901
330
-409
326
-302
-669
327
332
-346
-532
624
-85
-1029
-267
360
-469
475
118
-140
-31
96
-277
-92
92
203
353
-428
-53
151
443
519
-345
21
590
729
