1494958
531534
1002771
-644044
-732863
1691834
598275
-1204174
546170
-374450
162938
222940
1292772
1615871
518188
1117549
64221
-762572
815061
-10336
-28350
-2944
461790
1249558
-221742
-867900
725147
567498
-201129
-412326
638527
-226733
-667622
-939152
-355856
-49246
-463892
629788
54402
-791597
537684
324646
-7495
-11223
-13877
616818
-279198
674130
64142
-1182865
1101845
4343
210756
-23710
-138924
437590
115870
-946460
774638
-200889
420595
581779
146302
632481
-209962
-283289
268483
-102742
413604
-377891
-773888
-352184
380393
79215
225051
-41972
-345775
634882
1359749
-267692
-132464
321917
2100461
-65837
112536
953863
-76795
1296908
-255727
510057
650282
64319
852524
-1039446
-536942
352187
214386
-22514
265822
-42606
69253
336200
170981
283530
115908
-244403
-449095
-32728
507446
-1317490
1149097
97127
48665
-3877
-37804
-273696
-765567
-51214
-1323596
805019
-417217
475876
-1394394
-85513
613169
636444
359116
295029
