-330
1196
149
-606
608
422
-533
275
-238
436
-243
-543
328
-142
-22
-75
-365
840
159
-130
591
628
-176
-443
361
363
422
-135
329
248
393
-41
-65
375
-86
-357
-489
97
441
439
387
51
593
-263
-363
-340
400
-426
-189
355
449
80
401
450
272
-261
356
-179
366
566
-438
344
461
-261
858
242
530
-130
-90
130
62
551
664
306
-387
334
-547
-496
564
339
461
-78
-515
567
415
158
-276
-458
317
504
161
661
522
-202
753
26
693
-428
59
-101
-216
111
886
369
-438
-149
-594
495
225
186
226
200
329
301
515
-595
38
428
-353
-82
295
55
214
735
487
392
360
718
-344
665
-74
-731
249
681
290
374
380
-522
-53
363
-325
535
441
373
-116
825
-121
-214
-511
369
380
318
382
323
-114
-83
-870
566
-358
-222
381
420
278
-203
406
283
-535
458
-549
213
316
479
474
-76
818
-103
-309
-194
225
9
408
982
-291
864
151
700
722
-533
-111
-386
294
-127
273
263
380
289
848
-363
-612
-336
207
-452
160
323
353
495
70
855
304
-233
313
209
-329
-163
276
376
-816
-203
563
569
1053
475
452
-154
588
-24
375
71
29
333
183
535
-55
310
-265
-335
402
375
599
347
280
-428
830
151
-379
387
-329
-98
-214
106
-615
840
-137
559
484
-35
