-742
-1480
235
1104
939
-1616
5
572
948
-165
-199
-169
-64
-201
-173
-135
-335
-232
-194
-171
267
-450
-636
459
17
-269
50
5
481
-209
-78
1232
97
-279
-336
130
-43
707
-471
-1155
1176
1050
-1297
312
883
-781
-210
319
-994
985
516
-26
455
-223
-173
724
201
-1302
3025
-1434
212
1455
-648
-332
-1007
-169
-192
995
-123
138
1220
-64
-539
674
298
1010
1848
-2436
290
199
-725
-646
-1113
-381
959
-446
-707
-83
1778
148
-289
391
-648
271
2251
780
-349
-109
-346
-19
197
-1417
1581
1758
-2965
555
86
-1365
657
717
456
49
1848
1329
-35
-31
773
-597
-898
-1514
853
-1015
71
285
349
477
-270
-110
-179
333
1108
-97
320
494
157
-853
238
315
-1848
740
1187
-428
34
282
1035
2136
1353
-711
-13
-626
1024
1394
1243
-99
770
-116
-150
-2964
145
1067
2074
528
722
-1113
12
-1088
-1859
-560
-1113
-3170
-1380
-659
-1582
-604
64
2292
1095
60
173
-230
-768
-736
32
-703
-486
-943
1028
1160
791
-392
60
405
-141
626
1025
305
1663
228
-217
-198
-324
-487
-275
-486
-136
-198
-165
-2997
263
1072
476
-431
-1782
381
-547
490
-283
-528
200
-386
-133
381
-606
-77
17
788
1038
1463
515
-1211
-1027
-129
-457
-396
-86
-318
8
-64
905
-177
-84
862
-217
-404
2152
-226
929
1649
1068
965
-1796
728
-107
-1180
452
-462
-1528
2052
368
1452
483
134
1165
933
-542
-1210
331
960
-245
-275
-322
-900
518
-380
3286
-96
655
-620
-660
562
1531
462
-383
-1691
-278
-215
40
-215
-313
548
-395
-456
-1495
-373
332
1274
787
-338
-942
81
-208
-474
-51
506
1048
416
373
360
-410
-129
1748
-39
-1098
220
314
364
-440
-579
-232
-661
-331
671
2171
22
731
-226
-39
1749
1273
1927
319
-53
1132
-199
607
194
-912
2084
1741
110
625
325
-959
-661
-1271
930
814
1092
305
1082
837
376
-495
-232
9
-694
-144
85
-109
543
-238
-203
1093
8
-2095
2581
-152
55
-156
-147
951
786
145
1432
268
-581
-1480
-1536
-244
-1081
-23
-1084
897
673
-108
1302
-166
-470
-560
-593
-941
598
642
-974
-678
224
-1555
-65
-19
-843
272
537
21
-1600
-727
-306
-2081
-58
754
3684
38
197
-1429
-336
-627
-2395
1756
-1143
-1471
2858
-481
362
397
1690
9
-936
-478
-1343
958
-847
662
1066
28
-580
-76
-687
-555
-169
166
1533
646
-192
-890
968
-337
-1921
1756
-504
-254
630
30
74
320
-440
-875
817
-285
-875
207
496
1989
586
382
-1863
-336
-596
-18
-248
-1352
-1237
-823
371
681
1110
264
563
467
24
1127
800
-792
665
1069
10
-402
448
-132
-627
-402
19
82
-189
-72
165
-88
-1052
-255
654
-1029
-401
117
-565
-595
-955
-435
-797
357
-677
658
1431
-121
1247
-101
398
1649
627
-239
-2150
-907
-242
700
-247
-587
-2246
-1129
1047
2247
513
962
1515
-413
-501
677
103
-384
-527
1416
-273
-220
-847
2683
1815
-2072
-1980
1174
1925
-799
-1252
346
-57
-71
60
-118
-419
-216
-15
-439
-64
-420
-1420
-67
614
2002
479
17
-650
-77
226
2813
-2242
-3811
2304
1147
987
-3294
1861
1072
762
1672
517
1674
761
-202
531
959
722
414
-867
577
-290
-571
-97
-700
-264
-35
-387
198
1757
685
-2303
713
257
-960
-356
-666
622
-453
-588
1586
2323
584
-1253
-815
209
306
180
1385
414
-191
-170
-198
370
2767
-657
900
-2122
-811
58
181
-615
-347
1062
-934
1506
703
-1639
-855
-131
-845
845
958
-1358
-1206
683
1867
-109
-549
-375
-147
1363
1593
969
1576
416
862
-483
-459
-191
607
367
-374
-650
17
361
-436
-228
620
109
-393
2511
-1272
-416
83
60
-116
1495
185
501
732
-1413
-348
1234
-329
-106
-664
-385
-193
-661
1109
-237
639
862
920
-523
1098
475
1302
293
-1286
-88
-852
70
-659
-421
152
-436
-474
-393
305
-89
-507
-124
-204
36
1344
-1903
660
636
-452
-91
-252
356
-54
50
1485
781
-1918
-105
2095
594
1079
-508
-831
2249
-137
-569
-1061
-305
-125
2440
581
1843
-900
-1713
671
-976
262
1849
74
-937
-312
-1103
-706
-675
-639
-70
-169
-235
175
-1061
-320
628
1176
1037
444
-476
-462
-517
-511
-343
-468
-336
-151
-299
-264
-1225
271
-133
-966
797
172
223
332
-1401
-1046
735
1974
-2114
-966
1318
2937
-1010
-230
-290
-40
-653
-370
-242
-88
47
-270
354
235
-387
-254
1783
132
-133
-230
6
-169
-410
-359
-272
-389
-487
142
-637
-423
1706
152
0
442
1575
211
-1011
-20
-526
1396
1107
-584
467
908
-117
-125
32
-407
-684
1186
-586
515
-924
-1548
-1116
-216
-1248
-172
-1396
662
1301
1088
517
38
101
683
43
124
-458
1897
-1203
-238
1047
-792
-488
-255
739
845
-350
-529
-91
-356
-453
-319
794
340
-884
2408
-3233
1081
-318
-98
377
114
1344
-1226
1823
885
-2471
352
-808
-562
35
-46
-548
-620
-437
-315
-224
-328
-284
-1025
1248
577
-898
365
162
-201
-841
30
195
1214
348
-23
160
-134
-118
-348
-224
86
53
-294
575
1183
-1631
-362
-706
-498
-459
-670
-163
-670
-532
-276
172
-668
373
-551
-309
-436
-428
-498
-621
-207
-12
-198
-85
-1169
277
1483
443
-1150
6
1303
-110
357
2385
683
447
-2199
-116
236
263
382
-230
-1081
116
-438
-995
2108
-221
11
730
-270
-386
-344
-413
-510
-413
206
-649
-84
172
2412
370
-264
-995
-580
-540
-176
-288
-173
826
4
-30
2143
624
-8
-559
-44
1
916
-834
-615
1896
-2109
-1009
222
-639
-719
1699
745
2220
-3193
1908
1156
158
191
148
-1005
-393
-1900
1252
1147
566
2332
-1207
243
-390
1000
-828
-1129
1555
-1129
-587
410
-591
-105
1106
-615
-1101
395
1247
286
1025
959
-365
1076
627
14
288
510
153
450
-467
-720
-417
561
3825
532
-71
-590
-570
409
131
1204
1527
-1471
876
749
706
140
-1214
-781
705
-549
-1200
673
1132
-1018
-616
-244
-833
-354
-144
339
375
540
1992
768
-173
-769
-230
731
-54
850
14
-154
-25
86
-1814
-141
-113
2123
-2170
-241
1203
-754
446
-390
-644
-411
-689
-25
-724
581
12
708
2309
129
-173
589
9
-2187
-1938
-1270
65
-95
-436
1053
388
-713
-740
-946
53
-429
56
-273
-312
-191
-509
-283
-420
-181
-655
198
-721
-769
419
-1038
96
-573
0
