284
-435
216
-693
130
812
265
1403
167
2054
58
-544
-633
567
-1160
-79
-1115
113
-198
-764
995
1022
-333
955
1781
-619
-292
-350
-54
71
315
738
98
1671
477
-74
-827
-1390
560
768
92
1695
-78
544
-168
199
-39
-74
-374
-353
-992
36
811
-703
1194
-79
104
1041
64
164
-773
-45
12
-128
-747
717
397
-552
-183
995
-139
-190
186
-570
-74
1272
662
-440
-998
-957
273
-1031
-325
-283
-970
-957
-100
137
640
217
42
-96
166
587
407
280
361
385
-818
-11
1594
-98
400
-69
-161
-305
27
-352
-367
-844
123
152
-84
-73
-528
50
-931
-159
999
732
354
-219
-451
216
460
-31
599
-571
