-140
-145
-135
54
-279
280
84
-117
212
235
-73
140
-101
147
-69
176
-341
111
460
204
201
122
45
-170
-266
-41
-40
81
-139
70
-194
246
-143
-212
-184
-357
-12
96
-127
248
-9
-153
252
185
-202
-119
18
-248
-23
170
239
199
-10
100
-39
-53
62
23
30
-113
-205
-409
-36
-54
-76
-149
-14
3
182
37
110
-180
194
-137
-7
-171
-214
-33
61
-231
-72
234
42
-91
39
100
172
16
197
276
23
-61
78
-267
-3
-235
167
-284
223
-82
-27
-21
174
178
-149
-165
-151
-169
-8
57
249
-49
-31
240
136
-149
162
4
105
0
-89
-4
12
-172
296
-125
90
88
-136
-7
-123
42
62
217
18
138
-63
-311
-8
-115
86
59
20
-66
-208
227
152
-200
23
-197
-161
-132
64
90
87
-194
-90
52
-99
156
91
140
203
-163
29
-91
117
108
226
-186
189
22
-106
-21
168
-30
14
103
-80
-265
65
153
22
-230
-150
-84
-46
-185
77
-185
-228
-61
19
13
95
60
-141
-125
117
142
-2
-92
67
-193
108
-7
-85
1
-39
97
347
60
115
-33
260
227
-325
314
50
72
-246
-382
164
173
-203
6
222
144
-11
-155
126
119
158
-70
-139
-71
86
28
-268
158
-301
89
17
-262
-228
160
-102
-466
122
-92
-87
-85
146
213
188
-55
72
1
-5
201
-124
54
14
-86
13
193
-218
93
95
-108
242
74
39
17
-203
86
142
149
-84
-23
-155
71
53
31
-217
134
-1
-45
-38
-110
-95
168
146
-29
-126
-100
-86
-121
108
-2
31
-129
52
95
-7
-130
31
-134
-88
-67
-98
51
-105
-21
63
-113
6
-14
178
62
91
-68
-69
51
-17
-103
-32
-59
96
-121
19
152
16
-148
-165
100
23
-135
51
77
75
236
89
77
28
196
-221
89
153
-159
126
99
129
-98
-133
104
21
-19
-150
83
-19
-32
-35
-150
-5
-381
43
73
123
74
275
21
-361
79
45
208
-51
44
-29
-87
-41
75
178
-2
173
111
263
9
301
122
93
-77
-339
354
17
-64
-278
208
-167
-171
-196
-1
-29
93
132
30
-250
-187
225
177
3
297
-146
31
127
154
168
-102
81
233
159
96
189
20
24
-247
97
-82
-414
222
-181
-207
128
-62
36
-228
88
42
42
56
-400
-115
222
310
-264
-183
97
231
-113
-262
-116
-210
17
-80
-40
10
158
126
45
255
167
-104
-209
206
61
-274
-199
123
52
-138
107
152
75
-66
-192
119
114
281
-165
81
150
-43
-103
-99
24
202
137
-159
70
-73
235
176
-66
-192
344
122
119
127
-235
6
-187
47
-131
241
128
183
129
-259
17
79
-187
-31
25
-37
-59
130
44
-94
120
-253
-254
194
340
-66
-72
-177
-31
165
35
-176
133
-8
-115
16
77
245
88
4
-125
128
104
-179
141
-108
-55
84
313
213
12
-145
-180
-11
-136
-29
185
3
-1
277
233
-86
156
-138
172
207
67
117
47
-25
-100
256
16
-72
-34
-116
-42
155
-208
-157
38
-75
-8
-10
154
149
-96
-7
83
191
-102
44
81
-8
-224
216
204
-100
-147
166
-98
88
-86
-90
-385
311
-168
244
396
-28
124
139
154
-43
219
-19
-142
-117
-72
-169
265
166
252
-234
-152
-145
302
-26
-262
110
310
-153
-81
123
59
-100
-135
98
89
-21
57
-90
-128
126
-169
-212
-291
9
-85
-42
262
-113
88
38
-118
7
224
-285
52
-5
-108
-63
15
-163
-251
48
-374
147
-58
-153
18
-160
-117
126
80
-76
-342
-77
-45
-257
218
112
161
115
54
274
-173
-182
-16
356
-81
53
148
157
51
75
21
154
166
66
-68
-170
96
-118
22
81
311
-219
61
41
375
-135
-15
371
-82
-62
119
-87
-133
142
77
57
-203
408
140
-25
-29
264
-58
2
163
-14
165
-23
30
61
-324
238
55
126
-96
53
-177
114
228
168
247
268
-313
67
172
146
-146
307
-69
-87
38
-209
194
44
29
60
-55
239
135
-21
-486
-140
-106
105
-140
-61
109
-78
75
-124
65
-54
104
-80
-27
-33
76
103
2
131
-68
25
157
-199
-32
-51
-27
-210
38
123
-67
-83
-291
93
-117
-92
-14
22
-86
-17
-2
-57
117
71
69
-273
-7
-213
92
-79
-21
249
-118
15
76
-37
-102
67
73
-57
-181
-124
37
263
76
36
169
222
1
-100
89
-63
208
-23
-34
-129
-87
51
138
-54
12
-64
-92
34
-66
21
74
4
-150
23
67
18
-36
-197
103
-150
-132
57
-70
-156
-36
-78
-118
-137
-62
-23
-49
11
-69
-8
20
-212
-32
132
-154
76
-169
-191
244
-150
-41
-88
28
-55
-23
-8
38
-77
36
85
-54
32
-1
-14
120
2
-2
169
154
401
-220
-105
-122
-293
16
-279
74
147
71
-196
274
-228
120
-224
32
45
353
-83
59
32
-237
133
-374
-31
-214
-162
-72
-8
-137
-23
16
-25
-82
-203
-143
160
62
-150
-249
35
-139
47
149
73
10
306
75
282
122
-4
-31
280
354
58
207
146
-197
-90
-356
-224
52
343
-47
-412
214
53
-24
24
128
-139
249
-121
7
-43
563
-164
50
-33
-167
-186
-118
68
-265
-18
223
-223
1
-128
180
14
-376
118
-27
-63
28
7
126
-123
-86
34
-154
-38
-71
69
400
-45
-92
-91
321
317
-376
-73
278
-60
99
-36
252
-52
-81
7
88
-47
-94
8
-163
334
81
145
-152
-211
77
573
-138
45
279
-63
-29
-67
341
-120
-88
-88
151
402
71
230
30
218
108
151
97
-295
-239
56
76
102
-434
156
397
-93
-146
151
-89
98
-111
142
27
89
-30
42
14
130
74
-153
-119
24
20
221
-159
14
84
338
159
-193
-115
-72
-66
-143
353
-121
37
-109
360
30
-83
-68
-122
79
-80
-123
-224
-158
181
195
-107
-61
-47
8
-281
219
-63
319
36
115
-260
-342
-242
188
187
274
-35
0
114
-121
-90
130
-120
237
1
14
124
115
276
-100
71
94
590
84
131
-159
242
-332
-190
-104
-158
-142
23
-281
-22
89
47
60
-198
146
-13
-178
-37
-137
-126
-152
-16
-114
42
-11
9
15
-30
139
-38
41
45
5
-188
-133
20
-78
-64
-27
-33
-98
-79
-122
30
-62
96
142
21
-4
-90
-97
-65
73
-60
-72
-22
104
-105
23
-31
6
2
153
7
-139
100
-45
13
-231
-194
-139
-41
-181
16
-136
-97
-78
-80
64
-259
273
62
172
-51
-131
114
-83
-28
-75
-48
-19
145
-55
-36
213
68
-64
115
242
-62
-154
130
-9
-49
-62
30
-167
2
-57
-122
-39
-96
71
194
67
-12
109
-121
46
147
45
113
-133
117
12
67
104
54
42
146
-11
48
-21
-112
-67
41
19
-53
-129
129
-58
-7
-147
-4
-108
222
-152
303
-7
104
-202
-434
3
263
-98
-31
-49
38
-202
-22
60
131
-61
-22
54
106
-174
4
352
113
164
62
46
85
24
147
-159
70
119
132
-34
-166
126
299
-120
-118
-32
93
136
-135
-302
143
-35
-60
-111
170
14
241
-152
-53
-158
-355
221
-116
-102
-190
-22
22
-9
159
79
17
8
-139
-303
-123
-200
-79
51
-64
159
40
-148
297
-158
91
-43
57
100
-57
-58
202
-31
-191
23
-3
301
-177
-50
-112
-30
-224
-69
-99
111
230
-168
93
162
-408
-396
-145
192
173
50
-151
-117
-123
24
-144
93
-23
166
41
222
29
22
-90
-180
100
-121
-146
-184
-258
19
202
40
122
-70
-222
28
-125
228
-268
100
35
226
119
96
157
-212
-59
50
-251
145
29
5
220
25
-207
251
-150
48
29
-51
-173
173
225
405
-179
-18
-40
33
186
229
-114
-148
198
192
-13
-14
-86
-348
91
-152
174
-123
321
-90
41
-31
8
41
-89
141
-5
-84
-548
-100
-71
85
114
-94
-229
147
-145
93
202
-150
-38
-168
37
-55
-67
-452
39
-36
66
-86
249
-200
-327
-83
17
141
-80
226
130
63
-33
-165
-216
-124
-170
152
-77
-254
266
-16
-250
176
-23
-58
-98
-44
48
-91
9
90
90
92
234
-210
-42
64
-117
-361
-191
-54
-66
158
33
5
324
126
-36
-22
-34
-262
3
-166
384
-148
-176
86
57
-120
181
198
-372
-357
61
15
38
227
-92
120
60
117
-137
-212
36
230
-66
35
-48
-145
-59
40
215
496
32
78
-32
-123
74
293
45
-95
-9
-40
24
-117
57
26
86
18
-106
96
-114
-105
-147
90
-133
137
-120
-135
-117
379
-181
-50
-123
-9
20
263
276
-346
-266
53
-97
-56
69
74
-17
-58
-137
151
-55
-556
-292
-293
-168
20
155
-93
-162
155
-27
-33
144
-163
-40
-36
228
193
56
38
23
-50
476
-182
125
57
-104
-192
102
-194
-9
-188
-44
-107
150
85
426
264
227
-147
116
236
48
-5
195
-123
227
50
-166
86
199
-153
64
59
122
-43
-39
148
-51
-128
-307
465
98
166
-37
179
-284
134
233
25
-135
-262
-16
50
-316
-236
51
136
0
-63
-57
15
286
197
-5
-202
-150
39
4
-77
-153
-256
133
70
197
223
-47
-55
431
55
-19
309
-53
-395
237
-25
-94
193
378
-19
-31
39
-181
161
46
-345
142
-60
-84
-33
-298
90
-176
312
-187
23
138
120
-78
-326
-173
-69
-54
237
-102
-76
-213
-175
132
-26
-20
-50
-17
159
-56
-37
-449
159
-165
465
-87
102
-76
96
-16
-103
-177
-3
-207
104
-195
13
-197
32
-38
-239
-266
-271
-149
85
-253
-75
64
-116
182
414
-54
-78
-196
-19
-327
-75
98
372
51
88
101
-226
-259
219
-87
-177
171
-203
280
-200
-230
119
-303
-28
-152
-150
83
255
-165
-18
-280
-100
181
174
-139
142
-201
40
52
269
70
228
95
-96
56
292
18
-270
48
-283
74
381
181
33
214
-148
-48
57
179
-188
170
123
202
-324
-96
39
-87
210
30
289
265
96
118
-156
260
91
72
-136
-112
70
-283
148
-55
65
248
19
-61
-173
7
169
-143
74
54
465
270
151
152
62
-232
-216
135
-44
213
10
144
-44
274
246
96
305
-228
-91
-154
-28
96
-139
116
-212
-240
-96
-21
-214
-15
149
20
-66
19
208
-65
101
148
23
89
-154
-93
144
-195
-20
58
-1
-23
-16
46
173
-100
123
-9
-241
-75
-142
-39
21
-118
-204
-34
-24
-89
194
131
55
-101
-139
-171
34
-190
-143
-121
59
-49
136
-33
-16
-140
-66
16
-47
8
91
123
-160
232
-28
261
141
-77
6
-313
-113
-87
116
165
-34
115
-176
-58
17
-89
-227
-202
-88
132
85
-43
68
242
39
117
-69
29
-1
-61
-164
150
-211
-21
146
135
105
-170
92
6
83
204
-9
65
225
-138
-220
-105
-382
-36
-100
27
1
-29
325
48
231
-180
-175
-28
-102
-83
-40
-36
178
-30
15
19
-96
-77
-61
86
3
-41
-68
-110
-30
55
-72
93
235
-113
99
83
-70
-68
-3
85
40
55
17
107
4
-75
-108
-74
-29
39
-84
50
100
1
-26
30
-79
122
-47
82
21
29
-78
-68
-86
-172
-92
-60
-24
116
-48
144
20
99
75
-14
-25
-51
42
-66
56
64
-63
54
45
-75
-110
-97
44
-112
-65
-147
-83
28
98
-17
-107
-27
-29
-212
-53
9
-315
-19
17
28
-42
-112
-13
-28
-53
-143
10
-104
-14
-14
96
47
-75
-99
47
16
-166
-8
-200
27
-105
27
-124
48
-122
10
138
170
-38
20
-170
139
33
-16
-37
-41
170
390
243
55
3
-124
44
-221
28
15
72
70
-149
-179
-61
1
-50
33
-230
-77
308
-169
74
27
-56
51
-169
273
-12
175
14
58
-153
-196
132
-30
-34
64
-108
159
-189
205
-61
236
-15
195
-84
-187
234
212
116
42
-295
-29
-88
-299
-18
91
127
47
-20
-45
-177
235
26
72
-28
-101
85
85
60
-309
-1
73
130
-157
151
86
96
185
-132
-201
90
-64
-374
-106
218
-188
-92
-43
-2
-162
149
-155
220
-21
-34
-124
168
20
137
-332
-45
132
216
-80
-13
47
426
-326
-358
-510
196
185
-179
-223
-216
-84
91
-35
26
-80
80
-50
48
18
-194
-100
162
-83
-169
13
79
58
105
156
-93
-43
124
-146
-48
-38
-124
303
-143
156
-6
185
69
250
-142
62
172
100
51
-163
-14
-127
102
197
205
-191
-5
-133
298
175
-36
-168
-13
187
128
-94
22
194
-106
-218
127
-62
155
118
226
-247
-119
254
136
4
12
-198
-191
-49
14
-120
-9
153
-126
49
136
268
126
-12
48
-200
35
-28
57
88
104
-185
271
-242
-271
-2
-59
-174
-83
19
76
44
-100
102
41
31
-48
84
140
-90
-28
105
26
215
-137
-2
-147
94
-246
-75
165
-193
141
-53
51
-132
376
-99
111
165
-58
-56
10
-39
-35
80
23
54
40
322
-298
130
-149
-335
148
73
-276
-39
-75
-194
343
94
78
29
-70
-324
-161
-126
-16
-148
-148
-93
-47
-110
42
226
4
-266
-145
138
-179
-341
-31
151
124
245
-93
80
34
357
-201
58
-38
-171
242
91
-232
-171
-63
-25
209
-194
-121
222
-398
-230
147
178
9
211
-51
98
173
302
67
-234
-179
13
-133
-123
333
469
-15
-74
-228
331
-91
-213
-121
85
247
-69
233
331
27
294
-83
54
49
-75
-93
155
-178
-104
5
223
-101
1
204
74
176
-403
-338
-3
246
109
-144
-264
-214
-269
-38
-218
150
284
-95
229
-7
-252
53
-172
15
186
-151
148
67
-13
-133
-35
-113
-20
-66
-92
-45
-165
-81
0
-71
-144
-47
102
158
27
-136
27
-45
114
-193
76
-143
-43
-124
4
-119
-195
63
119
-115
21
-174
-201
21
89
5
42
-7
-313
-224
-26
-168
-133
-251
59
-2
-122
24
164
-161
-233
75
74
2
-26
-9
-91
39
70
-16
83
-59
-164
7
77
-54
139
-136
-132
-34
-273
-116
-60
379
-82
203
95
-127
83
252
-66
136
10
-317
-187
70
-92
168
-173
75
229
149
140
107
-127
83
4
184
-4
-40
324
-46
-276
131
17
-118
89
-24
-35
-46
35
7
-454
-193
-50
-62
174
-23
-67
-158
-4
-163
-129
174
-48
30
-138
68
-11
148
-121
202
-20
-71
236
175
266
53
-14
-91
162
111
160
280
-62
50
131
9
7
159
148
89
-63
57
-119
-114
-72
-72
4
265
97
-81
-29
99
25
94
7
48
23
110
-256
288
-76
-126
27
228
167
-333
37
-73
338
61
10
54
-33
19
13
-2
-120
-95
302
81
16
114
-60
-34
-174
186
-89
-32
78
369
-136
-32
-170
-79
95
145
-125
37
97
102
-215
126
171
102
29
36
47
181
-134
-37
-10
122
-48
64
-12
64
56
-4
57
96
-147
-107
-85
-139
43
9
-272
152
197
150
6
92
-22
-204
-267
-131
-298
-173
-18
121
-233
-203
-146
96
89
-61
82
71
104
77
-70
113
-86
-108
-247
-126
-54
-319
281
133
27
272
-4
61
81
-42
237
198
204
-7
211
248
-28
1
-19
-150
-46
60
56
110
-251
-49
-312
93
-47
152
-58
203
-181
-88
-1
99
-32
-195
30
159
-48
295
-144
126
-28
123
-329
-110
246
-51
38
-39
2
-211
-156
42
-169
-341
2
-112
56
-50
-24
107
-79
-73
74
-82
5
-80
85
198
-220
-272
150
-89
4
121
-181
190
243
-44
8
-100
46
-82
31
261
-197
108
-77
-181
33
-241
-222
25
-79
-90
34
-165
118
144
-136
-265
-162
165
-53
-34
19
-60
45
-132
131
52
222
114
131
-133
279
76
-111
-100
-47
-7
-80
14
49
256
-158
-233
-92
281
42
76
106
-357
51
-197
5
240
294
-194
83
272
-120
0
-311
71
139
-281
-63
-33
47
-211
47
-50
-136
32
-154
-222
135
-37
260
201
-110
198
-102
-162
32
-70
199
-163
-162
150
87
84
133
53
8
-18
-124
136
-6
-102
-113
-12
70
-89
-240
-74
199
32
-94
175
-60
-147
20
-90
-34
65
-101
-45
77
142
24
-22
83
66
-3
-154
-278
-57
248
96
57
-395
60
-136
-153
54
126
86
238
27
116
5
-205
-210
-138
-240
180
142
192
-50
197
-64
-179
-175
-150
102
326
31
-134
-183
-208
-45
28
-196
35
-2
61
-255
430
-218
-207
24
-66
224
-86
-30
-80
35
92
220
65
-91
-210
-143
-82
-119
-132
-29
-6
205
-84
-123
43
166
-30
138
41
174
150
114
-199
326
-74
164
-12
-69
8
-1
-93
-55
-17
141
74
-53
-13
-303
-34
20
78
-5
-85
-18
42
48
266
46
194
-26
-96
9
-163
314
-30
17
-122
-24
17
90
-159
-11
-128
-26
16
107
-252
-57
-134
100
24
-297
131
53
85
175
-247
11
-1
120
-4
-158
-68
-80
-10
34
-215
61
-61
311
-31
-81
95
79
-184
195
97
29
119
-165
-214
128
-60
-19
-29
-198
184
-34
-89
-124
-72
-35
-19
293
-122
101
109
-188
-93
-185
162
-271
-94
61
-269
-64
10
100
77
-167
69
44
24
172
348
115
-199
298
-318
-25
81
65
22
-29
49
-144
55
-95
-115
179
-83
248
-97
183
9
-14
19
-302
167
1
122
-352
-309
182
-224
106
-130
-68
41
-216
-35
41
52
20
117
-89
194
92
-267
307
146
75
-68
-42
-39
248
-144
-119
-232
2
-22
-26
55
96
-247
104
9
-66
-64
182
19
191
-9
137
-363
365
-238
58
-46
-68
48
21
18
29
-323
86
213
-286
-195
84
40
-290
291
120
322
235
159
225
7
107
113
8
73
-215
-53
-149
3
88
-271
-46
-38
60
43
68
152
-14
21
-173
8
46
136
-80
-7
93
-98
-91
15
114
23
273
107
131
-181
136
38
85
13
-46
-339
35
-125
-41
-127
140
171
-136
102
42
-228
54
261
-78
0
63
-106
60
201
-251
66
-91
-116
-71
-76
-41
-68
204
-119
174
13
-68
101
-129
-126
195
86
-172
-142
10
10
32
-80
64
26
32
-137
48
222
-135
193
-40
-18
-87
-206
-90
151
-35
25
-3
-53
-135
111
11
61
-68
-5
61
-46
42
25
27
13
108
-238
141
90
-48
-164
195
-121
-86
-198
68
-93
232
178
-4
137
124
91
-91
246
39
-54
-89
108
116
-87
293
-123
42
463
154
290
-93
-88
-184
-304
87
159
-156
-339
73
114
61
-161
26
-128
-8
11
-33
-364
-67
177
116
79
-63
364
63
-12
30
-204
211
-250
162
-187
-110
-273
-33
82
-55
35
33
-31
121
38
-201
83
170
-64
147
-199
-23
-185
65
82
-114
158
67
30
59
112
-6
-206
-179
50
-216
113
88
-64
61
-116
-412
108
-19
58
270
98
-216
76
-89
-56
-146
140
-155
-338
-224
-78
44
54
-78
262
-49
-91
-1
270
3
55
-209
-13
1
-74
-230
198
-156
44
6
-30
215
25
86
-134
220
109
131
77
-68
-30
-43
-58
-82
56
309
116
200
-240
54
65
-30
1
-72
-107
-24
185
78
281
-228
52
-57
26
40
102
108
-48
-42
-28
-172
87
34
-60
-264
407
-23
-181
-78
-47
-122
-104
7
-161
53
32
147
-61
20
108
-33
47
-258
-116
126
268
-57
13
-101
44
-33
-142
-96
98
-37
-88
122
75
-150
44
-12
217
-58
251
-112
-41
-143
71
116
209
-67
-294
31
-42
33
-1
-97
-158
-123
147
-272
-183
137
-300
-158
278
163
72
177
-90
-26
-50
50
121
-19
62
65
34
-24
114
104
95
-132
81
-145
22
92
97
-54
-12
121
-285
-222
197
-12
139
-227
-182
-43
161
183
205
-168
-48
-22
-66
-24
-13
35
74
43
-156
-104
111
-155
343
155
-176
-257
-133
-194
146
-62
-237
-246
91
-225
205
65
27
428
25
-139
20
-49
305
-59
-96
86
12
-4
173
-55
-28
162
58
-240
-2
29
231
58
-56
-118
-29
131
-330
-85
257
106
-127
-63
-16
-71
11
-247
42
-60
-11
4
-188
-112
-25
277
-304
36
297
26
-53
-46
444
84
-92
-22
87
19
136
-130
114
7
38
195
81
-117
1
98
114
41
-27
110
-113
171
-55
-29
-7
109
-127
114
14
202
-79
224
106
159
-311
121
-24
16
-232
154
57
58
190
-203
217
15
48
-164
-15
185
24
-41
46
-43
419
92
154
-89
-18
76
-12
-232
-9
-110
168
25
-243
61
119
115
-83
-46
-16
88
101
-195
-20
-139
-172
16
236
175
-40
-112
-86
-225
-72
-111
43
218
77
16
14
-27
-129
-194
-88
159
-9
59
-378
113
168
-21
322
89
-178
74
-33
-99
-105
376
137
73
328
-9
285
259
53
88
-205
-255
-127
-70
-167
-16
115
-46
30
-10
64
-93
43
25
78
16
-136
-124
-146
116
-275
17
-17
149
45
-66
-160
275
-246
15
12
-21
82
-38
137
-73
24
204
179
3
-219
-18
-452
165
-305
74
-52
-88
164
131
-38
276
-259
-159
-171
-277
182
7
187
-229
-79
62
290
22
-152
221
13
-31
273
24
613
-290
-85
-4
-191
52
-121
56
-81
145
403
-99
330
-67
63
190
-62
195
-90
-131
-28
-8
-149
-187
186
52
21
-277
-155
210
49
-97
175
-178
-115
102
-29
44
-172
235
-130
-248
218
151
-71
-228
-171
-216
1
-79
-125
102
-38
176
90
-128
-62
213
266
-249
193
115
101
1
440
-415
-70
-288
188
9
-170
-12
-198
-40
-159
146
4
-39
86
-11
113
308
-354
-35
101
-89
36
296
-82
-129
43
-214
63
44
-25
215
159
78
448
168
-302
-130
264
-96
-252
-152
254
-105
-164
396
-150
65
-197
-57
-17
-210
66
-239
-268
-16
241
-78
20
18
-187
109
-130
151
-17
-37
85
-124
111
52
-11
38
38
-139
-74
-98
-121
154
-17
49
171
-65
54
22
83
42
-8
3
-1
-59
-78
-91
-43
67
-173
-111
-213
-233
-21
-94
-21
-30
-147
-70
-21
-130
0
-107
80
85
67
-199
-104
-29
113
-30
38
-22
123
13
218
-4
-119
46
15
-156
87
-89
158
-110
130
-40
-21
-77
16
-5
129
-14
-6
-23
-82
110
-110
165
-191
-98
69
136
62
-136
85
192
58
-59
50
13
-232
92
16
4
-119
135
-71
13
0
0
-140
39
-125
-55
-7
103
-143
61
-73
33
-72
-97
201
153
133
-49
-175
105
159
-34
137
9
-278
142
-46
361
238
83
-31
338
-137
203
111
155
-69
-190
208
291
-133
-141
-107
-14
-208
178
66
-65
112
-149
196
-238
-49
217
262
349
-41
13
-130
69
-95
-144
-81
317
-102
38
211
-35
-285
-189
206
178
-295
1
17
-22
-248
240
-246
-3
-5
124
-152
10
-44
217
223
461
357
258
72
-172
393
113
-435
-26
82
-141
45
-106
220
496
-203
195
16
149
-51
42
80
60
16
-255
59
28
137
251
151
-189
224
121
101
-60
543
142
-59
-90
-17
-77
-232
-290
63
292
264
-125
-237
34
-103
279
-19
386
222
42
-246
-258
226
-103
-54
-219
-167
-56
-48
-157
-106
-420
-56
-25
288
-230
15
-28
92
-70
-403
-2
121
119
112
-173
-96
-63
-74
176
49
-454
31
-7
-149
-14
-43
-64
-243
-199
166
46
-97
84
-83
-28
266
585
252
-323
4
-32
-231
-24
313
-232
124
-8
-124
-159
58
-353
-56
-156
-51
-150
197
-45
8
-3
39
222
281
18
-262
9
509
123
-11
7
273
174
-75
94
122
156
8
39
10
-111
-95
79
-141
-114
-101
279
184
-97
337
34
51
-93
105
10
166
20
-170
25
-381
-76
112
-317
-245
124
84
31
41
374
-160
-186
-288
-83
-66
-198
-216
72
31
-371
-114
-78
-136
269
114
-277
-131
-153
126
-93
136
33
-159
167
57
97
-18
161
-3
-229
162
12
-47
-79
-108
-126
358
-128
-212
165
-95
320
-87
-350
90
145
87
81
-84
175
-129
-93
-109
-36
201
-136
-139
-80
55
-138
-16
14
-121
53
90
-116
-85
-52
5
89
-65
58
-90
86
207
87
3
-193
142
-210
-128
207
16
203
-105
-59
-131
-73
-181
67
32
-12
-104
55
64
43
-170
-103
183
25
-35
-139
125
159
178
-42
357
-119
49
-116
-372
24
-118
22
87
-240
11
-97
30
-155
68
-37
-105
213
-104
88
-75
-137
93
-38
-73
-21
41
138
260
-379
240
164
-84
40
80
129
149
-110
-1
31
165
-72
113
117
-619
-174
-88
-181
161
218
-120
-44
-109
155
171
-42
-588
-74
-62
-16
90
329
113
4
-131
-219
133
292
216
-76
150
37
-173
-128
-76
301
273
-232
171
-267
286
-16
-106
-36
89
-177
-132
-81
-227
-299
-203
-267
11
22
83
-188
179
-139
180
296
-208
-94
155
76
-140
-106
-80
82
-306
-56
-328
131
107
78
-379
15
-4
-266
80
225
323
-100
-108
-193
-62
420
-14
194
-93
66
298
-162
-117
177
89
-36
-97
110
-140
-150
59
42
33
-298
72
35
-116
105
43
59
-174
137
-43
-106
531
-221
43
73
-157
62
-215
-159
-431
-337
-279
95
-95
195
307
-132
-14
-77
87
296
-122
-226
145
-114
-92
-264
162
-94
-170
-87
146
139
-103
68
110
-73
-63
-86
238
57
-61
71
-14
-285
45
-86
-87
123
19
37
-46
64
-105
-95
-51
63
-23
203
-165
92
-152
105
29
-381
166
42
93
-37
79
-130
-281
259
-216
-25
-68
-27
42
-177
-378
-30
-66
281
-9
218
102
66
17
-42
-80
91
158
-194
288
58
-33
378
186
-100
-130
122
-17
245
46
31
158
-392
143
-197
-186
-283
-144
-49
372
418
235
226
-30
-223
-174
-109
108
51
-65
-8
-204
-248
-550
-28
140
238
108
-110
-603
108
-309
-131
-273
74
-43
-288
-13
-25
-208
77
87
-244
-105
320
-174
66
116
-490
122
-34
11
161
73
-150
27
321
-46
-31
-169
150
-166
-241
141
124
198
144
-175
-153
92
66
-160
-55
132
-177
81
-246
313
-7
-166
42
-87
58
-132
-276
-173
-290
-52
306
8
-192
-127
419
-404
15
-85
-197
-72
32
41
267
-154
100
-36
149
70
54
196
-93
142
233
-241
-267
39
280
30
-55
-90
258
97
-11
-39
289
-291
156
-23
-228
198
-395
-17
-359
-134
72
-290
-58
241
-264
-197
-515
67
-148
40
-100
-160
201
-328
-57
-43
-129
-46
-82
12
103
28
-9
115
-186
15
320
501
147
610
240
-1
-27
0
-7
-165
136
-288
-57
-33
23
223
43
-327
182
347
114
-87
34
-177
199
11
9
164
90
387
13
34
-33
-111
13
287
-136
-313
125
-140
340
-415
-63
-433
175
-158
-515
155
-10
-101
-816
-15
-239
-102
-153
-189
220
57
33
65
45
-236
168
287
-95
-22
111
25
18
-122
-17
64
80
-174
-95
-309
199
-415
227
-253
-344
289
-152
-201
-444
-224
431
36
-52
339
225
-97
157
112
190
-35
223
151
266
-76
-210
553
-4
-212
279
152
150
516
153
88
-69
-306
-66
39
207
-67
-279
59
-99
-95
117
-362
128
-31
-465
-77
196
16
-151
288
10
199
-22
145
-348
-178
-252
-52
-298
157
202
37
-192
-265
-116
385
-4
283
-42
55
-124
370
-206
-308
42
203
44
141
50
-94
42
-152
146
-236
308
66
-1
-153
123
-39
-402
230
217
41
316
332
404
225
-191
-226
245
-208
-51
-159
-362
-44
-353
247
-253
341
-309
221
60
-208
160
-326
-98
-106
-231
-217
163
-214
252
-168
18
348
37
-12
99
-153
-169
-37
41
60
-123
-326
-53
245
-23
-124
338
162
248
44
33
97
-247
111
100
38
176
114
-24
-168
-145
-42
-285
-191
-18
127
-306
36
-16
-118
261
217
361
-104
-150
-390
-171
126
317
-27
-57
137
-92
125
221
144
334
403
-163
52
-148
261
-43
61
216
33
-38
-133
119
271
155
-116
-155
104
260
4
89
8
-313
-147
254
8
44
-35
34
13
24
138
-70
-23
55
18
142
139
-130
122
-274
36
248
3
-120
155
20
-218
-40
237
-91
-69
-240
-259
-455
-68
50
59
-249
-111
96
67
-24
-456
-117
-55
12
-73
-20
-63
168
285
-406
65
137
204
418
-345
78
-123
-326
-6
73
-202
-86
310
193
-21
5
-183
101
-125
258
353
-469
121
-166
-62
115
0
216
236
-199
-153
-79
-102
-90
46
219
-140
315
117
137
-54
79
-198
-75
-233
-174
367
-292
155
-26
-146
-245
99
-127
-275
60
296
-53
288
-157
168
102
144
-77
-195
-44
53
151
5
32
-36
-11
158
74
-4
341
-37
-1
17
-20
-110
100
-72
80
-66
-16
-126
33
-38
39
-112
75
46
129
-11
-173
47
-103
5
178
11
215
-288
-22
30
-170
-199
-21
-116
-64
-2
149
59
372
28
76
-107
-60
-83
-144
89
-245
6
23
111
41
-29
136
32
-67
-83
-164
189
24
-9
-44
-105
157
-114
-143
145
6
97
115
112
112
-108
-213
18
-172
-20
-73
15
30
18
-136
15
129
-31
20
-173
-79
61
-112
-51
87
-10
-106
-41
400
-57
28
215
240
-75
104
-11
33
26
-10
4
-300
-171
65
84
-244
-103
-156
208
-218
69
-210
-325
95
-76
-116
122
-28
-63
-102
177
175
-122
23
-200
202
-79
138
189
107
-24
86
47
-113
41
-6
-102
-29
18
292
142
-180
-82
53
195
182
208
4
243
-87
-84
39
-93
-293
184
77
153
185
-6
-113
188
-288
-14
161
144
146
-81
155
-77
-299
-160
-245
90
-108
-105
99
109
-174
86
109
60
-57
255
-100
86
-159
99
-162
19
45
-17
-307
-50
111
-97
252
489
58
145
4
-11
16
-47
51
147
-237
69
67
-266
140
233
115
31
-148
-146
204
74
82
-18
-9
54
141
158
-110
162
-118
221
192
-158
232
-192
42
-174
7
272
197
97
-65
46
38
-148
-229
-76
-120
134
206
312
-49
-30
247
188
-58
-20
112
-5
77
-158
142
-189
-129
196
-107
25
-334
142
-222
-270
73
190
37
30
154
407
-43
107
-52
132
163
-168
74
-125
-316
-8
-23
253
-10
3
-241
378
-419
83
87
-111
8
58
-163
-191
30
-154
104
77
-65
250
234
161
141
-92
12
-31
-105
-11
329
216
-52
55
381
247
-407
-142
269
125
-115
-68
-65
-541
25
102
-275
-246
-137
27
6
277
115
-60
182
221
322
158
-83
-119
-7
-62
-364
23
-116
-117
268
-141
-86
83
-97
86
-283
-299
12
-119
-205
221
-55
-116
-39
-230
-133
244
13
12
-234
28
112
-188
292
-147
-133
80
97
-56
142
-60
-68
65
27
125
15
45
-2
115
-210
59
-168
187
-17
-107
43
17
163
58
126
78
22
260
-85
-226
-36
-235
-58
73
-220
-227
-94
253
14
126
-95
-95
179
-111
-237
115
66
-128
280
-381
7
-16
-67
-60
-94
31
34
120
-189
-140
-182
-3
16
-121
154
103
200
59
-147
-105
-15
-119
82
0
109
93
-5
114
-134
42
211
84
84
-27
30
-25
48
18
16
124
-229
-286
-72
171
20
-173
3
-217
-122
-174
11
-42
28
-39
-23
172
-192
58
115
127
77
128
8
-166
56
-83
-94
44
48
84
173
35
-46
21
-73
124
96
339
-366
197
62
166
-75
-220
72
-137
305
-92
-130
46
44
-44
-214
81
-220
-39
-60
293
-25
-29
324
-21
41
-177
-128
-8
104
-201
304
-134
237
-1
14
-116
-185
-5
24
79
200
-150
95
51
82
-144
-263
240
88
52
26
70
38
161
30
-35
-231
-20
-340
94
57
-75
-236
203
27
-42
17
161
-190
72
23
-297
19
8
-332
-271
0
-260
-153
-124
-110
-199
-289
-280
108
193
112
98
-23
-95
119
238
109
-46
-100
2
-198
-78
84
-78
111
-117
222
451
476
275
416
37
163
-126
25
120
-168
-32
17
349
12
44
-128
-11
-76
59
-6
145
3
200
-369
-411
74
113
321
-70
231
-132
-303
166
90
-35
157
-109
27
-209
-33
-298
-87
-344
67
58
97
-62
-137
141
9
-271
309
-123
249
-51
-38
0
29
65
-79
91
-70
-178
6
303
-3
-293
104
-129
-34
127
-74
-188
37
292
-137
-443
58
83
188
408
57
59
-240
54
-256
392
-343
-275
-21
-54
-72
-38
74
-84
-116
36
-41
136
-146
168
-175
-192
42
-197
149
-182
82
-40
-96
-73
275
176
-46
30
-358
227
196
-403
240
-62
8
194
66
156
-347
40
-98
-472
-146
-100
19
28
-30
41
274
80
34
-33
-201
-216
-72
-84
-215
206
105
191
85
121
-113
378
28
-100
-343
417
-41
-155
52
54
140
353
199
87
-72
215
121
-59
-49
-3
10
11
-206
-50
-409
377
-51
12
10
70
110
132
-227
169
70
-178
-20
-185
201
-126
-108
-137
297
16
161
81
85
-104
-36
-23
217
-441
265
507
92
-38
-291
-78
-277
320
-209
39
-261
459
-133
-112
-92
-173
-102
413
264
-357
-128
195
-107
-119
370
-310
11
302
-366
-36
-76
-624
104
-293
-89
45
-39
104
38
-379
21
-19
140
-5
-96
-94
67
199
-217
-63
-18
-241
70
-184
-114
-8
373
-8
50
92
-278
252
100
-354
-132
-93
31
-400
138
-119
-157
231
-99
40
-121
-15
282
69
61
124
-79
-143
78
-7
272
-55
270
12
64
-50
72
149
173
94
-120
-286
95
224
-14
241
-168
-19
-164
151
-212
-56
76
-31
24
-263
-88
-91
-50
-53
74
87
-29
22
-272
-7
-150
56
113
-51
-53
-246
147
176
-176
107
-152
42
13
-158
-177
53
-45
153
57
-55
-37
-129
58
-181
173
100
-29
4
-132
37
-112
-220
-3
-187
-25
-111
100
77
43
-200
-276
33
-152
-71
-99
-18
36
-151
-57
-68
35
-122
-41
197
50
12
-231
-50
63
124
72
271
98
-157
126
76
16
-40
-56
-52
154
233
217
58
-72
78
94
18
19
-182
80
-20
77
-139
-27
225
130
299
-2
195
248
-115
127
-54
209
136
30
-5
214
-86
305
87
-109
53
-154
-404
-294
-348
-75
-235
-94
-281
90
-287
80
-396
168
-51
47
-42
189
-3
151
-220
42
192
-149
87
91
-205
80
-169
207
-214
-27
6
-261
60
33
-233
45
0
-20
261
-124
4
163
57
-98
191
235
95
-172
146
-62
119
22
-221
-114
118
339
59
1
94
-225
139
38
-375
-297
-43
-22
-112
-221
-250
-10
116
279
48
-347
-150
1
-28
247
-364
84
-74
-130
-87
40
14
72
-28
46
-454
-48
33
-119
173
17
130
87
-385
-4
-273
317
-27
-135
-54
21
145
-78
276
77
144
-260
-160
109
-22
26
2
-106
-11
-135
125
172
10
-253
4
-25
-28
106
152
-229
-56
-14
-113
-274
171
130
253
152
13
-85
-179
96
-8
153
-80
108
-6
34
349
-47
-197
32
297
9
-71
-136
123
-29
107
-45
-20
111
-329
-256
-189
-172
73
252
-71
-86
201
-39
-100
112
-151
-338
-48
199
-22
77
13
-40
214
70
-70
-68
-9
219
-24
-9
-50
183
-131
246
329
2
234
185
-108
-37
19
10
-59
66
14
-29
194
3
419
-103
101
-99
41
-124
-7
-264
118
365
27
248
-72
148
458
-235
6
196
70
-137
78
7
122
-242
125
-263
69
-196
70
-162
-158
-307
18
200
-25
126
220
196
-24
72
-226
-204
-62
41
43
-41
12
155
94
170
-29
24
-153
106
55
15
33
-118
-182
73
-72
-79
-67
-70
413
-119
-84
127
-144
-502
159
-222
94
37
-15
-149
-96
-264
-127
311
-158
-66
239
-48
-17
-147
-18
-384
113
1
-29
-163
158
-5
-93
-84
-184
25
-114
-268
-18
66
-320
-191
-159
-207
-342
165
174
64
-241
15
120
19
-305
87
-254
356
-190
122
23
238
-318
-25
148
-148
-151
-179
229
-66
-12
-96
74
-141
20
-261
58
24
219
145
-88
-131
-112
184
2
78
14
57
217
34
296
-103
-78
188
56
35
-11
-32
97
341
-131
-314
-87
-59
12
-32
26
21
-131
158
27
-110
11
21
-74
26
-61
-137
-97
129
85
88
195
-20
-16
-25
-175
251
-47
17
-112
21
-30
128
0
-72
89
86
-84
-109
-51
-67
-177
-33
90
70
-224
128
41
227
-34
0
-14
-57
232
135
258
222
-90
-54
-225
181
-229
-278
-22
-16
143
10
-29
-40
165
53
117
-30
71
194
28
3
239
-153
98
149
-315
-248
-396
-132
37
-314
-76
63
221
149
102
-300
-17
206
-14
-95
188
-217
-15
5
149
121
149
380
-54
-30
-96
-82
116
-110
-26
198
105
257
117
-48
-39
-4
-16
-142
95
29
-17
-76
-8
-14
-127
36
-113
-88
-3
-27
-90
77
-55
-6
-177
30
-4
-40
117
-86
77
0
117
-184
-184
-9
74
-89
41
-59
-50
244
4
7
33
-63
55
34
42
7
52
32
24
126
-29
-6
102
-102
0
-16
80
-175
124
57
32
193
-3
62
146
11
-13
-7
-70
32
29
15
-39
9
1
77
-12
44
-71
-51
-87
-59
-38
26
62
-59
237
44
-125
25
3
40
36
-150
206
-100
42
-20
11
57
25
99
-98
40
-46
67
238
-145
157
-94
121
-47
-186
122
-44
-193
10
-102
-12
218
15
120
-202
-26
9
-100
44
-90
-37
-41
296
-152
149
55
-20
-134
116
150
99
-54
-103
-49
114
234
47
-276
-148
-98
-81
281
232
124
273
-115
-158
-64
70
-38
-91
237
-119
190
-191
26
30
60
-10
-120
-64
-145
-150
-154
118
187
81
113
-24
-125
46
-260
-143
-68
22
215
-81
14
148
288
-96
311
187
111
104
-65
-174
267
-120
11
134
3
91
-367
9
-198
-252
-207
134
-278
-269
13
-25
-188
-230
196
-242
99
79
-121
2
-67
-70
-51
277
-293
214
59
19
121
250
23
80
-85
64
-29
-25
-124
135
-336
-87
-57
168
-143
40
-151
63
218
36
53
45
-17
-106
-119
-112
-159
-63
-77
52
-72
-77
84
7
50
-69
138
165
167
25
18
17
-29
-44
20
-4
123
93
228
96
-138
52
21
9
57
155
139
64
-56
-81
-196
418
-66
-85
6
-287
78
-77
-131
-55
205
-39
76
-70
159
8
-77
-39
67
245
-26
190
-42
33
157
-76
-251
-107
-254
-89
-97
-121
-59
-190
22
196
-75
-43
-101
294
-81
170
121
202
51
-135
-34
-222
95
28
352
1
-124
149
-194
126
191
10
142
135
25
-81
83
213
50
86
140
-410
89
-161
190
333
-51
-60
123
-43
1
-180
-148
-55
-122
74
-58
188
-94
97
243
25
-50
250
-57
-20
198
-104
170
108
-5
-104
-163
174
-243
-117
32
-76
-74
-47
-139
33
168
-9
-35
-49
171
130
-105
-52
-34
4
190
-32
-183
-173
134
-25
37
4
-101
44
72
33
-143
72
86
-121
-48
52
-244
-78
-84
87
88
-91
-204
-83
66
-147
154
-1
-263
-165
83
-12
259
131
-62
8
-103
106
128
42
-65
213
199
99
-229
134
-172
-38
-90
61
77
-140
129
50
-145
156
-13
27
207
0
112
-75
263
-32
-116
-93
-65
-357
115
163
-124
-10
170
73
86
-176
12
-51
-262
-45
81
85
-164
-430
-61
-302
51
-48
-11
47
49
46
-193
-22
-170
-89
-51
35
98
-70
55
106
-78
-45
47
-69
125
32
-295
-67
67
-85
-194
-227
-94
108
-131
129
170
-286
-18
146
141
61
-144
-94
-194
87
-214
-103
123
225
-7
-225
-46
-71
-190
49
37
61
-172
96
-122
-60
306
-109
-53
263
88
200
-124
-2
93
162
-286
-86
50
36
263
-303
-187
-39
94
52
-75
207
-76
26
8
-104
183
-95
309
-215
29
18
-122
-209
-8
256
-89
75
-159
207
271
123
-439
-107
69
-3
306
363
-110
162
77
386
77
11
-79
464
-73
5
291
-161
146
-58
2
387
-44
-56
-76
176
-246
48
387
-100
-138
17
-160
-76
-17
66
-1
339
37
-204
-235
-1
-460
162
167
232
89
-230
181
191
39
257
-145
-71
45
63
-117
-90
-20
-53
-43
-21
173
-245
62
-149
-15
-32
94
-210
-250
244
125
17
90
292
-298
-20
88
114
-29
124
64
7
-61
398
-176
100
232
-8
99
41
92
-46
68
-120
68
-49
-113
59
133
-102
-83
212
-153
-429
70
-220
16
-153
-80
-227
-17
86
139
149
-130
13
196
-178
-274
211
40
10
-180
91
-57
-127
-87
32
58
-126
-50
-237
87
-79
23
-248
-13
231
8
144
159
-12
52
62
-247
-17
-38
69
277
36
-74
-19
89
-23
169
27
-79
202
87
-36
-62
203
-95
13
-190
54
142
206
-194
0
-94
-41
-10
-54
-38
285
297
-217
334
271
-127
2
-116
-406
-260
-253
-145
-285
-291
-81
263
-67
102
-25
259
-391
70
190
-29
170
178
23
-114
13
-79
-58
-97
288
133
-263
531
-315
-106
97
-262
-93
-5
5
356
-196
35
92
138
364
-199
-88
-60
-196
-133
-41
377
114
168
89
361
-342
458
-91
-137
268
-34
55
-132
283
147
2
148
-1
153
127
145
76
176
30
262
180
317
-32
-70
-86
-108
69
-396
-12
192
-131
-98
-9
-23
-146
125
108
-287
6
-273
167
345
115
246
56
180
53
-234
110
251
-123
-314
-4
434
-106
611
-148
-56
-283
81
7
21
28
59
-449
21
-170
101
69
-34
140
39
271
-127
68
34
37
1
-40
31
157
-61
-145
-129
102
-113
-73
90
-56
50
-169
-34
129
76
-155
46
41
7
-75
116
-39
0
-75
140
112
8
12
19
72
40
48
39
-61
84
-17
126
-32
-167
122
57
-37
-167
-240
117
2
38
-173
43
104
134
27
107
-7
9
-57
-49
72
135
-32
-126
-118
265
-20
4
127
21
109
15
55
22
-64
-55
44
98
-91
110
10
74
154
141
-232
49
140
160
61
32
-49
-71
148
122
-25
40
-40
-107
-165
47
54
6
17
54
-97
-136
-107
-74
-29
-206
-33
97
-157
129
-39
-104
122
-7
71
70
94
-174
-183
-21
-90
65
145
40
-157
-158
58
57
210
-8
-94
-23
-35
-141
-69
-57
-221
57
70
50
116
18
-175
-64
-253
22
-248
138
-143
-143
-57
111
-94
122
125
-68
-415
-82
112
-14
207
-297
-61
69
41
-151
73
111
-123
201
-116
89
239
159
-212
53
-9
174
-34
-259
187
237
79
-217
-144
-30
44
27
-227
10
-260
-9
-194
-249
-39
36
-95
-98
97
110
-180
10
-51
-207
254
177
-241
-80
-183
146
178
23
-100
-110
-37
93
-9
-53
-17
21
225
-150
-40
-175
-280
-160
164
118
-202
54
-108
-148
84
-360
38
88
-16
248
-48
-163
-280
166
-195
95
407
52
73
-201
186
233
-75
-117
113
251
-167
-106
254
-222
419
-161
-168
-492
-425
42
139
72
-71
-36
108
-365
-421
15
70
-55
300
340
-70
-219
-226
59
-320
-427
188
-460
-2
-205
-136
-171
-332
102
-468
-172
24
-141
-13
-88
-237
-281
220
-269
-18
363
-32
20
292
65
108
11
-225
-64
133
177
-231
-175
-206
359
-95
-22
98
-196
10
10
47
66
-158
-115
-237
-46
34
139
-324
90
233
25
10
-144
99
-104
-244
-169
29
29
-22
324
-451
-121
246
-131
377
-37
-22
105
29
-40
138
-11
165
227
152
283
-127
239
24
25
263
153
101
-17
-160
275
-160
334
