-570
497
-526
-1230
830
-1111
1383
-2733
1404
107
-498
192
-460
281
-434
-439
2815
-324
-1277
-13
1126
-1056
34
1000
1466
-387
-767
301
2333
285
509
930
424
1134
-476
1120
-26
395
33
432
1788
370
-348
-386
-223
1145
529
1187
-1015
85
-967
282
-626
235
-769
-1046
-810
-151
871
-245
375
-1088
366
1612
-1179
1680
-550
-675
-560
-64
308
-46
-624
-254
-630
-683
849
-663
98
-1255
120
8
719
-1
840
-232
830
779
213
743
829
392
914
323
-305
294
-659
-838
-684
792
579
793
109
-490
40
-696
-804
-722
-239
-1170
-279
1911
-1761
2001
-705
729
-724
-1276
-717
-1257
501
187
588
262
1362
218
342
814
289
-261
216
-240
-861
-1176
-964
274
-16
-323
795
0
-798
588
-32
-620
1079
-1040
1112
-307
-1079
-436
-1197
600
-1332
-334
9
330
-1133
34
1129
-364
14
347
565
943
634
-250
-22
-345
507
649
539
-233
-1061
-172
349
2155
280
240
1717
241
-202
148
-214
127
1873
127
43
382
60
243
-1011
222
-235
250
-249
742
822
767
293
-891
337
-272
1753
-320
1206
1797
1239
-364
-570
820
-699
-3
-368
214
1976
-1215
-77
255
-124
-1323
514
-1413
-725
1784
-771
229
-142
260
1378
-869
1270
1075
272
1063
-1232
1081
-1230
-348
-444
-422
-356
-1050
-329
-47
1663
-47
1161
-102
1183
-439
-398
-490
-262
753
-272
1147
-187
1160
93
-937
120
-547
-1354
-541
-350
-103
-374
-312
2208
-322
709
-79
751
917
835
910
-906
321
-930
927
571
952
525
1220
488
-41
58
43
-142
-824
-172
286
331
297
-1013
-88
-993
-391
-36
351
-1783
72
1728
-264
15
190
738
996
716
720
-840
680
-677
-368
-679
869
-1056
242
1462
-774
-239
263
-268
29
-124
171
-117
-751
700
-811
-748
-567
-787
858
-1472
919
793
-266
790
562
-285
636
-295
-828
569
-815
-1308
1992
-349
-747
-232
1446
1399
1463
-559
198
-583
344
-233
346
-264
-311
-184
454
379
529
819
897
792
-193
-251
-192
-626
-581
-753
1143
677
1097
-522
1016
-463
-764
266
-719
1578
65
1575
-244
1675
-296
-1035
706
-1053
449
548
424
-481
-1577
-515
-236
-211
-213
-578
-1003
-609
820
-166
830
-726
195
-780
1388
-1003
1369
-688
84
-653
-204
-173
-240
-750
-1393
-772
549
1614
616
148
30
41
-235
-755
-287
561
-17
583
1352
-671
1290
-173
-365
-185
-1488
212
-1532
-217
639
-285
185
-382
234
472
-1102
435
-242
1016
-209
-988
-809
-1079
-956
-698
-930
-423
52
-462
-779
-295
-752
-580
37
493
2638
-88
-2689
-337
24
438
-850
2546
-974
-439
514
-363
-1462
214
-1520
97
488
-96
2505
-2075
2403
-151
-1255
-199
776
25
-897
-188
-87
165
-2230
42
2127
-886
358
-918
-740
109
-833
-853
274
-876
1424
1027
1322
305
-645
393
-243
-1898
-252
-945
-283
-955
339
-23
348
-236
-778
-261
-506
1115
-515
-984
661
-973
568
798
606
189
1097
178
481
118
445
511
19
493
324
313
254
414
1094
405
88
-643
119
199
-18
-196
-1716
15
1783
-367
12
445
-398
147
-354
-390
45
-300
1219
736
1310
636
-13
-1184
1231
-240
-381
-358
131
-711
1140
-260
1164
-405
-326
-504
767
332
844
-330
-850
-322
705
325
829
1057
-2038
1104
423
-694
421
-593
842
-602
-1144
-617
-1153
79
-1237
114
-532
-714
-572
-663
-894
-672
-794
-1387
-655
-490
1452
-556
-513
1786
-367
82
-714
61
-294
-722
-219
430
1754
470
-1004
399
-993
-748
392
-792
-1047
943
-945
-440
-388
-425
-550
-164
-518
-473
-589
-520
-8
-46
10
-344
-586
-387
-234
-123
-234
-71
-354
-131
41
319
6
1473
-407
1489
-304
1548
-247
779
-672
824
34
1940
58
607
4
609
972
-161
987
-8
-116
47
-517
-1022
-521
-449
1109
-479
-151
-215
-165
552
1670
573
312
-307
383
-861
971
-885
1331
-571
1315
-217
-531
-151
456
111
429
531
465
575
-418
160
-455
600
1214
663
-758
-469
-701
-349
436
-332
368
2003
380
-509
-371
-600
-917
701
-994
-321
1109
-285
-271
-160
-145
-310
-225
-272
-93
2171
-58
63
2193
103
-77
199
-145
536
-1056
566
-220
-709
-295
2170
-1609
2132
-664
310
-700
-56
-51
-67
1221
-138
1185
-690
-757
-630
473
985
502
-343
555
-380
131
-375
95
-10
-174
19
-517
46
-502
-507
2651
-552
-226
410
-210
1169
754
1248
389
347
438
-323
-1276
-513
-2
512
33
358
3300
131
622
1164
589
548
-753
575
-346
12
-306
-1321
-371
-1269
-762
-519
-778
-1337
-175
-1322
-652
1565
-612
507
-349
448
361
1565
456
91
491
110
129
-1084
45
1187
944
1228
-293
-198
-330
-854
-536
-856
601
-113
625
-803
-635
-838
-714
-8
-697
-644
-422
-699
203
932
198
-931
524
-934
-304
-919
-258
-142
-79
-81
-108
2096
-160
-3
-100
30
492
678
496
-706
-435
-704
-411
-1057
-443
-371
307
-421
984
472
960
200
-457
182
-330
-1363
-300
1654
-515
1537
-1533
3097
-1594
-233
-348
-226
-383
2434
-354
-101
-84
-84
133
977
110
90
-730
-18
678
1344
708
1461
-250
1399
-694
706
-683
-43
-1452
-8
217
233
214
-638
310
-678
-809
-696
-760
1904
1306
1884
790
-1265
780
1047
-241
1273
668
-30
-680
481
-19
-491
738
-38
-719
459
79
483
1217
803
1220
929
-528
1012
-346
-439
-370
895
1655
980
206
-895
169
-853
-539
-814
-478
-451
-429
-279
-766
-393
-486
-1334
-520
-755
970
-737
-462
-476
-480
265
-515
351
629
1551
536
331
1029
325
-46
-22
60
-541
13
520
-1831
7
1770
1128
-32
-1126
918
-33
-923
-429
-21
371
-213
149
-276
111
-499
-34
897
1835
961
-1115
721
-1077
624
1435
651
1320
-325
1468
-216
-675
-238
-192
-471
-210
-469
-954
-483
101
-505
93
-789
430
-830
-661
1728
-679
1257
748
1205
445
-777
496
262
-436
226
7
-353
7
-278
57
-292
978
142
997
1147
881
1055
33
683
156
-915
-894
-964
-421
-658
-387
-56
-678
-26
566
1782
582
-876
1595
-868
-1418
1133
-1497
260
-920
252
-1024
1656
-954
-483
341
-417
-193
-500
-190
123
-1653
180
1463
1724
1387
-462
-96
-423
-307
-503
-651
2625
-149
-1341
-372
-1915
-717
1255
670
1298
750
415
747
-681
682
-649
-297
992
-250
-1955
1796
-1949
255
-1266
239
94
-292
26
407
2033
404
-363
-1339
-454
235
306
276
956
-965
958
343
1715
315
-965
2381
-1066
1650
-1404
1703
304
-575
226
-558
-133
-632
97
-85
119
769
1184
817
-1047
-448
-1077
497
-202
520
-166
-1432
-131
882
1446
862
-676
-354
-709
-391
-1081
-345
1062
594
988
1027
-20
1109
-279
-1035
-259
1316
632
1230
-1697
1043
-1724
572
2723
594
364
-908
249
-63
-1859
-75
-1521
1291
-1537
-160
-109
-138
-358
252
-439
1261
1074
1281
793
-805
753
356
-580
395
457
1269
416
-646
1380
-642
-841
255
-847
-966
470
-973
-97
-432
-103
683
-1010
722
-643
2531
-719
-4
-1151
-104
939
-544
775
956
1288
957
1346
-527
1458
-173
-419
-65
-1534
1838
-1663
345
1307
250
-419
802
-431
-847
-899
-844
-712
-1223
-770
-37
175
85
1422
-837
1425
-105
-313
-72
442
12
460
-911
-291
-944
902
5
-882
128
-19
-125
488
-6
-495
-125
20
96
1972
-32
-1985
-218
85
148
494
-1290
490
537
718
532
-760
-1745
-803
-770
-662
-768
-128
-391
-85
-447
-845
-483
1001
1464
948
188
-673
185
550
496
575
385
-1237
411
1740
-1191
1828
72
155
134
262
-121
246
674
2216
639
-368
-94
-391
509
-24
-512
744
-1
-740
521
13
-491
786
-70
-715
707
31
-743
639
-9
-675
811
350
837
166
-467
175
-692
-574
-729
-102
-807
-171
-19
2953
-57
-192
-1052
-160
266
-1028
267
-403
137
-406
-902
-1221
-841
-245
216
-240
-313
1870
-252
172
-147
110
-707
250
-699
-502
-38
-490
1649
-484
1665
1050
-816
1060
-356
-795
-438
-55
2519
92
516
1515
453
23
-734
20
-192
610
-178
913
-558
-783
723
-282
-823
802
-599
-287
-740
-210
-728
-758
667
-774
-439
-816
-449
352
1719
340
-102
-39
-75
-1098
-773
-1140
500
1524
581
-1518
766
-1675
1297
-2377
1418
-143
-759
-144
-351
-288
-386
-463
-638
-493
312
921
324
-398
-660
-394
482
770
531
-418
2164
-450
1246
-685
1237
747
-334
797
-980
1550
-973
-514
-605
-576
1558
-998
1491
-335
-2
323
-1394
59
1307
2013
-72
-1994
-558
-72
-580
-582
158
-565
1359
1384
1415
1327
700
1255
-323
-754
-347
-784
-200
-780
642
1221
703
261
338
261
426
-29
367
815
393
820
298
67
261
762
302
739
-223
-602
-222
-1130
1104
-1181
-861
-637
-744
249
-537
294
482
-395
447
1429
-664
1376
-442
2434
-427
-216
168
-238
-969
157
-1020
-364
-448
-343
-250
812
-244
505
950
555
242
-430
241
996
1608
924
-1391
-1455
-1240
409
2871
442
84
495
29
-124
-548
-80
589
417
546
-448
-132
-380
892
1157
872
140
1233
99
-560
-116
-600
-938
-322
-946
-69
-41
19
78
608
56
1149
992
1137
836
1577
852
-149
-626
-119
-47
256
-31
-478
-1141
-620
-409
35
-240
-1332
3283
-1358
602
2030
674
273
-626
340
-243
-581
-262
646
-61
-624
1284
4
-1272
347
17
-320
499
1304
513
-173
67
-171
397
371
461
-324
-549
-280
67
1883
14
384
-81
419
-818
1589
-892
431
-166
501
878
957
903
200
-737
210
-4
2160
4
-496
-28
-627
1047
-1347
1037
-543
-155
-528
-26
-1292
-36
484
-128
610
1153
424
1124
255
39
213
958
367
994
805
-597
778
-633
-383
-598
-215
2437
-176
159
-439
169
286
-529
327
-732
-496
-703
361
1992
303
247
-1664
251
16
-68
-40
66
-5
-93
1469
-64
-1472
974
804
929
-121
-660
-108
-111
-51
-156
-61
-144
-52
-73
-38
-72
1183
254
1199
996
-1136
1034
-575
3711
-602
-487
-573
-590
-697
2048
-714
-319
2797
-397
-541
145
-562
-754
-464
-735
-600
550
-622
-859
263
-813
-53
-451
-63
1000
-1626
1025
806
673
799
-530
1186
-583
-61
2784
-56
-279
-754
-369
173
2012
134
545
696
529
26
-1047
-5
-519
-1008
-556
517
-393
479
294
1919
270
340
252
320
681
520
753
637
205
641
463
-98
471
30
-704
52
862
1829
859
800
281
801
-370
-323
-375
881
619
854
-331
-21
102
-1595
-78
1690
-339
-7
575
-1190
37
1154
-260
37
255
-361
33
355
-975
-334
-995
1044
-1599
1050
378
1190
449
318
1288
367
66
-415
48
-514
-830
-570
1806
-271
-1869
1548
-329
-1324
-1536
-281
1598
145
285
251
-497
56
-460
98
2196
88
31
-1670
53
780
1826
770
413
448
398
-529
-907
-473
-45
1097
-11
388
947
421
-162
29
-216
713
-36
711
866
1154
843
235
-589
237
430
-407
414
714
1519
838
585
410
508
794
-954
776
625
798
644
439
-11
-453
1244
-77
-1233
1019
5
-1057
117
-558
129
1319
-63
1254
-380
-423
-365
63
-85
40
170
-508
174
621
1551
561
-34
-55
-109
880
817
908
840
152
879
86
2115
118
-461
-530
-442
41
449
84
-632
-558
-619
462
-271
472
1635
-425
1626
-1055
-16
1070
-462
-1
489
55
6
-52
-586
1725
-603
1344
-1639
1284
-296
-741
-174
-490
-192
-514
-381
-208
-363
-427
-304
-529
-77
2003
-127
-604
1226
-650
-853
-718
-789
490
1857
551
-43
-774
-41
-182
-659
-205
522
27
-597
-1839
-54
1919
-50
-4
91
73
-729
29
65
-748
111
-666
2709
-624
559
1231
615
709
-242
772
-97
-392
-168
477
1713
501
-399
882
-452
-643
-1233
-588
-89
-464
-69
766
-266
753
1068
209
1080
620
-1461
601
-259
-591
-218
422
1418
284
-496
568
-513
-104
-746
-16
997
1324
1028
1044
-263
1041
785
-1198
825
-375
-697
-345
1013
-476
950
-97
-246
-286
1765
-651
1837
1244
33
1266
-315
147
-329
-294
-1087
-337
-253
899
-256
-445
-201
-449
-944
-448
-892
478
-864
459
1294
-775
1280
-580
1104
-692
768
1252
796
-227
-180
-296
-947
-378
-959
356
2158
343
-52
-137
-55
-445
-563
-470
816
200
809
1264
-311
1275
-614
380
-600
-264
-408
-212
-860
-795
-837
-426
-347
-449
441
397
428
-54
1313
2
500
693
512
409
-858
377
456
-197
526
993
-814
1012
164
-520
124
1398
1458
1376
583
-360
578
-112
112
-81
-627
-137
-670
-921
125
-852
-648
-701
-612
-341
-625
-367
307
1144
253
-672
-283
-706
-38
675
-59
-696
-611
-753
149
1180
-12
1876
-1152
1781
289
-735
220
