141229
63038
-95220
-867927
-336006
214916
-532963
-403197
756246
-358572
103101
-492278
285044
-283921
166961
735813
-414777
-397879
-192504
282403
218812
-1119261
-46400
-955482
645451
865191
598846
374140
-728959
-485605
-134462
511242
276382
-350994
182220
1384561
-363487
457260
-336671
413285
162352
52604
319507
-371492
499016
-488560
168971
192534
234528
-96961
528865
166324
-300154
-91945
-474513
426827
799908
-1261395
-748401
-223380
-111334
-655528
-698164
495819
-76162
-786585
210759
-177178
1151117
-51003
308874
122030
587977
10289
-966267
-527350
-463213
115292
-448640
18184
-914257
-865490
553441
9144
-172044
202411
-655291
157471
-845185
169078
-677451
-386065
96044
-1053581
-242908
-1166432
-703663
-159396
400379
-794380
-25307
-979595
-196074
-960585
-812860
-326898
-39549
504291
-378133
548601
804678
-441837
-113224
-81128
184455
58175
934385
-161518
441079
-62883
199464
585764
308038
-252078
165336
842
254920
-154151
