488
27
483
-494
295
619
682
462
434
-121
-226
-204
-61
205
-485
-449
542
643
296
596
570
497
-144
461
135
312
440
743
169
52
363
-386
651
808
358
402
426
55
230
525
586
552
-204
-318
590
287
320
-132
-215
229
345
538
-550
-296
171
-728
-268
-260
225
-122
-853
277
183
-5
-372
60
450
273
-579
-194
52
-41
-877
295
488
60
623
233
-622
659
-229
1271
774
124
331
-425
-193
596
617
624
313
348
841
34
-66
344
-85
99
88
-139
93
-224
678
-257
942
-292
171
-143
563
212
-300
400
274
-228
515
168
-723
418
144
146
-436
605
645
175
843
230
488
270
-22
403
258
-800
-334
579
471
153
489
81
-289
288
-539
-343
-121
-349
818
-195
324
-65
-312
725
393
-249
-516
212
412
355
-295
-243
195
-508
178
-141
384
32
762
446
4
664
-113
552
278
-377
-218
-425
433
-315
-21
-433
723
439
569
-490
30
-4
-217
-488
-373
693
450
-191
77
919
362
487
627
-9
-774
-546
498
-521
315
-171
520
-401
-32
513
-952
-305
-276
299
440
1071
385
-35
598
49
101
728
51
329
676
-501
-126
492
457
353
118
-395
840
226
-15
-619
25
-520
309
383
18
-368
-940
3
828
-122
-196
179
217
595
-681
370
-15
-121
-676
317
355
537
162
-733
