471
-736
-787
-709
-68
-97
509
-320
557
534
-379
584
504
1056
-393
517
958
269
502
578
45
630
-413
632
-492
69
-1106
479
85
-114
475
522
294
52
-340
525
-53
486
460
-876
504
367
192
-15
538
598
79
56
-196
329
-453
649
303
-187
-629
533
-323
655
606
-180
295
-940
598
838
214
-212
308
263
-565
1209
274
354
-113
-811
617
201
-24
-138
-172
791
496
-3
332
482
-293
-457
-259
416
-545
-671
-328
-260
-204
726
595
154
-34
734
46
-429
-102
-596
1028
143
53
183
556
231
-382
120
-268
813
520
244
817
315
39
502
560
24
397
-733
1044
-11
252
10
-171
623
