216321
-141364
49395
77374
-54476
561775
283748
314391
444783
-178626
10060
19106
-46398
-62076
93337
-140802
457116
370671
-55168
46320
-62028
-90720
163490
370596
50647
-42831
-600924
-92081
266602
-70080
-443657
8964
297676
-132861
-71820
-207645
19675
-27016
431047
-72182
-40784
376687
312276
205188
563171
280106
367933
137518
-24265
-23856
352626
203487
252356
-296719
454214
347634
-68720
-60156
-210422
-73048
311733
122723
-72287
249760
-66958
458241
-352676
-143753
-2363
-288293
415067
100876
48771
-32875
235586
316934
-213170
198145
-127285
186557
-153974
116869
-188868
-41613
-150365
263987
-169206
-290221
-261789
67831
-43658
40043
358072
-63391
-170262
123566
112525
-13293
-41891
113670
56739
164277
-293328
83957
-83354
253738
-194050
262200
39033
342207
78681
-74650
522988
73418
165229
72485
302121
188235
-177289
-183534
69212
-193192
-1616
96008
-132061
729304
72126
-44865
