520911
167451
-616816
-878331
141738
242154
-200971
-256625
-426714
-692165
251859
-456446
-989584
-331775
-500867
-204324
517375
-614217
738204
886722
40156
-692186
1138224
-222991
-509819
181836
-313622
-385787
-159455
-249297
-451864
-288494
1207131
27940
-633489
-349551
-521806
-358481
-887613
686361
640414
-69847
-61096
887701
-133894
-138579
196749
141926
773141
477818
-307157
-1124212
962461
284046
-2321352
-437484
351814
617500
694142
-494632
-1420221
256640
212340
1128659
484818
309055
-1035020
-406933
591678
-489230
403139
78805
-38874
37195
-231218
71486
521718
-370151
206747
-458356
328316
699113
-384648
-393001
489850
493066
786352
-101348
205033
841549
-1262356
513284
-284500
-383084
11140
-280945
-403706
356735
-81266
-30443
-471634
-816183
963372
-702745
-110899
-1341444
35387
789445
-1243325
280740
-4643
1117920
514837
17082
1024614
308034
146603
319459
-825509
-1490604
454894
128744
708672
625944
955029
-237588
-712444
-336642
