-87
33
78
-33
-30
-6
-81
-6
-48
-63
-95
-10
31
38
17
11
13
-56
-14
-36
-80
-32
-13
46
-11
-23
-37
-5
-92
-28
-91
39
58
-46
84
55
-7
1
96
-146
-22
-25
18
-19
-7
-11
62
52
35
-60
-58
14
-67
32
-35
117
-33
-44
34
9
-15
23
14
46
-40
12
-57
9
-109
-13
89
31
-229
-104
61
16
-104
-23
-67
74
-12
-2
34
-5
-3
-26
106
-15
-25
32
40
-82
16
-18
152
-73
-9
55
-52
20
-6
-52
68
354
6
-35
-56
-6
-772
38
4
42
-228
5
-378
-6
-17
-24
10
-26
13
206
-5
-17
-54
15
107
-10
38
-65
16
-24
14
-11
-17
56
21
-66
11
65
-7
-2
-4
-1
13
9
-45
-24
32
4
30
10
-16
-28
-23
-48
37
28
-138
25
-11
14
37
18
10
9
52
162
2
16
51
31
-357
-94
-8
5
-2
-29
21
-56
-4
46
-7
97
10
4
23
19
42
-10
190
45
-9
-65
33
55
1
44
51
-16
-43
-6
18
-61
-10
24
4
75
-11
-8
16
64
-233
6
-36
16
3
-84
17
-16
-23
-11
39
-21
-232
18
-5
201
21
-49
-324
87
26
-76
-26
-70
2
63
-89
-213
-43
-93
37
20
4
-18
-21
-124
-18
1
-66
-5
-65
22
0
25
124
-34
7
0
23
6
83
52
164
33
178
-51
-73
48
-16
42
-13
43
-16
27
-25
-53
67
89
27
73
4
78
114
144
115
-5
-36
-30
-58
-86
33
-9
72
48
114
77
23
91
148
56
-32
-4
-34
-76
10
-35
-80
-23
-8
-50
130
135
28
8
9
42
-107
-18
-21
-1
-3
-26
-43
66
-23
30
38
12
-48
30
10
65
-11
17
22
-66
-35
-40
-12
-23
39
40
9
30
-22
6
-67
-19
-34
27
-44
-29
13
-21
-3
19
74
8
44
-20
34
-29
-63
78
15
-12
38
-17
31
-23
-8
14
20
-60
-8
-41
27
41
116
-12
14
-20
5
108
20
-17
-13
-15
-68
77
78
-138
-41
52
5
79
-58
8
11
22
-62
-17
-5
58
-17
83
11
-60
-27
-59
-101
-40
-38
52
-76
-18
64
102
8
-92
-79
-150
53
62
-30
-78
-110
-30
-44
-81
24
27
-69
40
-61
84
-35
28
-53
-67
64
13
-62
-161
101
88
-8
-21
-35
1
-9
-16
-9
8
-2
14
-2
-12
9
-4
1
45
5
-14
-13
-3
-10
-11
1
-58
-5
3
-7
5
8
13
-7
-5
37
13
8
-5
5
17
90
3
-5
52
21
-3
21
26
-12
-4
19
-35
19
-4
-25
-3
7
36
5
26
-20
11
-54
0
-9
-56
15
21
145
-14
10
-110
3
17
-20
11
-5
-114
-13
-1
35
87
-3
-27
-32
4
-9
18
-17
-98
-4
-107
-8
-23
16
70
23
28
-12
-14
17
36
-10
21
74
22
2
74
-9
55
12
46
-94
-99
6
-1
9
-17
-20
11
68
37
22
-44
-103
-10
21
38
-2
-103
-2
-89
-7
14
-16
-6
-6
-24
38
-10
15
44
-5
9
-12
-18
0
76
30
-7
0
6
-26
59
6
-34
-7
7
80
-35
-21
-56
21
25
13
1
1
28
-46
18
31
-22
-17
-46
19
-68
45
106
41
109
7
15
67
19
-65
-85
-7
24
22
-5
39
29
21
88
55
44
-66
7
22
-118
16
-6
-13
-20
21
32
16
-17
-32
36
3
49
0
-1
-87
-20
1
23
-3
-11
10
20
0
-26
-16
5
97
5
2
54
9
-46
-78
-36
2
-35
-22
-66
16
-5
12
19
-10
-49
-23
15
-33
-2
36
32
-21
40
-98
4
-51
26
0
49
-18
-14
216
23
20
-143
61
-34
-10
10
-31
-94
23
256
1
35
-25
-27
24
78
-452
-52
-42
81
27
-132
1
9
-58
-11
43
-38
8
23
10
111
-5
-58
-175
50
-42
-31
97
-89
32
40
-221
-77
-46
150
39
30
60
-27
-148
78
-23
-10
-66
-11
-142
78
-14
33
11
16
-213
-30
29
90
-17
10
-56
-22
25
93
-22
-341
-2
-24
9
85
-12
-65
567
55
26
-47
3
101
-15
-18
119
11
-33
-34
-95
30
5
-317
-33
68
301
63
10
7
-144
59
-10
67
158
12
-23
-33
8
-47
-134
-25
171
-62
-5
-54
17
-17
137
-192
32
-93
-25
-46
-8
0
9
-35
-38
-30
39
-40
-18
-25
5
-12
47
-64
-3
-3
-2
-1
6
23
-44
-23
-3
20
-29
-40
-25
-67
-32
-7
-215
42
62
-56
-33
-22
-36
10
3
-28
2
-1
-134
-89
-15
-56
-16
-38
-6
15
69
-9
2
7
-38
-7
-63
6
0
-21
96
20
51
254
304
44
37
472
49
-21
-20
29
24
30
-8
166
-62
-96
24
-61
28
32
279
208
-8
-50
17
-131
-11
7
87
-128
-37
13
-3
59
-12
-194
32
33
127
39
10
85
-50
158
-3
45
864
258
14
-339
1
6
-78
18
399
-110
-48
14
-48
16
-191
-108
-22
161
11
-4
18
20
61
2
-3
14
-29
-67
55
-192
-51
75
0
56
5
-20
-7
15
96
-25
22
-44
28
-90
10
-37
20
34
21
-17
-155
-37
-7
77
36
-31
108
23
24
80
-1
-16
-57
62
45
-189
25
-54
-70
5
-22
-27
-21
63
-2
5
-83
21
-201
-21
-4
-94
-25
224
-443
34
52
-96
31
3
-7
27
2
200
2
576
93
236
-19
-49
-18
-13
-88
139
-18
107
-9
-20
31
-44
-3
-48
164
-11
-97
-1
-6
-198
-155
-159
32
-113
4
-68
73
10
14
146
-512
8
44
-384
-17
0
37
-40
-43
226
1
39
-36
-33
-121
101
-40
212
21
-57
4
27
-8
-19
31
20
-60
-58
39
2
-43
-11
9
-11
-22
29
8
17
-30
-37
14
-4
-2
59
31
-17
20
49
68
-30
-5
22
-23
-160
-4
-17
-53
11
28
0
-4
17
-25
12
3
14
-29
41
-90
17
-48
-35
36
51
51
48
-14
-12
23
-18
-36
81
-14
-91
74
0
35
92
-8
-46
-17
-33
8
-83
-9
-324
18
-57
-26
114
12
8
82
-3
-34
21
-1
44
-13
-15
104
41
-3
5
-172
17
3
101
44
-3
5
11
2
-24
-14
42
-9
-102
158
58
-9
-32
-17
28
-51
9
-54
28
15
-22
-47
-23
-108
-54
-7
4
23
154
-50
-48
-18
-485
-47
50
19
10
-21
-171
51
48
-23
-101
12
118
-29
-37
506
-425
-5
109
-4
-3
-14
24
39
-31
-27
80
11
-18
63
-70
14
21
-39
-15
82
-95
-18
-327
-20
-64
77
80
16
25
5
14
-140
-17
53
27
-17
-84
-53
16
91
0
-21
337
24
-4
12
39
-15
-45
34
-29
-20
-6
13
-39
-16
8
5
-5
-20
-8
25
46
-9
-12
-20
-2
0
-11
33
-12
11
15
27
-38
2
43
-31
9
-1
-9
-9
14
-1
-23
-13
-29
20
-7
19
-44
-20
-5
-18
33
2
-22
-33
40
12
11
-12
-6
-75
-34
20
27
46
14
19
37
51
-2
50
-8
0
4
72
25
-58
14
18
5
-25
32
17
28
-16
-45
-15
3
1
24
30
-11
22
80
66
-45
45
51
-42
4
-22
-4
34
10
6
61
-7
10
-6
-11
-17
31
-63
-2
0
38
-61
-47
-9
40
55
51
50
-19
15
24
16
15
-100
-308
-18
8
-34
-96
19
-6
-25
7
-32
170
-14
39
63
-57
9
12
4
45
-53
105
12
-31
-33
-29
24
5
62
-82
9
-12
-390
1
-55
126
-34
-106
-217
25
42
-87
48
12
20
46
-30
-161
-12
-90
5
14
72
-1
17
28
-43
17
-126
4
-174
126
-3
-23
57
-2
-8
12
31
-25
32
-4
-2
75
63
-6
-33
-41
-5
3
-10
33
5
12
4
-1
26
20
-7
11
17
27
25
75
30
-20
-83
-25
-41
-43
11
19
64
124
9
45
-59
39
14
-14
4
-26
-25
-45
54
-17
-31
-23
-5
39
28
26
54
-11
-56
-9
-12
10
15
-24
-22
7
15
21
24
5
61
-4
14
62
-1
53
-40
27
4
4
16
13
-14
16
-3
28
12
-2
19
-19
23
4
2
-9
136
14
-17
55
22
24
0
-42
-7
14
35
-21
-27
66
-22
5
-17
26
105
4
-100
2
20
-16
7
-4
18
7
-27
20
38
24
-3
-388
-12
13
17
-97
23
40
-8
-31
15
-237
-14
-3
-77
99
4
-16
-55
15
84
50
-11
-125
20
-180
0
-15
56
42
-25
-35
-13
11
-1
-203
7
-6
189
108
21
-9
44
-78
-25
50
-6
-432
61
111
-14
6
-167
-2
-223
182
80
-61
-152
12
-259
-4
63
-270
-27
-42
8
0
20
-13
-21
-18
11
-58
-30
-112
-4
-1
-7
33
17
-48
12
-20
-21
-38
-39
-122
8
26
-31
-48
-20
64
18
-22
-71
13
46
-220
9
-9
3
10
-40
20
27
-26
15
30
5
-160
1
-62
23
15
-202
-9
10
7
33
4
17
-3
-119
-39
12
-182
-9
6
196
4
-5
59
-6
48
13
21
-24
118
10
-113
16
99
23
-102
-33
-19
60
-22
-12
1
1
-97
10
8
-198
-28
52
12
-191
-63
25
-91
-78
-129
66
-30
56
100
-63
33
56
57
-124
9
42
-703
-20
-28
-85
-31
-9
45
58
18
-6
51
-32
55
43
101
24
-257
12
38
16
19
15
-5
0
-15
58
-87
-14
-70
-4
105
5
2
-10
-10
112
51
-26
-76
19
54
-12
19
99
29
21
-4
-444
10
-14
-254
-14
-6
152
33
48
-36
43
-13
-5
35
61
-57
5
-49
29
-10
-31
-41
-180
-97
52
-34
-6
4
-11
-123
5
24
7
60
89
-4
44
3
0
37
53
-21
35
-34
11
230
-31
50
33
6
9
-43
-176
2
98
9
53
105
-2
25
-25
8
-72
26
178
-66
-15
-6
-22
19
-163
23
88
6
78
16
39
133
-110
50
-16
-110
26
-6
21
26
-146
121
-30
-7
-64
15
-44
49
-19
7
-29
-116
0
21
-3
-8
12
-38
12
-26
1
22
8
18
-1
-77
-12
-11
42
22
-18
24
-30
26
-1
-4
15
20
-25
-5
10
-42
-68
24
-29
-68
-13
19
-47
49
-11
22
-27
-12
29
-64
70
23
6
103
16
33
-61
-20
-24
-71
16
-8
-13
-12
-125
-37
16
16
-85
19
-1
14
-36
-29
-5
-48
12
25
-46
-16
-29
14
84
-51
-8
1
24
-4
21
-22
-40
11
-8
15
10
50
-31
22
68
-22
-70
-18
10
16
-20
-26
33
148
41
17
6
-5
-122
-27
6
-66
-46
-26
-2
-7
19
-18
20
-46
16
99
-31
-7
10
-108
-37
7
6
126
46
-58
-32
176
3
85
67
-42
-26
-51
-31
29
-31
-22
8
-19
-53
-54
38
-11
86
-49
1
156
-1
68
-35
-31
-73
25
-22
-24
-5
-233
-47
-31
170
34
33
-36
-39
119
-57
25
10
-107
22
-89
-6
-28
80
21
103
-117
-23
-36
-13
7
12
28
11
-7
-55
39
-24
-5
-83
55
-12
-29
6
-14
-89
-128
11
-24
25
-5
15
-90
20
-23
-70
-47
1
-18
-5
51
-6
11
-51
-22
-4
0
-95
-4
23
30
-4
-24
29
-12
-18
-12
19
4
-22
20
-5
-66
-2
-12
-17
-18
-44
-4
12
-30
-30
-62
30
9
79
-36
10
-44
1
-5
47
81
19
-11
61
-104
24
-48
-6
17
-15
-45
-12
9
-37
28
68
55
3
-26
-93
-23
13
13
53
-87
25
51
36
-114
-21
167
-12
1
-27
25
20
-378
-15
46
-32
39
28
-32
-46
26
-63
-6
65
130
-27
-43
5
40
51
23
11
2
-65
-52
133
-45
28
-55
-57
-52
34
-39
-18
24
-2
31
35
-48
-1
25
-72
96
19
34
-42
-29
168
51
67
7
0
79
-34
114
-69
-12
-54
-1
4
-32
11
113
-31
29
155
4
149
26
86
54
36
10
39
-1
20
59
-11
-66
-223
16
16
14
6
20
30
23
172
75
21
-28
41
570
-184
36
14
43
45
-5
-6
-1
-68
-87
-18
264
-95
54
8
-26
37
19
-115
23
22
-29
3
-102
6
-20
-123
43
107
37
64
-33
-12
-70
23
-56
2
-50
8
-5
-14
95
-13
49
-260
-234
-93
-420
-4
-6
-116
-27
314
45
2
-43
-64
-21
-124
-59
-35
-328
40
46
-49
-6
-66
59
62
82
14
-37
14
-94
6
-972
-4
-176
7
181
22
-8
667
65
60
21
18
54
30
37
127
-51
-84
10
28
-56
-51
70
63
62
123
22
45
-96
-56
-474
-40
-138
344
-18
20
-20
2
-31
52
49
681
-69
-89
15
17
1
-141
-186
7
-202
9
65
-71
-18
-26
6
-23
50
-28
-70
-25
-99
14
26
-31
38
38
-15
-36
-32
-38
26
31
-19
4
-31
-11
15
-51
-52
-46
53
-13
-70
26
100
56
-7
-48
-25
31
-20
60
11
-56
18
-51
-82
36
-43
-68
-25
-30
42
26
-41
-38
-9
2
22
-21
-40
4
2
47
-64
52
12
10
32
28
-3
-7
-26
61
-10
-26
79
-16
-6
-24
45
5
33
17
-1
3
-39
2
-17
24
-7
49
7
34
-21
1
26
-31
112
-7
20
-39
57
-15
3
-11
-41
30
2
32
-14
-7
10
3
16
26
-23
-27
-12
3
46
-34
-9
-149
48
-10
-1
5
3
-17
18
0
-40
16
-25
-84
27
-9
10
9
-24
15
-50
-13
-16
18
23
-1
-3
-37
-6
-5
-4
13
-18
2
5
-23
-27
47
38
-2
-20
-29
12
33
-64
-19
29
-11
29
158
-37
-8
14
22
-4
-24
34
-2
-28
-24
-51
1
-78
27
-2
-18
-21
-12
-28
29
16
20
17
1
-16
-3
-23
-13
10
-15
-137
17
24
4
26
-16
-17
31
17
2
19
-33
-33
3
-56
16
26
-40
-11
7
-32
58
11
-11
-42
-9
9
54
-2
-6
-19
33
-73
47
14
32
-58
-6
-9
-1
17
27
-16
2
109
6
-45
-47
-8
-194
32
-19
0
29
3
-61
-38
31
-187
9
52
8
-46
48
81
26
32
-14
31
17
120
-20
38
-267
-15
-10
98
8
-11
-5
16
36
-24
6
33
192
-26
-7
102
-3
-78
4
13
-30
-37
120
-34
29
57
-114
3
5
-2
80
17
65
16
101
146
8
-14
-54
15
39
47
-33
210
-10
17
-11
-57
-8
-16
-38
43
-14
4
-45
-21
43
-36
5
-61
34
13
-33
-23
37
13
45
29
2
-25
-19
5
1
-19
-46
70
64
-54
31
37
36
3
-61
-85
45
-15
-25
-44
-73
-38
17
-58
41
53
-31
-21
29
56
60
10
-52
-97
-29
27
21
-16
20
71
-24
10
118
-3
-4
113
0
-3
-8
3
-26
-66
-3
55
0
3
17
-46
-9
-14
-36
19
26
-43
7
11
-12
-65
-28
28
89
10
27
-19
-11
-96
-21
-2
1
-5
71
14
12
90
4
66
33
96
-20
49
12
-30
52
-16
-14
-143
25
-57
68
0
-30
5
1
32
-15
3
3
-43
-10
-21
-34
81
31
-203
-55
-14
21
79
-61
68
30
20
-42
-86
81
-7
51
-101
7
103
-33
-55
-78
-74
-85
42
-51
4
62
-181
-4
17
139
-81
50
-19
3
12
-94
38
26
-65
48
-73
-33
2
41
79
41
-35
-41
-125
-12
-7
71
60
107
-3
-69
-91
-39
46
-12
-104
26
-51
12
-50
-47
12
63
68
11
96
-1
-111
69
-6
-294
99
-12
-23
-22
-11
29
-64
-154
47
-84
10
-199
85
49
12
-23
-67
89
-274
-80
12
92
135
287
37
259
140
17
-257
-203
66
-7
25
-49
0
-3
-87
29
20
21
-68
165
85
49
25
43
-1
-4
-34
9
30
20
-23
39
11
-14
-4
-21
-51
-13
29
-5
-13
-149
-31
2
29
-2
-48
8
50
91
17
-17
-1
-25
-31
-8
92
8
-98
-282
17
11
-50
46
-5
1
-26
2
49
-4
11
-14
-13
4
1
135
-12
0
-6
-77
-15
-13
11
-3
96
21
-158
92
19
69
-146
20
-6
-2
36
81
-155
-19
118
10
28
-9
92
-6
3
6
20
-3
-68
5
5
-4
-1
31
22
29
-22
-161
24
-25
-120
-15
-51
77
55
21
-27
1
-50
9
41
-109
-63
-26
114
17
-17
43
-33
48
58
14
-36
-115
-5
-83
48
-17
-99
-12
-48
45
1
-1
179
-9
-36
-19
19
-49
-118
-7
5
35
-5
8
-76
41
-17
54
-40
-13
-85
-31
34
-5
-39
-69
37
34
-22
-93
26
17
-129
5
51
34
-18
-4
62
-36
101
1
-4
-38
-135
13
-98
2
7
-54
-8
-63
-36
15
-38
52
-11
-24
-13
-4
-146
18
-163
-51
-15
36
128
50
-26
-47
8
53
52
5
1
-58
-59
36
-36
56
-7
-689
-104
36
-170
-8
29
24
-32
-133
88
121
-54
19
17
-71
-82
35
-213
26
-37
40
-3
217
-392
30
-13
134
44
-53
46
-32
-4
165
-8
603
-74
58
15
-4
11
78
106
1
89
-33
-75
109
22
-10
132
13
-30
-38
54
-28
-1
24
168
8
14
13
-63
32
-5
-89
-56
26
-22
12
15
-5
9
10
-37
51
-3
-129
-10
-9
230
-13
32
-176
51
0
-12
-25
-53
-5
-1
-7
-1
-26
-1
-5
1
-40
7
9
-10
-17
-6
1
-19
-36
-21
7
-1
36
-14
33
22
15
-11
42
-30
-7
2
38
4
-38
-24
5
3
-19
67
16
23
26
-39
-11
-25
4
10
24
-23
48
47
44
-41
54
50
-34
18
-4
0
-33
2
-3
44
14
28
-93
-7
-11
48
-74
2
-41
16
-15
-45
2
-35
43
11
25
-8
7
5
57
-6
19
49
-26
-6
15
373
7
24
3
-14
52
-26
-21
-253
-30
-162
2
105
22
-24
96
-101
36
44
25
205
23
24
61
70
1
-33
0
-7
-39
-96
-15
-49
61
59
75
-17
32
196
16
18
361
322
3
52
55
-9
-3
-14
-74
-260
28
-82
219
16
216
-117
-1
-3
-1
34
12
18
26
-22
27
-41
-18
30
24
62
-31
33
18
-33
-14
18
24
13
-20
-30
-21
0
-7
23
1
-13
29
54
64
-18
4
7
-3
-21
-10
-46
-80
94
4
34
11
22
-43
-14
25
84
-33
16
-13
-6
-28
-16
-20
5
23
43
52
-15
21
-4
-51
58
98
-12
-126
-23
167
42
-13
51
-13
132
99
-43
-12
24
-19
-44
4
127
-40
-45
116
-23
40
34
14
-67
-18
96
110
36
-85
19
-93
-51
6
99
0
42
-150
70
107
159
-256
10
1
-13
62
-11
40
58
109
-45
-229
31
37
116
-9
-22
-13
3
99
-9
-64
-41
21
-8
97
-9
20
188
9
6
-12
-8
-5
-76
9
45
-24
-33
12
-23
14
1
39
-25
7
-29
4
36
5
-20
-21
70
26
11
23
-10
4
-49
-9
5
23
24
21
27
3
44
7
45
47
82
-20
60
11
13
48
13
-9
-147
16
-29
69
16
-27
3
7
8
24
17
28
-2
12
-16
9
12
-22
29
54
31
-29
14
-48
-6
3
31
-7
-3
24
18
23
-17
7
4
1
52
12
-1
48
13
-8
-48
-14
-49
13
17
3
244
15
1
-20
-16
94
-12
2
-8
-55
-2
67
-35
-30
-8
-9
-51
5
95
2
-2
-39
-8
-122
22
32
-26
-24
-9
26
-31
52
55
-1
-11
92
-37
-49
-18
-87
130
16
113
24
-11
30
9
93
50
26
-5
25
20
194
38
103
10
47
-45
-39
-38
64
75
-3
-20
140
-7
66
2
-76
205
-44
69
-22
-43
-42
-3
14
-2
-62
51
29
173
31
42
-34
-33
-141
-23
27
-22
92
-32
-6
191
-12
32
1
-3
7
-111
-26
25
22
19
-6
-13
-33
4
38
15
12
-13
1
35
15
8
14
40
10
21
-5
-15
-8
-129
-26
17
-71
12
32
30
-20
22
-40
7
-21
-5
15
0
42
-1
33
-5
-74
12
10
-1
38
3
35
-76
-20
-163
-14
198
35
-30
39
106
26
-12
-26
-69
40
106
-25
-49
48
32
6
6
4
0
35
-11
17
-29
-14
50
-11
-24
-9
-14
-4
-37
-316
36
-1
16
-15
-58
3
134
76
-40
111
74
22
61
83
62
-89
-108
39
-3
246
3
-36
-97
-27
-15
34
5
388
-53
47
67
21
73
-86
-15
3
33
-23
22
8
-107
1
-47
-14
64
81
61
11
43
-3
-50
76
70
31
114
17
-99
-16
56
46
8
-26
41
-35
-30
41
142
31
-22
-201
113
24
36
101
-5
1
68
-142
-46
43
-72
-97
-29
70
6
34
51
-10
-2
-34
2
-19
-120
8
57
-7
70
-10
28
18
-40
-26
-17
-24
0
-4
63
15
-117
-17
-34
13
28
-7
-34
147
41
-11
-47
-12
51
-5
0
-26
8
-54
-8
-123
-15
30
-292
-15
44
124
48
16
5
-124
51
11
-1
-74
27
22
-15
-25
2
81
12
15
32
-47
-21
31
-31
-49
-36
-1
58
-25
-59
30
-72
-37
-83
-33
116
24
-145
-38
-63
16
-40
-35
-1
60
-32
-57
-108
15
-23
76
45
3
110
-18
-2
-68
-12
-67
62
30
-65
31
-191
20
63
83
105
12
-104
75
32
-112
114
38
-34
60
-22
-82
-52
-39
76
-26
-10
-14
-86
-38
36
144
-35
9
-77
27
-114
30
-9
1
-77
-28
35
153
-46
33
-3
-3
-155
24
-75
16
54
-28
21
76
3
25
57
16
-41
-16
-27
-79
28
-41
16
345
-37
-23
150
0
81
-80
-61
-17
-10
-56
-80
77
-24
125
318
67
91
56
8
21
0
-40
2
33
21
-47
1
-91
42
5
111
20
17
34
30
6
-26
20
-34
21
8
32
12
-5
49
16
8
-10
16
7
43
-30
-12
-45
-14
-11
-67
19
-6
13
8
31
-31
-32
34
-10
128
0
-20
-98
4
9
-14
20
-47
25
-12
26
-19
-28
-62
-20
6
21
-7
-36
2
-7
40
-19
-3
-20
-16
5
33
-44
-141
33
27
10
-33
7
-3
4
23
-30
-54
24
80
101
64
5
-14
-19
5
-16
30
0
9
8
-127
7
4
17
85
17
12
36
15
6
-44
-39
11
-42
11
-7
26
22
-43
5
77
-128
-173
29
88
-6
-6
28
-17
7
122
17
9
-60
-16
107
140
9
-34
80
25
-75
-4
-22
239
27
21
-15
-9
43
101
10
-184
-128
-192
14
-10
60
-21
147
-124
31
152
33
-13
-6
11
24
-20
35
57
-33
38
-18
-97
66
-23
-57
13
69
-71
-86
-268
20
-47
-63
-111
4
147
13
-21
-60
-1
-276
-50
-17
-40
-4
32
57
25
24
595
44
294
335
-27
15
46
-1
37
133
-56
20
-100
-30
311
-54
103
24
-4
-74
-24
135
-14
65
-108
93
95
-55
18
-32
-81
-30
41
-275
-46
-9
80
-94
141
-11
-151
78
-9
-84
10
13
38
19
-105
58
-36
-45
-54
9
-8
-122
-94
0
45
210
41
5
6
-50
-198
10
-18
13
8
45
-29
28
0
-7
2
50
-25
-7
-59
-1
-51
-21
70
17
11
39
11
6
-5
4
5
9
-13
94
35
2
-12
39
34
-34
65
-10
11
0
-14
8
32
-15
2
36
-22
-2
-26
-5
0
16
13
-13
-4
-19
25
22
36
6
-1
-88
32
27
4
23
37
12
7
27
-3
19
10
41
19
-29
76
-3
-16
-26
-29
19
73
19
47
35
72
10
77
5
-24
1
-43
33
-141
34
-2
-134
-4
2
563
20
-59
-157
-17
3
-92
-28
-16
7
26
-1
60
-22
4
-35
41
154
30
-46
-74
-80
41
-102
-7
-31
40
22
6
17
195
258
-4
13
-297
-46
7
-50
-13
97
106
86
-147
39
67
-2
35
-29
-54
-188
81
-28
-22
4
108
24
-41
51
45
-269
69
-210
-5
37
-553
-49
-72
33
219
69
100
-215
-94
-42
21
114
100
45
-52
-17
43
231
60
43
199
-12
12
81
-19
-139
-50
35
137
24
-62
-62
5
-15
27
11
28
-17
-9
1
47
0
-111
7
-93
-7
65
3
-18
190
72
14
39
3
14
19
14
108
-33
-28
-2
-93
-22
0
-64
-8
7
87
-2
42
-4
-134
29
-32
-36
-60
3
-4
-46
-22
4
0
8
23
53
-14
-24
23
3
-20
-85
25
-78
-3
13
29
-22
18
-109
-14
65
-12
11
-14
-146
4
-14
89
35
14
-72
-63
2
104
36
17
-22
-8
44
3
26
-22
19
-8
32
-123
-28
1
-153
17
-13
351
-66
1
72
14
24
-28
-31
113
-243
94
-210
-14
-39
-68
2
-245
139
36
54
-21
-12
-56
-18
11
-573
-31
3
-7
-12
-11
19
-31
28
28
-46
-49
24
17
39
-7
5
29
15
-15
-33
6
82
20
-4
-10
-78
-24
9
11
-81
-23
51
-131
-44
40
227
23
-17
-60
16
-17
-42
-22
-45
-79
-32
-54
31
22
-13
-25
1
158
54
-45
-73
-65
-33
2
3
-120
-42
19
5
-8
33
-27
25
10
-27
22
-35
5
5
21
20
-19
15
-1
-29
-12
14
32
32
4
5
-35
15
-13
-1
18
-13
18
-5
64
-33
21
34
-15
37
-19
5
8
-3
-42
-8
-16
-16
-27
-34
7
19
-37
62
-13
1
-63
-26
8
-81
2
49
-12
-6
28
9
2
30
-74
-44
-12
-15
-36
54
-61
-3
27
-18
-110
-83
28
42
41
-48
25
-77
-16
-31
9
13
-13
29
1
-33
-33
21
-58
-62
-39
45
-37
-25
35
-34
-3
-42
56
-48
-25
-59
-29
-44
105
-22
-4
-7
104
-12
4
13
-50
23
-3
-6
-20
-36
-36
3
-95
-30
-16
-20
-33
176
-126
-8
1
-134
13
-22
37
-4
-43
17
20
-390
-36
-26
3
8
30
-28
50
48
26
39
1
222
12
-15
100
-82
-8
-21
-51
8
-15
-75
-51
-35
25
28
22
-26
-61
194
-14
26
130
60
-15
-83
-19
5
-109
-33
38
-62
-16
-17
29
24
220
21
35
26
2
-15
19
-3
25
573
-13
58
6
7
-8
-172
-5
-177
-14
-5
23
-110
-25
-36
13
-17
94
-124
-1
295
-18
-13
-65
123
-9
-11
14
16
25
-134
-39
58
230
9
21
179
-5
83
22
-25
193
-15
3
-195
-27
-20
-158
-19
-9
52
74
-7
287
-1
94
-136
54
-406
131
515
-149
44
16
301
13
-30
72
1
68
103
20
-96
-79
139
27
1
46
-5
121
35
23
-28
22
33
6
-13
-47
-80
26
5
-26
-8
14
47
-12
-161
-142
-34
28
-126
78
79
24
58
-345
-186
-36
-558
-42
-31
105
-41
221
216
-52
-18
38
21
78
-65
-8
440
18
-128
-20
10
31
-44
-8
-7
-22
30
-17
-36
-2
-49
-12
54
-12
-3
27
29
-15
-17
-29
-51
-5
19
25
-25
8
13
26
-3
24
7
11
-40
-10
1
-117
-8
-7
13
-29
-12
-17
-18
-55
-3
-3
73
26
11
-14
-25
-46
-59
8
-29
-15
-13
-67
15
-37
-83
7
116
48
-33
-83
-79
-38
34
88
-86
10
104
30
-118
-47
-15
-30
15
-28
20
308
115
-23
79
15
-131
19
105
2
-55
-39
22
-31
-45
-3
112
6
-25
-160
35
29
-27
-98
93
3
38
-288
25
8
48
-61
21
328
51
90
146
-67
44
-153
45
-330
118
123
359
66
43
61
-24
42
94
-30
31
-26
-41
16
54
-38
-2
-4
20
-19
72
-35
-28
308
81
-22
-27
-11
41
8
25
68
-19
-56
11
22
-18
-5
-132
-19
9
170
3
-46
132
-138
0
-20
8
118
44
-16
-48
-30
-21
1
19
-52
-1
7
5
81
-21
-4
-75
0
-78
-67
-297
-5
-5
2
-89
-13
-38
-16
9
-53
-88
9
64
42
-21
-6
12
-2
13
36
3
-34
-45
-5
-38
-9
-25
9
-29
49
2
11
-12
8
-46
5
38
124
-24
9
12
-12
-29
-2
-35
170
-59
-2
227
39
-7
-113
-18
-74
59
4
-3
22
-8
-176
21
-35
-142
14
410
-147
-11
4
-135
-37
42
-10
12
-26
74
-36
-29
234
195
7
-22
-25
17
360
-42
64
-80
-6
166
-44
-79
-50
-20
-15
-26
-16
-9
63
52
-24
-8
181
53
13
114
-20
-38
13
73
275
-176
69
-416
35
27
64
40
-680
221
-13
-21
-135
36
-102
-150
24
-901
0
168
-37
15
-62
-300
0
28
26
57
-12
51
22
-50
-40
-47
21
117
-49
2
508
-10
-21
143
-15
-132
-53
9
62
-96
61
81
-79
-37
78
-37
19
78
-49
-72
-56
-44
-249
28
-34
-92
-21
172
37
95
9
33
-81
26
174
-25
-76
74
-80
16
-157
-94
-12
312
15
81
6
25
50
-145
15
-43
-88
-21
-12
63
9
184
7
37
-25
-33
1
30
-35
28
-62
70
-15
-32
27
21
18
-57
60
-31
-207
43
-29
86
-36
-78
-9
40
0
-50
11
-26
-6
-2
-121
-113
-11
-79
33
26
70
-36
-11
54
-6
31
-178
-22
-38
-60
38
27
74
-30
-100
2
36
-34
57
32
46
-134
88
19
18
21
-55
138
13
88
-25
24
-47
25
90
-65
59
56
24
-60
155
3
-112
-8
-59
68
-29
-60
40
31
-77
-100
111
-66
37
-46
107
202
80
-35
8
101
230
69
79
10
88
-25
21
-213
13
8
-8
12
147
-23
0
5
6
-15
14
42
-18
16
78
26
2
43
-10
8
-22
26
3
-13
-23
-25
-12
4
-10
12
8
7
-28
2
1
-6
-48
8
101
15
22
63
-13
5
69
-98
-56
28
16
11
51
4
-5
-12
34
9
174
6
-32
15
16
-10
8
-22
55
10
-14
18
35
-9
29
-6
30
-2
14
18
1
-1
29
-40
70
-59
-21
-213
-25
-34
-8
111
0
21
46
4
7
-25
5
49
23
19
15
17
-27
-26
-47
14
-12
127
52
49
76
6
-9
30
-67
8
-12
-104
159
50
2
-89
4
27
-20
8
-63
-92
25
-15
40
36
-41
-110
-5
5
79
17
31
-12
101
24
33
81
-41
-166
98
35
26
32
-33
8
29
47
-24
-8
-1
53
138
52
12
-54
-14
-80
104
40
-132
51
49
2
-35
57
50
-116
17
-148
69
142
10
15
60
12
-9
37
71
-7
67
17
-28
43
2
-40
23
-180
82
32
-18
-10
181
-33
-4
105
42
32
5
-67
46
-36
-42
17
-38
38
17
109
2
38
0
-76
25
8
14
0
-2
-19
17
-43
28
6
-88
42
6
-11
-55
-9
-26
-103
-42
-20
52
-12
6
13
15
4
23
69
-103
-3
4
-27
-33
7
123
-35
54
33
-9
3
-47
13
7
41
-20
-50
37
51
-40
-1
39
-7
-14
30
14
12
11
2
-10
-118
8
-61
-3
22
-6
11
139
36
-22
-15
-8
12
17
21
27
-62
-36
-4
-72
-26
20
-136
-29
-2
32
-29
12
-3
-78
2
50
4
38
24
16
-18
34
15
4
8
47
12
-22
-27
17
1
-37
-89
-27
-4
-9
40
-11
-44
-8
57
-11
48
-34
-83
2
-10
-23
-11
6
11
16
-38
-30
-17
43
-15
35
33
6
-6
0
24
21
19
16
35
-57
-61
6
6
-3
-29
-14
154
-18
19
2
27
-105
13
12
-4
-12
-27
-66
-52
2
15
-32
45
-8
19
3
10
48
-8
-59
-43
2
-36
29
36
-3
6
31
-40
-79
-22
26
10
-35
16
-11
3
-11
8
24
25
21
-25
-14
-51
-16
27
32
-57
23
54
-5
-59
191
63
-42
-61
-26
-30
63
145
-43
10
-11
-2
-338
-41
-22
-10
-61
20
5
33
35
-11
-43
21
32
-35
-1
-8
-20
13
75
-31
-34
35
-9
0
-45
63
-24
44
-13
37
-42
-40
14
63
-44
-36
43
-24
-2
-47
-91
45
29
23
-6
11
-10
5
11
-41
7
61
-243
-20
9
-103
9
23
-30
-37
-9
-54
-41
-2
-19
-8
33
-9
29
109
17
-2
-14
34
162
-110
0
59
-90
6
104
33
22
278
34
36
-7
-9
-8
-128
2
1
-14
-8
10
-44
12
-29
-66
-35
0
51
12
4
-130
-23
0
-2
-7
-11
11
33
43
-20
-14
7
-8
-14
7
86
14
-49
-135
18
1
-44
-20
34
22
-13
13
32
-15
31
16
15
44
11
137
-14
-15
2
-104
-7
-68
-26
10
58
3
126
77
-46
7
-100
-19
72
0
16
-44
8
34
76
-15
24
34
-52
-5
0
22
25
65
17
12
-7
-28
39
-34
-59
-49
35
-111
-64
-1
13
9
-36
-31
-2
135
-15
16
-5
-56
59
-82
-69
15
-60
33
-37
31
47
44
41
-36
-65
-4
28
20
-85
1
-23
7
-270
-1
-1
23
-131
17
-11
-9
-32
8
228
-5
-92
103
-124
-16
123
-11
-5
35
142
-15
-1
48
52
34
47
156
-164
-71
0
-83
27
-18
-14
-9
64
-19
47
34
2
-64
62
12
-35
140
109
-46
321
10
47
93
4
-174
-200
13
-5
176
32
141
-103
-1
207
-17
-67
57
-2
-48
-59
6
46
121
-145
21
-33
-41
-66
-29
-68
-1
22
-23
11
-1
-18
25
-26
-34
10
12
13
-10
-12
73
6
-87
-10
-33
37
-6
36
-18
270
39
71
93
-5
-97
-7
16
9
-51
25
-112
-19
27
-18
19
-19
-2
180
-43
-10
23
-2
-29
25
2
23
2
4
3
13
28
11
-69
3
58
-39
-53
-33
-17
27
2
81
2
-4
-9
-5
20
52
-11
-46
-17
41
46
-21
144
-6
49
-37
-18
-41
-5
-5
-33
162
44
77
-6
2
-225
-10
-5
-67
-112
24
-4
-61
-10
-22
-31
11
20
220
4
11
22
12
-78
-15
34
-59
109
-13
37
107
8
2
-7
45
-1
-110
-1
24
14
46
3
-52
17
-5
-198
-14
32
-56
11
66
3
-1
-97
67
5
-7
9
15
-31
19
-9
-2
-61
27
38
-2
68
15
18
121
13
-68
-6
1
-23
-1
-30
-18
-52
-65
48
-42
41
8
107
18
25
-96
49
-23
-43
-20
49
-32
-15
43
-6
-23
18
-42
-28
-108
-25
-34
3
31
-37
-40
64
-103
19
33
4
110
-17
-20
10
49
-35
-28
-183
-11
2
-235
14
-15
197
70
-10
71
-67
-27
-28
51
19
-58
16
-64
11
-20
-111
8
-16
18
34
-17
3
2
43
-140
-1
-84
17
43
-16
16
-13
-145
-6
-12
19
3
22
38
12
-136
4
-116
-8
75
14
1
182
41
-31
45
-5
7
16
-27
27
-66
12
-4
-112
13
-22
-43
25
32
-18
-39
-11
-92
-75
-49
-27
-82
15
10
0
61
9
15
115
-13
57
-9
-47
53
-143
-12
-67
10
1
84
-33
-242
112
3
-10
-207
24
32
-50
-38
20
-82
24
-62
28
-77
18
107
40
31
-73
-16
4
-32
-18
34
24
27
16
-28
-44
3
-102
-9
-52
-25
13
50
-115
72
-34
-72
-79
-54
-8
-87
83
109
-5
192
4
14
58
4
-67
-204
-55
43
-63
21
-30
-42
57
-51
-12
-1
11
39
11
-33
15
6
-53
-12
27
133
45
-34
-42
-78
9
146
40
-8
-93
-15
-37
54
3
-123
-17
-45
84
-11
10
10
-44
20
-13
70
78
-127
-322
46
46
-167
-99
51
-5
6
-33
94
-84
128
-23
1
59
4
82
-134
-11
-23
-40
15
22
43
22
246
17
94
-11
-21
-11
40
-15
44
53
43
-1
-131
14
8
-28
14
11
16
4
4
-99
-24
-1
0
20
56
-10
-3
-27
-19
-8
23
-325
-25
10
133
-14
20
-160
9
37
-16
68
-88
6
-23
-77
-201
45
-27
1
15
-118
-1
74
46
-15
-24
-67
-7
-98
58
60
-108
60
-50
-25
4
15
189
6
-11
54
-5
-14
-53
-12
-3
14
10
-9
-66
28
14
-35
34
47
-110
2
125
10
-23
-65
25
65
-13
-16
22
-23
-41
-1
14
96
-9
43
38
20
54
6
55
-52
-61
-26
-20
13
-11
3
-1
-156
-32
29
-59
100
-9
37
3
-21
-107
31
86
-41
-22
-59
74
-27
-1
104
54
-15
-9
11
27
-87
42
19
-7
22
-18
22
55
-5
182
10
-306
-18
-18
-29
-43
-28
15
154
-24
43
177
42
-83
-159
-57
28
-108
49
-164
-10
-28
-34
-4
21
94
-48
0
-15
19
-71
5
-21
4
-66
38
-30
-38
120
-39
-27
3
14
13
1
236
46
-15
4
19
-61
-247
15
-127
28
40
15
-23
13
-11
69
-119
26
-111
12
32
21
11
-70
114
62
-17
128
-7
-18
-399
13
-44
270
-11
16
51
118
-21
37
73
-67
-276
-7
-332
32
-6
-41
-19
-93
93
103
16
-93
-28
-71
-5
11
-493
-60
-51
6
-1
-59
-75
-12
-56
18
26
-39
6
37
-48
32
-14
-12
0
43
4
-13
-23
-27
-65
-13
42
-9
15
-29
-44
-36
-16
-326
42
7
49
-29
-58
-50
53
-2
-66
-23
-11
27
-107
0
-34
47
-13
13
2
82
-27
-86
-41
-29
52
-49
-14
18
7
20
15
-20
-65
-24
24
15
43
-16
-4
27
80
-23
-70
-2
157
27
96
3
-8
-30
8
-46
27
3
-54
0
-53
12
17
-78
29
48
-23
-177
-1
9
8
-26
4
-11
-39
54
-13
1
-54
-9
50
-121
-253
34
14
69
5
-102
-31
11
86
38
6
-144
5
-170
89
-37
5
8
21
39
34
25
-12
23
-38
26
5
33
-60
-44
-7
30
-18
-32
6
22
6
-85
-80
-74
-30
-20
180
21
-12
13
77
60
-47
-128
77
-17
-240
-56
-62
1
39
-22
57
21
86
10
-42
111
-13
-48
-45
7
32
-87
-48
21
-92
52
37
0
-8
186
-83
29
-45
-41
109
76
-29
3
-7
-20
30
36
69
-56
-29
22
-3
29
-58
14
16
-4
15
55
-45
23
-35
18
52
-29
15
131
-11
-90
33
-539
2
26
-59
-21
-25
-57
25
13
6
-4
-105
-10
31
158
113
48
-67
-31
5
127
16
-68
53
16
-30
68
14
101
19
83
200
75
140
47
-52
-5
49
56
106
-317
181
4
-45
-27
43
-54
82
58
-36
-27
-141
-3
10
248
30
18
8
34
245
-22
83
-206
47
29
-170
-44
88
119
55
65
135
-63
-15
53
29
-285
105
0
128
67
22
-297
-112
-73
53
36
66
23
-170
107
48
-117
-133
-78
85
29
14
-15
-48
64
-22
-64
6
37
6
-19
-51
25
52
12
64
-3
64
-68
-20
-15
47
-16
45
5
67
-48
113
11
-58
-66
91
-53
-130
37
59
-6
-50
32
4
-23
2
13
22
643
-5
41
32
122
-27
-478
-45
-35
-32
1
45
-27
-43
20
8
-5
-98
-267
-39
58
215
-13
-43
16
398
-26
-11
-13
0
14
-274
-16
-415
5
121
-50
-109
45
30
-344
-319
-20
-156
2
166
22
-8
-240
66
-71
-65
28
0
-23
515
9
-117
-216
11
-4
83
181
-7
48
54
-69
-188
-86
-520
16
-28
-93
-13
28
72
7
-26
24
-29
175
92
-9
-460
82
-9
-38
-6
71
-57
15
-5
-96
33
77
91
-17
-147
4
9
-33
52
-10
38
-13
19
-20
-33
10
77
19
-4
49
-26
-6
-36
-363
38
-36
70
-17
-37
-61
67
58
-71
-18
86
12
63
-1
147
-21
1
42
18
109
0
55
-101
-13
-71
-76
0
100
-2
-16
107
-4
62
11
31
4
-23
20
-51
3
-11
11
14
-4
-33
5
-19
-22
-2
22
20
50
-11
-53
28
-9
11
11
-13
25
12
18
-34
-50
54
-12
-38
-12
11
42
-81
-4
-15
-10
34
46
-21
9
15
-27
4
-24
35
34
-30
-14
9
19
8
-2
-11
46
23
15
-1
27
4
7
24
66
-2
24
-26
78
-69
-22
-13
22
-6
-33
28
-20
-5
49
24
5
-33
-45
5
8
8
37
-140
-1
1
-78
-73
27
169
4
-35
-38
14
21
-416
-27
-22
-7
5
-200
-3
3
-8
-95
-2
107
104
70
37
0
-18
-28
-112
-2
-6
-48
-9
460
6
6
-24
-8
18
-20
9
44
-17
-99
-65
45
-4
-46
-59
25
-4
-39
-12
0
26
21
5
11
27
-22
36
10
-1
51
42
63
-16
75
-2
-35
57
-15
-3
19
156
14
-26
-3
36
41
-10
20
41
-56
49
-127
15
5
-36
6
3
35
110
-6
-40
33
14
-99
-163
-66
-53
65
-41
15
113
-5
8
27
6
-16
-127
12
121
-8
113
6
-97
-8
-26
-175
41
15
-73
-1
53
11
-75
-42
178
34
-1
39
15
-25
19
-26
-2
-45
70
91
42
62
58
27
178
-31
9
0
-4
71
17
182
15
-180
-41
88
-38
-5
30
72
57
28
-73
22
-37
41
-15
-11
162
-3
23
-7
49
-14
11
-19
81
21
0
3
-4
1
19
182
3
-13
-45
-6
88
10
-70
22
17
75
36
-8
0
-24
-113
-26
117
187
-2
29
104
-93
33
-4
58
-71
22
-21
11
-22
15
21
1
-96
32
1
-85
159
15
-9
-90
-38
-112
79
82
18
26
23
-168
82
-20
-19
-29
110
39
-35
59
-15
-13
-24
30
17
63
-37
2
-21
-11
0
42
30
7
53
5
28
-34
-79
41
-48
69
8
3
-145
-5
32
-15
-46
-1
33
34
-9
9
-54
31
-42
31
185
-32
-40
-68
30
60
-76
-39
-45
36
-25
100
23
-134
-10
-11
2
-75
-16
10
-16
9
23
64
15
-9
-19
-88
9
72
-10
2
-11
0
6
7
-3
45
10
36
55
-62
-112
8
36
35
11
46
16
31
-82
25
1
35
-20
3
-7
-110
79
73
17
48
3
12
34
20
-16
-138
-15
76
93
17
180
39
9
-9
-48
125
148
-42
69
-35
40
109
226
98
187
-10
-147
18
-70
-6
-29
-73
22
-20
-21
19
71
-31
80
-29
-9
-83
86
127
395
72
84
-43
55
-5
31
4
156
-655
163
22
-61
53
0
58
58
15
-51
-91
-139
-17
46
-37
-114
-122
70
757
46
-12
-35
138
-326
13
14
-11
-4
1
3
-7
-8
10
13
21
-3
11
-4
-7
-17
12
8
0
0
-9
-12
-14
12
-8
-3
-13
1
9
17
5
-33
6
72
-10
0
15
13
10
44
-45
-8
8
18
11
-6
1
15
6
-9
-9
37
-6
-4
10
-7
8
0
-14
17
10
46
-7
25
-8
74
272
-366
-21
-13
-849
-48
16
-13
-2
69
-18
46
-359
-10
68
-31
75
-69
0
-604
-46
-96
-62
-18
-37
-81
85
-212
-139
31
-29
54
12
89
-157
72
-71
-206
-39
26
-23
220
159
88
-38
49
-28
-51
-94
30
-70
57
8
-343
32
-37
45
2
19
48
43
43
62
