59927
-86076
-48348
-132983
-30176
-136541
253099
62189
-284426
93131
-2041
-26153
-163676
-49077
-278836
-155909
-140693
109301
-82116
218338
31162
-39867
25994
-209521
-38457
139416
65211
56052
6955
-29382
-42513
-340347
-79759
80825
-155258
-31781
-27779
194027
-325134
-319516
152651
-91150
-99896
178383
109186
-220940
96625
-371863
-45720
-108235
-403917
-274330
142878
-236914
326195
87559
-275821
-142832
42729
245384
-252274
299720
-233912
-134482
42147
-52480
123323
-224086
365535
57444
-78733
54183
-290128
-138568
161590
100297
-126832
-222241
-155752
-198273
-79728
-344530
232010
61994
-7853
288120
143860
5435
-24598
42078
-96162
-127964
-41230
-51789
116787
-169092
115447
-42071
110414
-17445
73271
-140034
-161348
294691
37146
-64995
156208
87078
-287280
318428
17001
75415
-169430
-27082
-187223
78867
219512
154145
-3830
-204412
-54382
105609
-298261
64295
-122710
31599
34137
309748
-385353
-145312
264466
-70996
-356180
107145
-150792
-25600
75357
340553
-326100
26319
-21680
-88068
-512162
-148374
-118023
252578
184790
-298269
-240166
-101601
139081
270024
-86125
-198066
-256309
280956
5935
213690
109383
-53765
-52039
216694
-16938
-121466
294917
-270804
37263
123381
-35095
-29306
-178009
-107031
-329666
12098
-64195
-358251
-158154
21556
30818
10056
-16871
69767
-3855
175687
-221345
126095
273059
-240958
-91947
99277
192211
-31817
198170
-266628
-182301
-15601
140601
-61856
-217819
-383556
-52185
-295132
211133
-183862
1023
-42352
105535
-256638
68146
-89797
-394027
188166
3904
54996
265562
381951
-138773
47495
85151
122137
-151315
-2548
25210
138622
55723
-95258
74393
-135264
63776
-267710
85608
46879
-66217
209140
-173237
53234
-202061
-162505
-30262
-151518
-110008
-138693
-171323
-8506
33968
207617
55108
133363
303439
15008
20862
73134
293151
-267200
158595
156025
