1049279
1301820
332714
-882909
-456690
367075
87513
31868
94367
-190283
-140722
1774534
-670718
241760
2424826
-308434
-331289
-1202594
-418503
1774366
-33851
149468
-626241
713134
629591
1381898
-596718
-707203
-742113
8178
897406
613579
-402697
329825
1135924
-1204442
1602002
1795780
280994
-647360
-703956
488548
1367431
-26276
-231898
394812
-289767
-220814
-1606427
1833226
-448770
332104
-191987
1707775
-36763
-1552324
-194606
794611
-16708
1107567
-1293223
-769186
808343
-881921
-989584
-740375
7380
-382498
-625743
161924
-304981
-1815724
-287665
-239588
-1647781
166493
170550
1045602
1736800
1849602
-533480
-69053
516498
1773182
1799354
-240314
-207207
-327627
339325
-108500
-941662
23508
356619
823607
-240328
-5407
70961
215752
1313923
818581
369855
230865
197239
2172092
91411
30508
-1024655
270816
-829179
1627318
402636
22898
-1102965
-1121149
-1262730
1430970
2394884
-1305076
1439797
1237247
-277169
51361
55366
-850191
134682
-1263544
1179434
1995848
