-315
-201
-142
-293
-367
-193
-168
-322
-282
-12
83
-162
-144
-41
-199
-172
-97
-230
-1372
-26
67
906
945
1345
451
1114
2775
-58
81
58
150
643
329
20
312
190
405
489
121
153
322
0
-76
200
129
17
1076
763
-1611
138
1698
-1270
-874
536
237
362
95
304
853
239
596
400
552
-155
-451
-100
-362
-1341
1374
-531
-715
1656
802
-1202
394
858
-1282
351
539
-741
161
605
-132
-383
593
-184
-352
131
-336
-160
342
410
178
168
705
562
-717
-781
-491
-417
-369
-53
-412
-380
-20
-58
-16
35
178
149
27
229
337
182
71
87
64
-1919
-3542
-738
-111
-554
12
2460
2750
1046
-94
-149
-88
-119
-241
-218
-33
-144
-158
126
478
-176
711
684
-217
605
330
-392
157
229
77
200
323
122
105
125
21
327
636
469
442
728
332
197
15
-192
330
-246
-709
873
376
-367
529
722
249
-202
-332
-177
-409
-478
-232
-119
-144
18
-598
-424
75
-278
-1006
-1129
246
-331
-221
1579
2877
2344
-143
-306
-360
-1459
-2203
-2095
632
529
190
653
441
-84
343
14
-330
-284
-627
-311
-286
-504
-424
-389
-205
-369
-578
313
1176
-1350
-1079
822
-7
-96
634
-103
-125
-75
-203
-403
-297
-73
-253
-215
443
550
85
656
451
-104
132
-181
-285
175
280
118
487
843
385
382
588
269
129
489
503
457
641
294
385
420
-194
629
742
112
162
402
206
-799
-937
-152
-879
-882
169
-1257
85
813
-515
506
488
-226
-320
-228
-780
-326
-506
-622
232
-508
-179
104
128
327
549
372
167
691
595
513
569
49
441
135
-384
-355
-729
-499
-241
-65
20
-266
-469
-152
-87
-251
-99
1125
1360
239
1394
1463
972
771
965
475
36
69
44
-209
-340
-230
-328
-531
-342
-87
-102
-46
-149
-226
-123
-79
-180
-106
-1028
-137
474
884
1245
-452
1006
1029
-852
102
329
99
453
839
-4
575
544
-20
-492
-221
496
384
115
649
653
450
498
624
46
-417
499
132
-821
400
116
-648
211
247
118
-154
-189
-71
-392
-713
-327
896
636
-287
404
-382
-799
-320
-1033
-556
-247
-767
-404
1315
1767
943
-717
-1027
-518
431
575
448
314
790
543
-10
417
139
598
747
165
636
930
585
217
289
249
-526
64
481
733
1103
187
81
-307
-1386
212
47
-164
720
856
-75
492
583
74
205
145
16
-119
-895
-681
-11
-422
-316
26
216
137
310
451
266
193
212
48
910
1043
178
-194
-599
-387
-413
-423
-60
75
487
132
12
888
469
-494
602
218
-237
-294
-141
-276
-348
-135
-108
-159
-37
-357
1260
1392
-1157
107
1079
-1449
-733
702
24
1504
1440
1515
3586
2390
290
422
471
1204
1671
553
-845
-1039
-433
-186
-284
-226
920
-112
-586
1360
-932
-1484
1000
-938
-963
92
987
1119
1224
1579
1121
1230
985
513
-615
-1055
-539
303
416
124
207
336
89
110
234
55
302
648
169
201
350
148
-40
372
745
1171
1803
1168
669
1475
1282
383
599
396
377
152
-289
-594
-1021
-671
45
372
569
70
334
329
24
113
-52
147
217
181
178
343
266
403
484
237
273
-800
-865
-271
-899
-712
-249
-385
-495
530
148
-821
64
989
-1426
-354
1011
-157
165
306
155
446
590
217
272
328
123
40
389
223
534
860
411
478
620
344
-268
688
1122
-1518
393
2143
-1581
-783
17
129
28
-39
270
202
134
376
518
235
399
37
369
-1287
-1870
-1010
311
650
896
819
915
445
-690
-887
-377
8
155
-53
416
518
95
486
375
-69
76
-37
-124
388
679
318
95
433
74
16
136
-74
1013
354
-339
-89
-940
-799
-891
-1242
-814
12
19
203
-673
-428
93
-830
-984
216
-32
-104
-115
-372
-315
-250
-30
-462
-398
-253
-185
-5
-356
-325
-67
-179
-159
-53
-13
-157
-137
-47
-244
-224
-44
-175
-161
-1638
242
-483
-2884
201
-204
-2332
-1615
-447
93
239
210
146
335
225
9
-40
19
-376
-801
-544
164
236
146
-59
485
443
-136
-223
-80
10
-689
-569
-77
-609
-421
-44
-127
-65
-200
-307
-196
-223
-313
-176
-141
-75
70
-54
204
348
81
380
286
171
-171
-425
735
165
-384
794
530
-64
161
707
385
604
932
643
123
525
434
179
-926
-529
881
-1773
444
555
-1534
77
-719
506
155
-1017
394
916
-386
-315
671
-44
483
784
815
873
935
836
254
544
-160
-416
-20
400
-1238
1260
96
-1222
1166
17
-111
-142
-873
-1198
-593
704
1492
789
-556
-577
-481
-117
-641
-577
263
30
-146
56
-160
-43
110
-177
355
758
486
413
-471
-523
-28
-371
-911
-513
-27
-416
-286
624
1228
746
-120
-847
-1151
-79
-288
-236
746
2040
848
-331
262
297
-623
-1015
-375
109
-379
-461
207
-379
-520
169
-3
-83
-199
-295
11
-297
-280
-153
-193
-100
-343
428
233
124
-42
-247
-385
-183
-485
-682
666
881
565
-427
-890
-587
-228
-140
-166
-839
-716
25
557
908
316
512
414
-200
357
186
-69
-341
-1109
-651
-24
-264
-153
-1077
-1688
-1181
294
454
-19
508
1467
748
-665
-399
302
-803
-78
1029
-434
185
844
337
772
731
260
931
778
157
554
614
-128
238
407
475
735
128
-527
-797
-737
-130
-162
286
325
418
261
315
914
590
-96
-233
-193
-167
-391
-238
-127
-165
15
-305
933
793
-1177
-173
986
-841
-737
390
-106
417
733
-1215
355
948
-928
-353
666
284
600
342
81
343
224
-82
-70
26
-34
-139
921
544
697
1718
474
1084
1126
-60
55
-16
173
350
395
235
490
488
-128
-337
-135
-58
-294
-168
183
-346
-196
-139
-203
-89
-195
-333
-128
-98
-135
-28
366
550
27
1314
543
-122
1085
399
-392
-739
-888
-626
-734
-542
-618
166
242
-228
-1437
-2064
-2067
389
509
422
1068
1630
1774
-69
282
322
261
600
352
183
192
-18
-91
96
9
-449
-928
-672
361
855
682
-107
-339
-273
298
629
715
-45
-525
-502
99
167
66
25
540
450
-180
290
544
715
-1615
865
606
-1865
1040
144
-593
419
190
202
397
734
1240
727
551
1337
960
-1854
-157
6
-1565
866
788
-1021
1351
980
-132
-96
-57
-223
-362
-253
-5
-249
-275
