261151
1231892
905024
-402039
-393286
150342
-95507
-195663
-654132
179531
-1364009
8870
666644
453099
-519043
54608
496750
-529596
-1397133
129476
-137739
440079
1698505
153424
1081896
-317340
-575410
480539
-272491
-511643
291743
-17835
-23693
-196311
-818640
-207482
-1845232
114991
-882692
1004051
153147
-486782
121305
173764
123375
146328
164494
-220308
-381789
-12201
1070235
-49824
-78170
-913935
534319
1147548
-1087186
144511
-177225
625770
-151423
1101281
53947
-21193
-872488
539997
1883
-383116
-497610
-61538
348845
-190133
-1857718
634142
171555
-601179
-195817
-288876
997201
132491
-28630
-128259
-1277991
592684
-243364
2123777
352937
-228778
1429639
-698153
1203875
-1002550
-617167
-137300
219287
-62534
586229
25817
-12525
1185620
-97922
-613515
324152
1153320
1107559
-212723
-297361
8845
1329881
-226690
-1375758
-196
88030
-240542
183862
-377863
-518292
435687
-636473
700671
390842
-221003
149458
895940
-155748
611170
1158808
880411
