613
15
-248
158
486
-632
157
-141
355
233
-603
-101
571
-372
424
-344
190
396
443
552
-793
190
-372
229
204
550
-646
-549
394
1366
502
314
-368
583
466
354
340
-228
-454
582
-746
-686
547
-32
-161
-305
315
-369
-148
-314
-222
492
-673
-537
377
364
587
-243
-587
-82
-429
-248
-333
-348
-301
-631
185
-774
217
-544
-109
-154
311
136
-346
-186
-257
-123
102
-87
331
670
147
-275
275
-137
-156
152
-27
-287
-177
92
-624
291
526
115
-627
353
-576
554
400
455
-684
464
344
541
-513
272
393
597
540
42
560
200
346
-282
-867
-552
-620
291
-86
-86
-378
-286
-691
-51
-363
640
-737
443
619
-681
568
414
742
382
336
431
292
517
-109
-957
618
789
286
-698
145
133
446
-302
-145
21
179
251
324
60
-410
277
481
157
-86
438
128
-413
-557
-526
-160
-161
-57
-961
-519
-13
600
-677
-197
-618
518
-490
-16
83
-898
1196
-661
518
-348
-115
-754
-40
666
-364
-347
322
-482
164
353
-347
188
246
-46
429
585
617
38
-347
763
450
-394
-348
-622
-680
620
480
-960
518
-305
213
-2
415
377
-369
588
-904
-711
-533
623
725
-536
-77
77
-142
52
497
224
-624
545
-384
-611
-700
422
-888
-428
-485
88
549
421
-446
165
-473
269
-328
-424
-233
-403
-606
569
38
