-153583
255091
1146959
-526235
213755
-262277
250409
-681288
-491851
-444528
-78757
-54141
154003
52564
-14566
91193
115204
-129747
556882
-259440
-699868
-243099
-967643
-201448
-122757
-729234
400712
826987
-1119426
-190085
495921
214921
97887
-359407
-150834
571721
-883437
82173
134432
153022
124406
320401
-292074
482992
310630
-620155
-62535
775671
-348366
223337
9182
-265188
-337160
-745021
-460229
-217089
-128420
-257461
470939
-256753
44621
692326
-698292
-669665
-793382
-371933
1158653
-574520
1234414
445067
-413574
403658
81145
-599465
309131
585353
433984
46400
-154598
-293792
-361524
708155
-429830
648616
605699
-245587
1107207
-350204
-889229
-349858
-594846
-72119
-33704
378168
-611352
70372
-75355
-115174
313509
-440115
-167241
-1457802
783695
-447592
-442205
242093
1202330
-71619
311984
-118136
-282713
-559287
89709
-171462
-191091
-582904
340602
187367
3548
-440986
-516309
-10328
-402118
-484807
-174030
246497
-161742
-261433
