260475
589242
-255710
-457497
-653787
-124369
-771751
-58878
-1289723
-388262
300899
2176071
1483088
-1656064
461950
35873
450814
618349
451420
-807519
691652
-521560
964896
-961961
51350
-396162
509545
-1183647
-615279
-518877
-31311
287640
2367460
-604793
-389657
1083590
-363776
-737464
583166
-759813
316352
574384
-488816
1946333
-603445
864089
-169782
-1607011
-782988
-198840
43020
114980
-745627
29294
207525
1927809
433494
1060020
1323898
783331
-701534
1868045
355789
1311688
-143453
-1239440
551523
-467165
59978
-591800
125721
-1412536
-764520
819001
209638
-1326569
273560
480878
933402
1901660
-1117229
159540
2132932
359384
-1156899
-655887
988212
-1018070
-294498
-529233
-2775267
914495
-1656778
-429755
-357456
-564204
-106914
245431
144728
-928306
-3440
-376932
-294740
-154271
-141620
-743425
467236
1487259
363722
1812594
382510
139185
1506612
65728
191596
1530631
415979
1220483
1474890
-506430
-76659
907383
1071666
1129969
-65449
804128
-370256
-31288
