-306
862
-399
466
4604
410
-473
1354
-519
-101
33
-98
257
1575
170
252
-484
266
1061
764
1120
167
-390
101
128
356
47
752
-1010
662
1359
540
1373
-914
-546
-906
-238
-279
-218
-758
1206
-749
-766
-266
-770
-311
2033
-326
-408
-379
-451
121
-615
140
162
132
224
50
1531
104
324
134
334
-903
3674
-818
-432
1521
-660
-369
-352
-543
-765
532
-705
860
-488
814
1413
-1505
1362
-764
-604
-733
-353
97
-281
-433
-923
-428
323
-277
304
-690
-769
-701
430
97
437
-331
-556
-294
-785
-641
-818
-928
29
-929
60
-1924
6
68
271
268
1517
1314
1527
-121
-961
-125
-490
-165
-529
191
781
224
1717
-391
1644
-392
-15
-423
-514
-91
-418
-1022
-1348
-1142
219
2144
259
859
-862
816
-194
-715
-44
-395
8
-451
-748
2268
-767
-447
-790
-443
-706
-230
-714
-316
669
-289
-581
-442
-582
38
-767
33
-27
2729
-64
514
-318
448
1576
-950
1634
871
543
924
169
-1187
293
-389
-490
-416
-490
-488
-541
387
304
436
-631
-396
-575
-393
-914
-380
154
-256
118
239
-613
275
1641
-623
1625
-826
951
-816
-1366
854
-1343
-485
-158
-472
1509
1557
1697
2713
2500
2633
-2237
85
-1975
1039
1679
1076
-261
954
-196
895
-1604
947
-237
-360
-140
-304
-361
-402
-595
3318
-546
-539
-724
-524
-45
-93
-138
1470
-153
1500
-711
-779
-658
168
-469
146
-582
-717
-700
-182
177
-201
863
1045
892
1206
-665
1203
269
-332
266
1290
453
1202
0
266
-25
-104
-1030
-167
902
84
857
621
569
600
-386
-1048
-292
1630
-468
1654
-340
-816
-231
1597
1641
1625
209
188
284
-589
-2588
-615
-409
-538
-408
1603
-749
1666
-26
-1055
7
-194
-554
-177
1672
29
1700
245
2454
264
-465
-588
-468
-730
-995
-724
2
-467
61
145
19
143
645
1047
670
-284
-306
-287
-22
2
40
-1217
9
1184
-895
-35
946
1213
-18
-1228
493
1
-474
121
14
-118
-159
-17
-182
155
209
178
641
1026
691
-754
-1532
-1292
2140
-3365
2078
1913
608
-3333
-483
-180
-478
-291
-186
-267
-451
-601
-449
426
1045
413
1245
-511
1204
291
-3
366
321
672
302
1198
181
1204
-73
-849
-81
-375
-936
-374
-319
191
-290
-628
-810
-643
1039
-491
1030
637
-1190
707
-32
-734
-9
467
-629
429
25
-477
38
-688
-1009
-693
-378
-557
-330
-375
456
-350
660
1460
610
835
1002
855
923
-573
959
55
245
56
584
615
593
777
136
814
259
456
300
-448
529
-406
100
248
80
894
1434
876
386
-106
405
147
2169
96
-310
-187
-284
-542
1330
-474
82
-132
105
888
226
905
521
1398
503
88
-229
107
-555
512
-487
-18
-572
-19
246
2012
337
448
-4
366
-345
-289
-318
950
813
1005
795
1111
827
389
1535
399
469
584
570
-300
1344
-232
-742
-1301
-696
-715
1150
-700
237
-1282
299
-84
-170
-92
138
520
106
897
242
871
78
-380
90
342
-249
399
727
1586
772
723
1344
807
38
503
-43
-663
-15
-629
53
-667
68
1276
-1431
1474
-642
-996
-691
-283
-275
-258
-484
-368
-466
-400
-388
-383
-385
-1164
-432
299
-305
187
710
2005
781
228
1901
217
613
140
532
-1126
-1289
-1098
-68
165
-152
484
-1386
453
1325
957
1319
450
2510
503
-324
-585
-202
528
1319
429
-709
36
744
-1322
10
1322
-243
-51
283
760
758
742
53
6
18
113
-696
163
777
300
729
552
1081
547
-650
-942
-680
389
123
328
1258
111
1227
286
-612
300
-135
-567
-124
158
1311
201
163
431
142
546
-708
459
1542
702
1500
618
853
661
-229
-392
-266
-328
-631
-320
283
1582
338
-404
-1066
-472
485
-810
502
640
2441
711
-520
-1042
-475
1457
-1365
1450
-162
20
-250
137
-37
194
975
218
921
215
-59
212
-588
-817
-506
-297
60
-221
-512
-816
-574
78
2
-77
-1252
13
1274
-375
27
377
853
399
840
312
321
310
-97
-544
-139
442
46
393
-430
-858
-313
1199
1310
1244
438
-266
458
-400
-489
-427
-879
-1159
-905
806
1258
828
464
716
523
-605
651
-676
-136
1197
-80
2426
-553
2480
-527
-305
-454
-338
1287
-304
39
927
-19
204
-1347
176
486
-972
487
-841
2132
-763
231
1927
305
-575
-151
-644
-448
-99
-456
-458
-1131
-473
-409
23
402
-1154
-34
1209
-173
19
163
1164
-416
1164
403
-271
425
338
-1007
346
-293
-570
-311
400
-949
422
-627
1967
-655
-463
-1654
-607
1030
-197
1106
1047
278
1021
-270
-732
-277
-627
213
-645
946
996
991
-415
-970
-448
1696
-1068
1763
-190
-35
-126
-590
-917
-568
-4
112
-52
284
1584
262
-745
-273
-712
-676
-839
-670
-376
-641
-326
1253
529
1378
267
1398
186
-412
-814
-455
205
1135
176
185
926
425
1802
2897
1717
-405
1000
-333
854
2851
890
1201
1100
1240
-759
1790
-897
-809
1307
-864
236
588
275
-528
-165
-489
-304
433
-292
-824
-322
-831
160
-292
45
-410
-987
-332
1141
2179
1031
-1573
11
1581
-91
25
60
-324
-41
295
-323
169
-286
49
-800
36
1560
-492
1581
-622
-193
-617
748
-408
756
-179
-773
-233
1041
357
1090
-659
168
-665
-275
-537
-247
348
-8
-267
3160
155
-3306
-284
1211
144
-633
-266
-573
366
-314
396
-470
-922
-523
-519
-472
-562
254
580
316
977
579
986
586
517
504
1258
1464
1288
277
354
223
1259
479
1198
1177
303
1163
587
890
516
-466
-212
-358
-1057
403
-1076
-860
-838
-901
456
-469
531
-1400
-59
-1435
-803
1511
-818
-5
1218
-6
709
-1422
713
-1133
-449
-1243
38
-389
39
268
13
273
1260
309
1288
-73
-967
-108
0
830
25
543
1600
539
1135
927
1103
498
566
598
972
-1405
946
38
-835
10
-361
-389
-358
415
2341
357
526
1450
490
142
-517
214
788
-685
751
316
1573
356
56
-246
76
-481
-990
-512
380
609
366
330
697
330
499
690
518
301
-1036
352
924
-910
878
-1069
1420
-1104
-629
903
-654
1058
-221
1055
-888
-1017
-885
835
-280
875
-784
119
-833
558
1842
603
-238
1266
-188
126
177
150
651
156
674
-509
-827
-552
-627
94
-643
1329
-346
1402
894
-445
1000
-1021
-278
-962
1237
1839
1286
305
1908
238
-22
-204
19
-244
-166
-281
-483
-1125
-561
471
-1372
539
668
-1482
722
853
1057
894
-667
-9
-686
295
451
385
608
-489
521
1537
2263
1591
66
-264
-21
-129
2176
-73
-339
-1296
-366
1850
-292
1935
-786
-785
-729
682
-2142
795
-1620
727
-1679
423
280
438
329
-530
320
1164
333
1176
179
2
-220
1185
22
-1188
384
23
-410
-280
-319
-270
-685
200
-746
-372
-215
-420
1446
-1118
1458
1024
-822
1070
-10
-279
0
672
1371
646
-479
547
-456
-279
-206
-267
227
-1036
328
949
-1235
976
599
2067
518
-571
887
-679
1946
991
2014
-197
-851
-240
-247
40
227
-1107
31
1131
-974
0
1018
-215
-770
-193
-597
-133
-615
701
1855
743
1017
-311
1032
902
147
907
-64
-1137
-106
1152
-344
1099
488
-87
636
648
1453
647
-397
-228
-281
1058
-1134
1080
1535
1380
1591
-747
-628
-746
-79
177
-89
-833
-600
-802
210
-2064
279
-1309
683
-1306
-571
-765
-631
-603
-1269
-551
615
-299
610
-165
744
-130
-678
113
-1021
1806
-1195
1872
1277
-875
1380
601
-396
573
533
-382
519
971
501
1030
1419
-606
1379
-781
-776
-765
-1173
43
-1147
931
1216
904
-670
-420
-728
-22
-126
-74
85
-299
-83
953
-1188
877
1067
1356
1078
144
-91
186
144
1101
173
16
-127
44
-353
775
-356
-922
192
-920
-521
2086
-435
-47
-103
5
885
10
841
-222
-322
-215
-466
-899
-464
-430
-433
-382
-971
417
-1031
-233
-141
-247
788
-370
824
851
1373
880
-1488
36
1513
-841
56
819
377
51
-451
2556
-185
-2564
-529
23
428
-1106
15
981
897
1441
958
902
-231
916
-240
273
-306
247
-1115
468
1304
1534
1359
-396
593
-374
798
1693
717
-94
141
5
-459
-609
-385
366
1279
342
744
-709
802
-54
1707
-50
1266
-1168
1263
-664
482
-666
-383
-1398
-455
-233
-222
-245
172
1722
127
-94
604
-60
-419
488
-527
180
-249
181
579
1797
622
-623
-32
-556
-1168
-1013
-1292
1918
431
1924
-308
-427
-388
250
35
204
164
1667
197
-530
-561
-586
-270
-352
-282
-399
-253
-462
198
-623
162
-283
-928
-323
1493
573
1531
783
516
782
822
-398
824
-274
-711
-364
776
1207
768
908
480
892
1244
-103
1088
432
1466
450
259
890
323
200
-823
205
2076
2037
2077
753
2123
954
-1150
-121
-1279
-366
-615
-360
-647
-347
-586
-138
-900
-137
93
-117
148
304
64
292
913
402
952
-322
400
-334
-173
577
-170
714
1795
692
198
-1710
-39
954
4772
995
328
-612
241
-759
-579
-594
1726
408
1703
2975
1147
3073
2139
-473
2193
260
16
378
78
-589
166
73
1402
15
-529
-494
-514
-383
-693
-396
902
1324
973
214
19
208
546
-1168
504
29
-898
81
256
-1108
355
-413
2440
-393
-87
-634
-116
1608
597
1549
-602
-592
-568
763
20
732
257
4
249
-1242
-191
-1173
733
-586
779
-702
773
-599
-556
-593
-592
1389
908
1396
-387
90
-394
-566
-110
-581
-351
-770
-311
-789
105
-771
848
1239
889
664
-25
665
-291
-1029
-202
1519
-719
1540
643
627
695
943
424
917
-208
-164
-216
148
503
133
1296
-665
1271
-329
-280
-292
-77
-698
-118
1276
653
1299
162
-520
173
1109
438
1098
-33
173
57
-726
-246
-745
1334
62
1323
422
440
453
25
-21
-85
436
2113
420
-271
-604
-199
-188
-525
-211
667
1078
639
-264
496
-293
-125
-1576
-54
-605
284
-697
1128
2183
1134
-552
33
-509
-461
2422
-458
-507
2494
-530
-131
659
-131
-566
-950
-481
-504
-484
-527
-673
-700
-755
159
848
210
850
-579
869
1203
703
1264
278
610
279
-372
-868
-353
239
1037
241
-574
-932
-498
-430
-121
-462
245
2909
164
-237
768
-253
224
1126
260
1306
1291
1394
400
1974
337
229
-412
259
-99
-745
-112
-150
-246
-194
-194
1869
-224
-163
542
-132
-119
1339
-41
1192
1559
1195
552
-36
476
-1143
-852
-1325
-626
-123
-574
1990
-1779
1896
-430
-1663
-418
287
449
284
-197
2236
-214
-1044
-15
979
-1517
-129
1483
-294
-74
220
264
93
314
737
1138
713
899
145
939
-130
-257
-180
-342
169
-269
1736
133
1723
-181
-1452
-287
-818
233
-802
1295
-352
1348
-1176
4
-1104
1983
-1033
1924
-273
-2165
-177
-540
-938
-544
-117
1150
-117
1332
1204
1284
471
-874
453
763
1134
801
841
-628
891
756
1200
794
-492
443
-458
798
366
799
-396
31
-357
-99
-329
-160
1860
-1173
1852
-347
25
298
-1321
33
1271
123
22
-116
-288
-471
-272
-293
35
-261
-604
-219
-616
-32
-1032
-74
-896
355
-889
-549
-178
-607
486
-708
320
1432
-513
1473
1191
3068
1351
627
848
630
357
485
396
614
1081
701
-134
-194
-111
-353
-622
-360
429
549
445
-322
-299
-275
-646
-677
-605
-694
-553
-642
244
-308
279
344
389
364
380
1064
348
1062
564
1095
2099
-771
2227
509
-611
596
205
-27
-207
1031
4
-1079
571
-53
-589
-993
-389
-977
-137
-540
-202
-894
-321
-949
1202
-1488
1208
878
-944
866
400
889
439
501
521
486
530
-83
480
446
1302
489
-504
-490
-515
-412
463
-404
-611
-272
-629
203
56
-284
-1718
76
1762
-471
-69
556
-130
166
-35
160
1548
57
147
1296
232
-438
-233
-441
-213
1813
-238
-505
-856
-581
1341
852
1383
8
1695
38
387
-210
534
-1185
-559
-1140
-723
426
-727
-665
1715
-629
-143
119
-145
57
465
98
367
818
360
906
970
812
1411
379
1441
-272
1640
-270
443
686
426
1395
-326
1372
104
57
124
791
1070
750
632
-61
621
256
226
257
-416
-1181
-437
403
145
375
948
985
1021
493
887
435
-265
-189
-210
605
1433
587
-211
-300
-170
-336
-463
-324
-486
-429
-488
-37
-753
-51
787
-594
805
1180
893
1160
370
2073
258
1006
737
1085
-389
-1375
-365
-399
-539
-368
1012
235
1044
-414
395
-385
208
865
202
290
482
342
-77
-268
-117
62
-383
111
-118
-94
-116
649
1236
621
104
-541
111
-790
1713
-770
-46
214
11
-645
511
-610
-143
-1045
-78
192
1521
149
-428
-62
-454
-767
772
-635
-388
1988
-406
999
675
1015
-132
-1030
-155
-756
-383
-627
697
-107
598
962
2053
1114
-799
49
-737
-819
-217
-815
-564
-287
-573
-284
-916
-246
367
-674
409
-944
-710
-1004
-625
-280
-576
