-207474
-246434
-335915
-339652
-161666
-175301
4212
-79102
-10620
-413280
-122713
-292138
-133447
-99662
-293452
487888
20737
-157832
77978
-223099
260224
364496
-312126
110723
-90086
-146936
-236582
340812
-83631
18561
-82429
-77320
-37966
-5689
-323897
-210714
59814
-354763
-142403
-132413
50765
-218547
72051
-68454
-197005
-178364
-197796
-410534
-101724
340502
192191
-16274
282121
-459059
-133723
87174
-174636
-92520
231507
-44444
54707
178430
-65250
-357134
59573
-22741
-163826
-394451
-270439
-359620
-350431
-246026
244768
75551
-460438
-390145
-135905
-307193
-181184
-507058
-119729
-353355
1166
26617
228802
-116812
-461703
-22948
185405
-409270
-43062
-238050
-298029
-147495
136052
-387266
-318567
-362149
249074
240293
-461480
-354027
-377847
-525110
-142385
535567
-436438
158499
98887
-39321
-49421
-149775
59123
66440
-618222
-240891
-97162
80760
70922
338119
96415
-225189
147508
-41167
-29599
-307242
-358944
-246295
-39641
-17701
4626
78190
-433651
124934
59424
-208786
-14407
-102907
239989
-29975
160082
-85397
65576
-228358
173360
-34274
136130
-365349
340400
-77851
-102917
-91972
-457610
197178
202527
-198522
-241612
53873
-490870
100899
78911
-66704
-511579
62138
224092
323051
211333
-142533
-62175
-151067
228995
263238
251454
-260893
-314100
82580
204474
-382864
-138209
-460949
-253990
-94363
-112326
-221105
279403
-21740
-364978
269976
-5853
141595
59360
-576385
137853
-74772
-51580
106590
-438338
-132330
88902
-149381
131217
-16516
-476382
46807
-649366
-47684
-213113
405935
-331309
365351
56162
-355594
122971
-293762
-352246
-301057
-171870
119366
40804
171686
60469
-256474
-191818
-647124
23501
-59283
294104
58199
33523
-302428
174777
-68749
-506946
-320868
-64621
314500
221327
-371998
12549
541685
148476
-256138
-103082
-47322
-136515
44647
-12227
-741939
-233881
-301902
45282
-242515
611
87043
-134916
155000
