63268
954580
210123
-355132
-45343
-679529
1214050
-112909
634612
1240529
-63503
-118725
-435528
-134163
-74423
-140578
-1168967
-159177
-45990
46400
-567998
-102693
225697
33912
-171450
241286
-331225
899384
-110346
-208439
-121756
-1217500
73541
-80799
87800
-693263
-367407
688736
267982
353472
17757
-99166
194800
858741
200106
-1033959
-12713
510828
104306
-386243
-1219718
246696
-641801
104803
491286
-222853
410544
-36056
-384790
1570456
465489
1415560
93239
-302256
-503454
-28385
-169499
29222
272266
976658
92648
-301897
-48964
-25791
893646
824058
84844
151800
-172120
-132202
-298402
294856
966247
-455933
490340
141985
1324404
93041
1595450
-327444
281743
-845748
-368458
-200808
-810510
78098
1096768
-918721
1331936
-375096
28789
39423
-456476
-263806
-457386
-254664
1299546
-200365
-815122
1267226
-73733
385888
20904
-230077
-33556
210227
-149190
103451
-66485
-252802
-194597
-186263
166614
44257
-82734
1091937
-166876
687172
162891
197599
1831353
-703877
-376379
-17049
144803
-478013
-311932
587648
181573
156125
-400064
199583
61632
-213085
-65289
1502639
1053886
107481
109181
-412217
378355
-239209
-226905
124947
11628
770906
-101467
622370
797659
-14899
-871900
558107
-459018
-150012
1426563
-45980
-516986
-125013
409071
-13677
-382527
-71219
466456
-600056
-15312
89692
-94746
176965
1709106
1048713
-483547
-576840
342169
1038963
-231384
-31654
-164133
-490778
-862081
942
1049255
-808766
-230350
377185
-52718
390908
-151334
285340
191659
558417
-101551
390947
14718
-19335
-67343
250971
420510
92200
-117651
-203621
464322
-64643
516989
335396
-148453
1626458
-255143
-724899
-604925
311333
-479924
-711361
90822
-106751
-285607
19883
-281205
-208315
1106510
-840477
-85460
-488877
208859
1221540
81171
-70770
73569
21670
-54436
-403696
247551
-319379
-622893
-214975
437290
1114360
47270
-68094
1193707
-97882
46964
591090
1310112
309936
108814
386990
