156754
168736
-105126
-346799
-1205349
-216876
45496
67853
1019149
-350602
114332
387682
-162768
-62664
318465
34367
304663
-5009
83143
382161
-1104108
3533
-146520
-20461
327873
-845136
716893
-419429
-612664
-111959
-15132
-452377
-4385
-82749
-259121
39922
580216
-340469
-64360
44181
-477592
-235652
-98703
96945
-247156
190924
643656
72473
-239014
132910
416868
-481453
-89723
-161618
-74917
-59222
1003761
-465618
682276
-28367
-1019729
-895700
14375
-486559
124425
-538674
393495
584586
958459
-106828
147211
-463380
-582600
763753
-92671
-278578
-584820
341362
139592
94847
-515179
-79948
48968
6296
286598
-333346
-40022
-126344
457883
342651
147294
-218640
-572884
-501293
-258287
911871
798013
-101823
-939565
348522
-462659
263160
-504735
41587
-66955
1012979
-214756
17512
-663414
-863297
1231050
291831
-1097674
-51693
22894
-91130
-72534
552460
55646
38674
-141332
-178720
-63927
573697
641844
56064
-615323
-408634
-261851
-290112
-171028
317740
-200740
432812
-121298
-267864
57529
-106594
-245777
-194667
609744
212728
-114529
-222555
-188270
179926
134672
-23665
16298
127246
527982
-345051
57079
546632
-3440
-23126
61350
131029
-472082
-610849
-86204
-102879
-9067
217786
953667
98288
-102788
295510
163459
-27581
30849
15075
-24005
163122
-75580
-656560
825379
-52097
-60908
-465475
72962
253361
-388137
236721
-286029
-164264
-533568
272269
21532
-674059
-822777
127012
-452851
13029
-1133575
-66357
116852
-40505
-3838
-359364
411349
183766
-137796
252191
-274327
178021
-191602
-122503
-918328
97784
198910
23525
-29809
108287
49560
-199750
-485429
-620392
-377983
-190108
35928
-244233
-671
-403618
-153788
206421
190702
-507854
23851
-63622
425390
-347506
-20596
-29603
108635
-480023
317963
-353883
284472
-2649
51821
120801
-222049
401628
23887
92318
-401109
-347474
96959
682408
-58070
206968
503418
215589
222177
292974
