234
53
115
215
525
145
-430
-98
-226
21
223
701
-274
4
116
-97
26
-198
19
-152
-223
51
-48
165
409
63
10
-450
252
-14
60
-100
38
179
-378
-32
-38
-161
-146
-134
108
10
123
-49
75
321
256
7
148
-36
-21
-75
19
141
271
-8
355
-240
-160
-65
-47
-182
16
72
-261
-289
-245
406
-138
0
206
139
129
-161
257
-323
248
-14
-418
-62
71
-163
134
-215
-21
-305
-83
-4
79
18
-44
237
41
169
135
10
237
-237
-164
77
-506
-1
461
143
34
77
-76
-338
290
78
-242
-435
70
-91
-79
-89
60
149
-56
-223
-331
222
282
176
-75
114
367
-296
-213
106
411
-261
59
112
26
-26
258
-256
-31
199
127
4
-180
34
7
-168
-88
19
-182
30
163
66
-36
-4
53
-144
228
23
338
2
-488
-169
20
-178
336
-40
84
-270
-169
185
-173
92
-173
-442
263
-163
204
-24
249
43
-390
-149
-388
-265
23
94
-4
45
-733
-142
-83
111
-2
284
-384
-212
-60
289
55
-76
138
119
-158
-418
-123
-230
-115
317
-164
206
-373
-93
-282
117
48
287
236
299
-71
295
184
143
-7
-188
-15
535
32
-37
238
206
71
45
1
-68
-142
125
-12
222
171
109
-121
-77
199
222
267
179
56
26
10
35
-29
377
53
181
177
267
137
118
-104
36
-26
460
205
-128
38
218
197
-105
-95
20
-87
20
-39
105
156
-92
-268
106
88
154
-20
-153
-40
25
-39
-116
51
-38
21
6
-8
105
254
-92
40
81
-93
-67
-329
-14
22
159
12
-284
46
103
160
130
-20
52
-3
-109
-85
196
39
50
-138
166
123
3
13
57
-75
-22
87
136
-97
17
71
-7
-185
-82
-2
-80
3
211
15
183
-71
-225
-427
-132
-269
110
-29
126
83
82
66
102
91
-255
11
50
326
165
-74
-18
31
-102
287
-53
33
-119
-121
173
76
-112
-41
-7
-37
-5
120
174
-40
61
-156
72
-50
50
173
26
-43
138
-453
57
-95
2
-201
110
-476
281
-152
-100
-229
227
20
-134
-247
88
-14
160
-55
-111
418
159
-64
482
-142
261
145
123
212
-156
-37
-33
214
7
-260
110
-136
300
275
-91
127
234
208
332
23
191
-376
-282
-96
-48
447
-207
-137
107
14
58
402
-151
313
356
-317
-270
-192
-335
100
-50
-91
71
178
38
190
-159
-7
348
-29
-79
210
59
-196
-232
-238
73
-170
-117
284
38
108
58
34
224
299
611
21
232
3
-104
345
-155
127
-148
-205
-97
332
250
5
673
-76
147
-188
202
189
-248
131
467
-29
16
150
-265
172
141
11
-193
217
-27
104
-245
-129
-130
49
-22
36
-102
44
74
95
15
127
-191
-105
111
-102
-1
-109
-427
213
74
-22
-44
32
-46
-80
-60
64
-71
-67
211
-146
-72
-139
30
173
110
32
-86
70
-37
128
71
98
-56
-237
-26
-224
86
266
23
80
-92
-97
146
-250
156
-171
38
3
26
5
123
20
-152
-176
21
48
-4
-181
-146
-71
-121
-131
181
100
-178
-82
35
-156
44
-118
-65
2
45
4
31
-187
310
-148
301
-162
72
156
-74
139
113
372
-190
54
356
-14
-3
199
177
-55
80
-74
-106
-162
128
333
134
-206
105
-23
89
279
-110
-12
-115
293
4
-19
196
72
-127
310
-164
-134
-31
11
160
3
-125
-9
162
193
208
-49
299
-149
-19
-174
-142
-50
-248
-342
-219
260
180
112
102
-149
-185
149
-148
216
162
-59
80
-280
-36
-157
269
21
-188
125
418
116
92
385
-62
372
-79
36
-237
-162
212
-185
-292
245
104
227
23
68
-1
69
-131
-77
-199
25
115
-326
87
-154
-253
-272
165
-163
-213
58
-107
-152
230
378
1
-118
-9
219
-32
137
214
195
-61
-1
-46
103
107
-61
-182
-53
-137
-28
-207
357
81
117
54
265
170
-164
200
7
-5
-60
-211
-32
184
-92
-346
58
-1
-8
306
138
117
132
-258
13
9
180
-31
-7
-39
-26
153
-149
-123
-6
-58
0
19
-133
-19
-63
-124
-53
-144
154
57
17
19
-187
47
-122
14
18
12
7
-7
0
57
-120
-101
-53
-66
86
86
22
-21
-76
77
44
-94
-83
168
-46
-9
-159
-35
-75
0
59
-97
47
-55
50
26
139
-48
-61
-174
-24
83
123
13
30
-74
-61
-16
-64
14
-115
-40
-60
85
7
-122
41
4
-22
-6
-105
-68
214
-42
84
-75
56
7
-54
33
-60
-72
90
0
8
51
-70
86
13
-36
21
-17
81
11
65
23
-70
32
113
48
-30
14
-8
71
149
-7
33
-25
32
66
50
-9
18
19
71
-20
-45
-58
-28
-1
-22
-14
-58
121
32
-468
112
94
-245
-53
-82
-43
-36
206
199
-22
108
-116
-194
20
139
201
-153
162
-170
-63
-351
-18
43
-24
158
79
1
-146
-171
116
90
-126
-218
-49
-128
-175
-27
102
-256
180
-132
12
-295
-68
-42
-53
314
-72
294
132
9
185
-195
149
-145
221
341
189
-271
-120
-33
14
26
-433
40
110
-334
-183
156
-532
-216
-68
-469
-42
225
-486
-60
-299
-99
193
415
-201
-158
95
-58
-125
108
-303
-360
-444
-264
-3
-272
-76
194
-51
463
1
-96
-272
-415
-112
75
5
237
-61
-172
-183
-1
-87
-192
-224
226
-153
82
245
306
-203
5
-88
-49
-124
-117
-111
137
392
18
79
33
-182
-97
-242
-238
-12
-533
-146
-349
52
-399
0
-398
-248
-414
12
10
72
-33
378
-206
177
31
244
-117
-71
-21
-130
309
131
242
-69
211
-474
-105
-98
344
-25
-478
396
249
254
-42
195
360
104
20
-333
280
78
31
14
1
-152
-242
22
93
194
-123
271
-179
199
-33
-170
142
131
94
355
-91
32
-208
188
-209
478
39
631
-281
-47
221
-31
402
248
-232
-271
27
-257
55
48
-137
-146
16
-245
-438
-39
106
164
-378
-229
86
244
-123
-644
-478
446
214
-101
-297
-417
-504
-79
140
84
111
-330
50
-276
156
-111
-96
138
460
199
-111
146
424
-37
-29
-151
87
-1
31
-120
176
45
96
74
258
-35
169
-82
-63
66
-295
18
234
293
97
-27
11
-88
-44
58
-113
75
-24
-154
33
184
-5
263
-47
110
-82
57
-7
59
-195
144
37
-80
75
45
130
201
27
24
-223
225
-89
-32
-118
-40
44
167
252
115
-18
210
-23
-128
-82
-34
-27
78
-118
-63
86
33
22
67
-17
-203
44
-41
53
124
-65
112
-79
62
-114
-165
-8
-157
-28
48
161
14
120
88
33
-57
21
-106
-50
42
24
-75
57
-14
11
-3
33
20
-124
251
-24
94
50
34
-89
-85
98
63
-75
-100
84
-195
58
4
172
255
187
-17
339
81
155
-258
-29
384
133
231
360
4
-129
-142
-302
-419
-185
-143
-250
124
-354
-71
-304
96
-562
-159
211
265
17
-280
0
301
431
44
660
212
-109
-140
-602
-180
-452
84
118
131
18
115
-184
221
81
386
-317
30
86
-3
-344
-191
-90
-159
272
118
-199
86
90
77
-133
18
-360
44
445
126
-299
430
67
356
-518
-134
70
-90
-43
443
398
72
205
423
10
-105
155
-409
-207
53
331
-216
-287
-360
66
-330
-187
58
-217
-95
340
434
364
-193
-73
-176
-290
376
138
-11
-62
69
64
-127
119
210
144
-333
-364
212
-108
347
200
297
-412
-179
134
59
-123
145
70
128
13
25
268
6
35
117
-50
-126
-104
-25
57
99
159
-31
81
72
-60
70
126
115
11
-90
-221
-95
228
8
-12
-109
-112
-188
-158
-95
-99
-56
-51
94
24
195
361
120
-12
107
144
59
141
112
-127
-35
-232
-58
-2
-26
7
44
-11
129
-109
-41
62
12
27
108
13
-164
205
8
-370
8
25
-110
15
188
-54
-153
130
-8
127
144
189
111
-110
-140
-157
22
10
-42
107
-50
-284
-64
-146
-151
-23
-72
89
-87
-194
-107
140
192
-23
-193
11
47
-240
-46
20
-260
66
-121
-17
-15
217
-72
77
-114
-138
-88
-55
110
141
-82
19
-13
-29
-147
-245
156
-207
-341
-244
92
-22
-65
-86
-45
-265
225
-22
-222
-272
136
-139
78
-230
485
0
218
-346
69
134
38
-413
-27
-424
87
-314
587
252
120
-287
-339
-191
-182
104
270
90
54
-24
-158
-341
165
182
-265
51
76
78
218
-128
-90
-9
-8
482
252
84
104
90
67
260
229
-231
81
-128
-184
-141
-233
-25
16
-21
-131
358
-463
-115
-55
4
1
175
233
-310
-270
-130
3
-50
-37
-123
-31
-167
-433
-191
-307
-152
252
12
-88
315
226
-106
-155
-119
-206
-402
17
526
-262
-154
-579
-336
27
-192
-406
24
-295
53
-102
-422
-234
88
58
-92
-90
-273
-134
-41
2
-178
-60
-37
-77
-21
40
-74
-24
-155
207
-108
-203
-58
-154
-121
160
105
-156
-123
342
-30
-16
103
-245
66
59
59
-3
-17
-128
51
65
104
-228
198
195
432
41
-10
30
154
306
-149
12
-61
161
225
-50
-86
47
-42
41
349
23
157
-196
-13
-201
131
-99
25
97
32
68
-52
41
-17
126
-24
43
-240
-43
135
-1
16
173
46
80
-116
-38
-23
132
-16
-194
64
158
-171
-36
228
139
109
-24
6
-33
157
7
6
18
255
55
35
-252
45
7
-100
-243
48
-67
-125
-153
148
101
23
353
-116
135
94
-189
91
13
299
-67
-93
31
69
39
183
28
-74
487
-103
-299
116
-281
110
316
466
131
-172
-92
-75
260
485
61
-427
-223
24
-191
400
-331
-223
252
58
176
498
6
64
27
-336
210
-309
66
59
-11
-179
199
-129
230
0
170
92
86
-55
-263
271
-119
85
155
155
-23
-169
411
60
-1
-333
82
56
170
99
71
224
-242
-211
-59
315
-224
-339
-146
-161
-118
48
31
14
-356
-223
43
-134
362
13
261
260
53
186
-15
297
-117
47
18
104
76
-141
-179
-171
72
99
-93
84
152
-58
7
110
103
-256
93
240
-258
26
144
335
-157
50
58
-268
-236
217
-19
226
-346
-23
84
-293
-58
-29
-219
124
155
-188
66
-241
-190
-130
16
-120
-49
-71
-32
31
-138
56
411
-26
-154
-571
384
-152
671
25
-187
-234
-479
-280
172
-254
167
-224
-51
-179
26
164
350
286
167
-53
441
-93
1
-206
-424
-23
-175
13
-104
302
76
216
27
310
196
65
-159
82
-332
120
292
87
-209
-118
-12
-123
1
-256
48
29
69
221
97
-68
-160
-57
78
-125
-125
-325
284
112
-187
19
50
163
16
-175
-333
162
-419
-64
102
-22
114
306
138
-32
45
-58
-395
-280
97
274
156
-74
33
-48
19
-25
34
-105
-226
-15
-336
-30
-32
90
-113
-150
160
105
-69
313
243
56
191
234
-296
-108
-63
-78
140
50
80
-143
-56
37
-175
-164
104
-345
-34
73
-14
-35
95
141
-5
131
-64
299
-75
-57
-94
203
-43
-38
24
2
-249
23
61
-32
-135
117
136
11
-135
-21
-84
-86
-62
115
124
16
96
-65
298
-123
-21
-61
-71
-219
161
-186
-2
-3
-48
18
80
17
27
-135
-129
67
-231
92
29
-4
-108
107
52
36
177
-255
-126
71
-43
111
193
30
-77
-316
-196
-43
96
10
5
26
100
-149
170
-89
130
-27
186
230
166
71
-137
-182
-138
-119
-70
-26
43
-80
82
182
-104
-128
-78
131
-79
90
131
-13
31
5
42
94
-20
26
-66
17
-14
94
190
154
17
-64
-234
-82
-20
-309
-76
-71
102
329
-14
-272
208
261
-76
-293
-217
20
-243
-207
300
98
247
-29
-337
-82
-75
-246
532
-237
-140
-180
-195
207
-137
186
-285
-480
314
-119
509
200
-184
-55
-97
-141
194
-2
-43
-65
-114
-171
228
55
345
352
-121
94
-105
145
-6
100
140
-95
384
-237
-44
51
-497
-18
-114
195
-71
-270
-535
-343
-197
13
-145
22
-214
203
-257
-117
-212
-246
153
12
469
-216
80
231
-25
402
-255
-88
-226
-104
-100
449
-135
20
384
129
-104
-313
-57
80
-55
101
85
-219
-206
75
-395
40
286
-196
22
-42
-37
-283
-233
407
143
-122
-305
185
150
-247
202
31
232
-201
-138
-71
98
342
115
-65
142
-109
-439
61
-49
127
-167
115
212
267
12
6
-190
-113
33
187
-331
-58
-124
-370
248
292
-77
29
349
106
112
-11
-81
113
-125
122
-279
225
-35
-150
560
78
-10
-439
47
11
-36
-123
258
-149
2
81
-143
126
339
258
-179
-84
231
17
53
-157
12
362
-60
-282
199
50
52
134
-332
-151
-353
-10
-3
-71
35
-59
95
-114
79
-220
260
51
-25
-39
-392
239
-53
-31
-176
-148
75
186
-91
180
-3
6
23
-40
258
497
99
3
80
280
36
63
352
253
-158
-125
-232
109
-204
53
209
60
-181
-364
179
-1
-79
-482
317
158
50
-359
-121
-255
278
-63
71
-267
339
-564
455
-268
-357
-312
353
-117
-162
48
362
105
-79
-244
235
-365
440
253
-138
95
-115
-70
205
17
-94
-65
130
-12
36
-344
79
53
-55
-292
-247
294
-63
-474
-86
23
-336
-460
251
298
-172
-236
25
128
-208
-541
85
344
-400
-137
-179
-99
-255
-86
34
113
-84
-228
130
-12
-88
83
-62
171
130
-425
-309
-100
44
37
536
145
246
-203
-351
30
313
16
275
-241
-91
92
13
-32
-58
-265
-152
360
119
42
42
-176
-171
-253
-52
-83
-324
-598
-207
139
-192
195
116
266
-10
-39
-200
-123
211
-103
-212
-113
-391
-300
93
-132
113
87
-136
172
339
163
-122
-380
-263
-144
12
118
-156
-249
101
209
191
71
65
-460
151
296
-19
91
-327
118
539
66
-28
592
-346
138
124
52
-5
21
-343
52
-52
103
-372
-193
17
156
173
-28
60
-189
67
-120
429
-58
-86
286
-255
39
-190
-109
29
159
-293
-110
92
238
-95
317
83
-53
-176
-166
-108
-113
-4
-465
251
-235
-286
-66
-3
-201
-85
245
57
-253
86
-123
-377
-54
82
29
40
-83
68
-136
188
144
-129
451
-212
161
202
-196
-560
400
-35
-212
245
-195
43
206
170
-61
207
33
-51
-276
102
-332
-384
185
116
-133
1
495
6
-206
-230
-220
118
-447
-42
-283
-239
378
64
126
60
152
81
193
43
-55
157
335
8
-261
-116
297
-93
-49
-63
-235
-47
-232
-141
143
122
90
119
489
247
-109
-34
-44
-471
15
-139
-5
-247
-3
-380
80
-189
203
14
-94
26
70
96
-123
-223
-13
-108
-251
111
124
68
-4
-87
-46
-75
-436
62
559
111
-552
522
332
-115
-189
-240
-38
-39
147
-157
3
305
-374
54
229
-40
-193
280
298
10
188
-200
323
-172
113
275
-27
250
-61
398
106
102
-37
-293
458
106
-42
-160
587
-201
1
228
46
101
157
-183
197
87
-160
-56
4
264
-54
-27
112
-68
-129
-50
-20
-69
14
338
2
-151
-307
-70
-58
-250
-162
-7
-267
-227
-92
29
123
19
-233
-20
101
94
-95
191
-312
-108
-1
22
-174
379
-245
19
-237
-35
124
-42
177
317
-172
-10
-134
-305
72
113
-194
-57
-220
298
-14
112
294
125
-28
123
-102
477
208
-11
-47
9
-379
66
58
-420
290
-31
-20
248
-172
-151
246
-69
-45
-48
-203
-187
7
-244
-297
-163
-57
-7
31
193
-197
-172
4
-105
-20
188
-56
28
-314
167
-116
-32
67
-205
75
-252
-258
213
-12
-101
-206
523
-30
-35
203
11
171
-353
-45
308
-103
223
-68
145
-116
230
-452
-114
30
190
-146
103
57
-137
-269
57
-52
-382
-145
-80
52
-45
-52
-137
200
14
-90
-147
119
11
83
-25
60
-153
-252
-323
-187
-37
84
-121
69
-118
-104
192
163
-240
258
168
-507
-8
159
-270
-185
-129
-77
85
361
-151
-43
-164
57
21
-155
-41
-205
-224
-86
14
130
26
-103
26
-19
-47
-303
61
-23
206
-71
280
82
-279
-86
469
-244
165
103
52
151
-60
-14
-226
87
-53
352
-105
26
-25
-216
-126
115
245
-314
-251
81
-126
482
15
-187
-192
-23
323
93
149
87
-197
127
37
206
90
210
-99
-143
107
45
-18
219
177
172
43
-173
-426
157
-164
-160
25
-149
-214
-42
168
146
42
226
200
79
279
-102
4
168
479
12
-160
10
394
223
-516
-380
-150
22
90
412
-182
151
-244
382
36
-63
205
-254
-127
-243
-167
94
339
-15
-287
24
293
155
-31
-367
167
121
-165
-165
-430
-286
21
-185
-423
-50
-209
-29
23
330
16
28
33
-314
-45
-183
97
377
86
-465
64
-180
-36
98
-223
487
176
-187
315
266
-151
39
112
-72
-62
-219
-200
146
352
-78
433
174
167
-138
189
189
394
112
160
278
58
-221
-123
-378
339
-213
-7
590
154
17
-77
38
-361
206
5
-213
93
-255
136
292
193
-204
422
-39
-360
444
-137
-64
24
67
38
239
-6
431
135
44
60
126
-372
-286
190
65
-70
12
361
427
75
-48
-6
-47
-100
88
-46
335
110
353
-180
-70
133
212
15
208
-75
-509
45
-101
57
361
-27
18
-92
220
-404
196
87
24
-600
-444
28
-205
-365
32
322
622
101
15
288
-109
214
-142
-90
156
97
75
-15
332
-137
123
67
-154
226
-116
32
97
-143
-30
243
104
178
28
-146
-102
647
-124
147
218
269
259
572
-218
376
232
69
139
-151
125
-18
255
96
-50
-106
-145
-10
-276
-86
119
157
-40
-231
101
22
-96
-34
52
-236
175
260
-210
156
96
-59
-265
104
56
-105
-211
-210
210
23
273
-55
-68
-6
0
-160
-76
2
3
-130
163
2
467
-114
-51
-41
107
-33
37
-147
-43
-132
-83
226
-162
-124
-289
-92
161
47
-95
-75
78
148
61
-184
-192
-212
193
121
-178
-120
347
-115
40
12
152
-173
-87
189
-26
27
51
272
75
-115
-107
75
49
352
-156
17
175
197
20
-208
-22
105
176
-337
151
-16
22
-20
11
405
-123
-230
76
20
-39
-269
-226
20
10
47
114
220
-244
-58
-67
94
-97
-155
69
-127
60
157
119
243
-258
170
-45
20
-51
16
146
-115
-284
92
-173
79
86
-106
80
179
-14
101
-255
170
-20
20
-7
-165
-83
85
96
64
418
-3
6
101
99
85
124
-328
239
-80
-202
134
27
26
242
-72
110
344
-280
-233
-35
-17
73
162
53
-148
16
200
30
-9
321
152
-160
-10
-174
-21
-95
-6
120
-11
59
-127
273
-65
-185
-209
282
47
53
-158
-89
53
134
10
-92
-163
-124
246
-8
137
22
199
435
-227
74
94
32
-18
128
-245
349
319
12
-104
-54
2
9
0
-153
174
-96
75
172
-59
-194
-11
88
270
219
62
189
-93
-198
52
-364
183
2
104
7
230
-37
-108
-159
142
100
149
293
133
-91
-161
-568
-142
-167
-82
-264
-51
-241
249
-252
282
288
50
14
-84
297
-99
46
60
-343
281
281
-262
-296
-515
-242
-173
-357
-316
3
95
143
6
-170
23
33
-155
-75
170
-223
-227
-72
-102
182
-330
117
3
-34
-582
-266
-12
351
-138
-130
-241
140
255
19
-211
167
-20
-228
-114
-89
283
-277
-4
-355
-226
144
-297
-71
-292
-93
-9
397
-185
161
-412
-1
-150
-38
-285
-167
-244
25
-44
-467
-2
108
-42
-281
177
-317
41
-174
285
-130
-33
-4
-95
25
273
176
-166
158
-221
151
-62
87
11
-355
-46
-62
-275
-31
-464
-266
132
-158
-2
75
115
234
76
28
-233
29
3
150
-35
243
44
197
-38
-235
-221
96
-81
74
185
90
-254
74
30
196
-206
153
99
-144
-86
-43
-361
-184
-3
-238
372
-222
302
290
-260
167
-65
198
336
-358
-78
-162
10
38
-49
-49
39
-131
-412
-158
111
88
-50
-63
357
250
-231
82
145
-272
-271
71
-104
354
-30
145
-195
-109
72
496
-175
-51
165
-33
-36
276
162
-81
-53
-247
2
153
270
-119
-198
125
212
-60
-261
368
183
-38
345
-159
-316
-160
-256
-176
352
-46
-458
-130
-97
157
-66
-178
-225
139
147
-205
88
-156
-54
223
-61
234
-293
225
-228
-71
220
227
-265
76
-79
150
-81
-176
-536
-82
-64
-110
-317
-113
-73
-77
411
140
-128
13
128
132
244
-25
-32
-112
-262
-339
90
368
250
-189
-180
-97
461
159
3
264
-54
152
-93
50
-9
-328
-255
412
-172
51
374
-108
-46
-92
-76
189
175
-156
-511
390
25
12
251
-361
12
71
416
165
131
364
-324
-19
9
-336
67
172
-47
-83
-346
-87
285
11
295
97
-170
-5
-47
-410
389
-9
-75
-104
85
-175
113
60
46
2
129
-229
129
-2
-125
-173
73
447
-252
75
-17
-70
-291
115
191
146
173
219
242
33
161
-73
-53
-123
-137
-6
269
-21
89
66
-98
302
-10
-124
-42
-235
-70
-11
-160
-442
116
124
30
57
-347
-413
352
14
51
362
315
268
225
-569
486
-433
-104
108
144
234
229
-404
209
34
-149
-56
71
-68
110
-214
78
-69
3
-207
-39
240
-61
277
254
241
459
-318
210
558
53
66
160
111
-170
-80
66
191
-153
155
-497
306
202
410
72
244
-336
-38
-350
85
-203
287
-102
11
-24
96
57
88
386
260
67
-239
-177
-183
405
-28
-165
-275
-34
8
120
220
-276
-171
-282
-63
-178
-370
-267
207
-171
-81
484
-16
-354
58
-122
-17
-23
174
287
19
222
-5
8
79
109
-168
205
-35
-225
173
-246
-27
422
-299
-192
60
-111
-124
289
105
230
-259
56
-108
-17
-385
484
-104
20
299
271
212
201
-171
-74
-183
-104
-7
-159
-222
38
-224
52
-39
-108
-128
265
95
-63
-50
64
-34
-50
101
-288
51
-90
41
-97
348
121
105
137
-310
-5
-8
-208
93
-15
-141
-173
-142
-91
-26
13
102
-288
-47
12
83
-9
-160
-175
232
88
185
-99
-157
118
-64
297
7
-78
-88
183
-75
80
40
-280
10
240
118
70
40
49
257
-105
-21
58
90
-198
-34
126
45
-45
156
17
50
163
-78
215
-44
-38
4
8
-24
-92
-161
198
-180
-138
120
-6
-157
235
-12
203
20
5
-142
-179
-193
-43
-72
91
-163
-170
155
319
91
89
-104
-4
-85
-200
270
302
100
82
70
352
-85
-114
38
63
42
107
198
30
68
112
95
20
33
197
-186
131
191
-64
457
42
167
109
-25
266
149
235
216
108
46
8
334
-61
343
221
-190
-400
282
-54
-6
-251
-83
-232
-37
-234
-176
190
264
-91
-388
134
-168
-221
526
52
-111
-4
263
4
-386
188
288
-103
-66
71
-91
29
-175
245
193
94
91
225
282
41
94
-7
-314
-89
172
155
259
4
-311
185
138
19
341
-88
-214
50
60
269
195
305
153
-4
163
62
148
-106
-27
-193
-13
-110
-112
0
177
-243
-33
74
37
315
-35
-37
63
235
-69
76
53
-298
21
-166
-62
-195
72
53
-203
289
103
31
272
-308
-88
-276
123
-192
43
106
229
28
-4
-10
-198
-257
-94
-219
358
-289
92
-360
23
-345
-348
253
-591
54
170
50
-30
-225
-205
-405
-174
317
23
304
-336
-74
-77
15
201
28
109
-73
-227
18
-84
99
50
365
-118
135
-27
59
-260
128
99
-436
573
-142
-165
-188
-84
-183
515
38
190
208
-271
-270
-142
461
-49
595
2
476
-174
297
241
106
-649
76
-29
-667
-178
206
72
319
354
23
-428
177
-328
-653
193
5
301
-138
185
-398
257
-35
-155
-10
-257
496
138
-30
143
53
-109
58
-396
-301
107
168
124
-25
152
663
286
104
-388
-277
49
-92
313
-18
-13
-119
12
65
-215
163
189
14
-199
114
37
-111
-197
-91
-6
-105
169
-57
108
18
43
-201
-96
44
-134
-89
-59
-80
-132
108
-138
24
71
153
-60
-121
20
251
-61
197
-7
-134
163
46
-125
-151
-192
-194
80
113
-31
-35
42
35
1
-70
-74
301
161
-284
109
-100
152
-125
118
-58
126
94
63
31
-184
205
-201
18
-122
-19
29
71
-33
-22
73
-5
213
-2
-44
-146
32
199
-96
-70
57
-71
-55
-74
188
-79
-187
67
5
110
-89
39
-26
3
18
109
-190
161
56
-97
2
56
-54
-6
-22
83
192
114
-191
13
-143
-112
-105
-104
-102
5
1
-6
-43
147
-130
-4
172
-36
-246
176
-10
-146
-9
-399
363
63
-254
-389
24
-169
-75
130
-109
-142
14
-36
-138
182
563
-45
422
471
-140
-19
-159
130
340
70
-85
-16
-326
173
-30
407
-50
-179
-276
-4
-293
-197
-300
622
-191
86
136
-170
333
-238
88
-167
363
-207
4
62
-359
71
141
-203
334
360
151
277
27
-490
-563
221
-253
-40
198
-108
106
240
87
-54
-678
-33
224
-284
-38
123
-287
-520
-517
-55
20
-388
-227
-42
257
100
-243
238
38
190
-204
-474
-108
-453
-79
430
16
22
163
360
-276
-126
-253
-78
-106
110
-161
-24
-242
185
337
-34
-425
-44
372
-18
67
-54
-186
-17
363
174
128
278
-5
272
331
41
183
-10
-124
-60
-291
35
-162
165
155
200
-336
118
194
-102
216
224
-41
-172
-47
86
-253
-27
274
91
308
-188
-16
-85
532
-11
-254
-56
-222
-177
-64
345
-260
-195
77
-15
-75
405
458
377
42
-290
-29
-258
-191
-131
-584
140
246
-124
-79
185
-182
60
-203
-475
-136
76
145
90
96
-109
17
-173
-431
131
84
143
255
81
-101
-6
-336
-145
16
124
71
-346
140
200
415
32
-185
-38
256
-41
141
-70
278
7
133
-89
-224
69
120
-111
-142
125
-256
-29
-79
299
353
-97
-165
259
141
213
-198
263
94
74
-67
-200
-284
-273
-201
167
171
31
15
174
-25
43
-234
-58
-231
-83
-54
106
-124
-232
-90
-6
-91
-51
-145
-199
312
-247
124
-255
141
250
-8
20
-54
-320
-139
15
221
150
-112
315
165
-82
-42
-122
-1
-186
-364
-102
-32
52
219
227
-406
-88
-108
41
284
287
143
59
-292
-76
-51
-88
-65
-219
278
0
-120
327
-367
-229
93
15
43
106
-82
187
185
-10
-218
-122
110
62
-13
-52
-18
144
-9
11
193
-69
92
182
78
-5
-9
-64
-62
-30
-56
-96
118
45
29
176
-237
-112
181
-111
320
-84
-265
32
103
366
116
-91
-124
131
-14
103
38
92
-41
2
74
-50
-147
-54
-118
2
-198
42
84
64
171
9
-341
446
-196
-145
46
251
353
2
-174
-292
-304
-316
174
499
-15
-100
-459
-55
-8
-44
179
-109
-361
69
-339
-6
-194
-549
188
-355
425
-179
20
-20
3
-21
-308
206
-167
-104
-54
-254
813
-364
130
-3
693
-287
-329
18
-55
-333
-29
55
-178
77
-369
267
-86
659
33
-440
-506
217
-35
20
-194
-189
364
-150
342
-95
-46
203
82
-173
-65
-186
153
-155
-98
226
-141
-49
46
-367
-74
-8
137
-231
114
-84
91
278
184
-342
47
235
-417
-63
-175
-193
361
-179
-119
-263
-171
243
-107
32
-30
-369
-153
-335
585
-138
189
144
-33
195
405
-236
-387
611
233
245
174
182
-190
-98
243
-30
316
359
387
201
-110
113
-315
-92
-480
96
214
301
-299
-295
418
74
-290
-832
-216
-58
140
345
-71
-100
-71
-105
-298
-430
-322
-114
-362
112
272
-80
-128
291
79
120
-520
103
283
-88
275
109
-231
185
-145
329
-77
35
-243
89
68
-534
-199
394
-173
133
111
248
-92
-418
-79
536
-191
-197
272
180
-82
-151
-10
-151
-198
314
-79
172
-49
-380
-198
443
-186
193
184
-266
57
-45
70
-255
111
118
-85
-349
105
-441
188
-245
693
-110
-122
46
1
343
74
29
180
344
124
160
11
-25
153
-163
117
-172
152
-17
258
-148
-57
-421
16
-177
35
18
61
-41
-330
62
-60
-335
240
30
-235
203
233
160
447
-269
143
161
-104
-131
258
-349
97
-163
-46
-272
49
-70
-168
79
-196
141
164
342
384
137
-121
-103
-485
54
-170
-264
86
-123
73
118
37
-30
40
197
-212
369
-115
-166
227
309
-149
-69
-108
62
105
-187
167
28
-162
60
-117
-123
281
-398
97
-51
-98
-87
291
55
-155
259
-237
-319
-358
297
-40
-86
174
200
-149
128
-18
166
19
-38
-67
-103
241
-60
-378
75
-408
163
84
35
377
-340
250
-185
92
-112
51
-65
26
8
-100
134
444
178
-8
-161
-9
144
-336
-164
-440
192
224
77
194
8
63
-3
323
202
-31
-219
202
2
187
19
-312
15
32
140
-87
242
-141
124
-176
90
-11
-37
-319
-263
-3
-178
183
373
-58
-115
-284
-519
45
-200
205
12
-61
-102
223
188
-5
70
124
-280
-96
103
224
246
223
-46
437
297
28
-30
205
572
-152
-62
260
-301
142
278
-110
230
-50
129
-133
-155
-11
25
-401
-78
-23
62
-179
108
-45
-87
61
69
51
129
-179
-66
-154
-47
-167
-142
175
-128
174
-167
155
-214
-241
334
150
-3
181
-350
68
-61
105
-189
44
243
-23
-420
-72
-9
-303
273
39
-204
95
16
-36
12
131
39
-160
-18
-65
247
61
-111
-197
-140
180
115
56
312
32
18
253
-3
241
366
97
106
22
163
394
190
-134
-336
252
212
143
146
189
201
-95
-194
-216
142
-48
180
-337
27
-174
-177
240
150
107
-7
-137
-209
25
90
-64
-128
-82
-238
-9
295
-16
-130
-102
-186
36
-172
48
53
62
183
50
6
-32
206
368
-16
187
28
494
-186
370
98
281
0
27
160
150
-396
192
59
-261
-87
65
-134
-291
61
12
93
29
159
165
219
213
-27
-25
-33
-300
-168
63
-21
-160
131
70
75
241
154
-311
214
181
-1
240
-159
49
-48
205
175
205
141
-349
361
-246
-283
-91
-70
21
65
-9
-56
-82
-317
126
127
209
-71
-228
-147
-190
376
-222
-309
-172
43
93
-206
20
133
15
20
-154
195
-294
165
35
25
410
-119
57
-261
-161
472
220
211
134
-314
134
443
-122
174
-249
56
-67
-87
78
139
-290
-140
-141
-191
-56
5
-42
159
79
-49
256
254
192
76
-115
-250
216
-49
-78
-91
-69
-75
-182
-400
-67
-51
199
-174
42
-174
3
-168
-95
-263
-134
-168
424
275
10
-225
-82
2
27
199
129
-140
86
-360
223
-136
-16
114
184
42
180
-79
80
43
-42
-341
-140
-1
-18
89
241
-144
-251
1
-121
-112
-219
-10
208
-375
-283
226
13
-127
170
-203
16
19
-279
-218
201
134
-135
173
187
366
123
-141
1
196
-197
205
-66
-85
88
-109
-256
121
157
-65
-196
193
-198
59
249
506
54
-154
199
-129
-73
-89
-186
-65
-255
131
-72
117
55
44
-364
100
-70
-15
63
-250
7
-291
108
-334
-308
-314
277
33
107
-259
0
57
-334
220
38
-133
-390
256
66
-73
196
226
169
63
-155
-84
440
-274
431
-216
-31
131
119
161
398
95
58
81
-69
-128
-161
17
408
5
56
-106
84
346
49
136
-31
-48
143
-26
-232
105
-55
71
-25
-88
-152
-291
-3
71
-33
-185
-66
-137
-47
-364
137
98
85
-190
-23
-123
15
152
-139
146
-232
-3
-106
-299
268
96
184
-436
-57
-194
253
-21
18
-23
-231
48
536
-181
-134
242
50
-200
144
164
-281
253
269
-330
-167
212
46
108
3
-41
77
-14
354
231
110
105
145
-1
148
73
229
166
-160
149
59
-69
-5
-87
-208
149
74
111
181
-16
315
235
53
-64
-320
56
216
-111
-180
113
-153
99
-84
-52
236
54
13
457
54
-102
-206
214
-72
176
-6
-193
-155
-9
-52
-160
-126
67
95
-235
-45
-111
-41
40
72
77
-73
-10
-50
193
10
165
-120
13
106
-345
82
138
-236
165
-304
218
132
332
-34
-194
300
44
119
228
-99
-85
90
-145
4
-60
-110
23
-250
56
74
-235
-166
-43
-527
316
1
-225
351
-123
-67
394
-112
365
289
476
-153
-167
79
-139
524
35
380
208
359
124
177
-509
12
402
56
635
-318
-211
-133
-387
258
70
-382
-160
-29
209
179
19
531
-468
-249
650
344
-107
-82
534
-206
621
-38
298
191
100
-351
70
-60
100
-97
-127
293
-219
-317
-316
-443
-22
-17
-229
-159
348
228
189
-509
-157
555
-33
-241
-91
241
-352
396
-133
86
-40
-103
9
90
-167
-5
-231
-432
-14
274
59
141
34
362
79
-153
152
-158
322
-12
146
478
56
46
-288
-283
502
608
70
574
309
281
56
-95
-220
79
-290
190
11
-31
-83
-35
190
80
279
-182
148
-36
-217
-282
106
35
149
0
12
-134
-39
72
56
54
249
-58
-12
114
225
37
39
-325
-210
215
6
-61
57
-100
-81
44
191
68
-219
20
139
-25
11
338
-37
-80
26
111
30
25
-32
138
94
174
173
9
-64
400
172
-385
-13
227
152
193
-17
-102
-113
-71
98
-134
74
107
-119
-100
-366
-82
140
-97
294
111
135
52
161
-44
-38
132
40
46
37
84
37
-16
65
-267
-76
293
-103
44
92
71
-79
-267
183
-392
-256
29
-141
-61
15
-129
127
118
56
35
-111
42
-147
-8
-129
-11
-93
53
216
-123
184
-233
16
73
180
-284
256
133
-478
-12
-110
266
106
-48
-3
-116
2
85
-30
88
92
80
15
173
130
141
-78
-124
-59
55
-297
-288
97
-411
138
-245
-144
-100
-226
-53
-55
-16
-218
-362
126
200
-104
-120
-169
33
36
-17
-2
-96
-113
-31
355
-164
-185
-132
15
70
52
-243
-6
-48
147
270
61
110
-146
174
143
248
-62
443
-61
102
-531
122
63
-109
289
-11
-9
-55
-332
138
-91
-206
1
-167
111
58
-61
-250
182
-111
35
-148
-135
215
-198
-44
-35
6
500
-263
66
168
285
-5
-71
256
-281
-19
-38
28
93
74
-90
-49
-50
74
79
-27
-126
-100
11
191
-151
-118
-96
-31
-209
-59
-270
44
-130
-51
323
16
260
71
-160
296
49
-112
202
-194
-118
233
-137
381
-230
24
253
207
-16
-222
76
10
-274
282
32
144
4
-225
-58
-27
-398
-36
-96
-59
228
-52
205
43
-159
-77
-354
5
-17
-117
-143
123
-162
274
-188
117
12
-263
-95
269
-338
-53
141
127
-109
-78
-190
-49
98
-227
132
265
169
203
-93
-185
37
-242
-144
-189
-103
-160
-282
-197
170
91
293
-167
-18
47
-238
34
-128
-139
66
192
245
137
191
-55
-106
-4
13
131
90
-134
92
-109
273
-274
-74
58
-242
286
-169
39
-197
-74
12
116
-60
-203
-148
-6
258
-32
148
-273
-7
60
366
291
339
238
-112
275
70
-160
-61
553
-59
437
337
278
474
431
-18
134
-30
-98
-112
10
140
499
-457
266
-153
-180
-96
95
185
24
-214
-531
139
-215
506
47
236
-166
145
220
-493
-171
256
9
250
233
-32
-155
-245
-405
270
472
40
22
126
583
67
-87
-120
-172
465
-60
515
44
-403
233
56
44
194
-260
297
214
-63
474
377
156
408
85
-488
-84
-119
260
355
104
-85
76
274
-10
-222
97
-145
371
184
-320
-215
297
-96
-147
-179
-243
-69
89
196
-509
208
101
437
247
-213
78
32
-257
82
82
334
-92
87
379
-274
159
-73
-49
77
252
206
139
-7
109
36
-504
49
37
-194
182
426
-402
99
-187
-168
50
-164
-37
-91
371
-82
-94
54
-290
243
-181
-108
-172
143
181
97
-54
-239
-103
-281
-150
-652
-239
94
-57
26
-241
-98
-163
140
64
-11
-217
-104
-319
19
-265
-14
-158
322
-335
-129
-154
-99
-257
-220
186
32
21
35
160
32
-159
122
334
181
-42
-78
-35
191
244
-327
-20
-2
-84
-388
171
117
-27
-178
-20
158
242
221
-358
319
106
43
-43
279
-19
-48
-169
192
-141
-223
-253
124
74
498
-49
58
109
11
-150
-65
-225
-5
-228
112
-166
110
261
189
-158
14
-69
-193
110
-211
-80
-116
66
36
38
-14
298
121
164
216
-320
94
37
313
475
220
-147
-49
10
56
-22
133
120
55
-253
194
-135
96
67
292
-105
30
325
-56
-58
-20
-24
-114
119
-241
228
-152
117
-131
-160
12
59
36
-14
-71
29
289
104
-13
-377
67
87
44
495
26
-8
-18
529
-285
-93
-37
-122
-55
188
104
-35
-405
-93
7
-9
143
-118
-92
131
170
-81
-112
-195
370
-261
-10
108
140
-135
-202
326
-159
-40
-265
170
-407
-170
66
-46
276
-228
196
-45
106
-44
-105
-116
82
-120
-263
-247
200
137
148
-43
130
-121
39
190
-23
-21
-102
143
-381
126
-27
-38
-31
84
-27
-140
-40
-267
-1
-74
67
79
13
55
129
-288
-328
-387
242
276
67
134
-148
-251
212
-41
59
-89
-148
-49
-115
-125
17
98
-149
-125
-114
-465
120
155
120
-198
189
-321
-117
-222
-26
-96
-176
21
-50
72
61
-240
-155
142
111
-37
48
262
-57
55
22
114
82
-125
-145
-19
-123
-152
-214
-40
349
85
144
78
-27
-71
-228
135
15
82
46
50
165
-7
-248
-16
-11
17
-79
7
-211
-160
-294
107
-59
-90
-62
-144
-33
-14
289
-78
31
-209
80
60
-189
-41
111
-71
73
266
-104
-78
-202
-239
-202
65
-74
291
227
-12
33
-32
-162
126
-26
276
337
219
217
80
-7
-90
-186
29
11
21
-179
131
-106
116
181
36
119
80
-138
-46
313
60
-68
-44
221
59
-72
-307
-164
-162
138
-467
-145
-154
207
208
-137
5
-41
-432
134
123
9
-196
-373
-198
127
-28
-104
-49
-56
244
125
19
-49
-5
224
6
-27
81
148
72
45
-151
151
59
-135
9
103
129
314
274
-78
-38
-8
267
-21
-16
-90
60
74
140
-168
49
66
-3
22
-102
96
-23
-26
-83
-38
26
137
70
-308
-187
-47
-101
104
-195
6
73
257
27
-21
-89
-236
-181
-57
345
109
-32
222
62
-168
224
-198
69
-137
0
-59
318
-74
-149
342
43
-90
-214
-28
25
-113
91
248
190
-37
176
78
43
-19
-152
460
-356
58
-7
-32
-76
-98
196
-20
102
-171
-430
84
402
-21
-343
-225
47
-95
-130
-61
24
134
195
118
103
104
25
-54
-108
-102
-167
-55
62
-181
128
158
201
150
-155
-38
-259
484
-97
-249
95
176
-186
-90
-32
-99
78
-89
-74
-331
4
256
265
200
321
508
153
-65
480
378
238
13
-218
-43
184
14
323
309
71
122
-22
174
46
-107
-48
394
-194
-29
-21
-158
-146
-177
64
-175
129
216
-262
-72
-56
118
83
-38
97
-71
-102
124
156
484
-281
111
146
139
-92
-212
15
84
-198
-279
-78
-45
-65
72
53
6
3
-32
-51
-192
0
-70
-236
201
140
-170
-435
190
17
-78
309
-43
-80
119
38
-135
-43
129
-48
22
157
-237
75
2
84
138
-43
-198
83
-57
104
15
190
148
34
-61
23
-30
-83
15
25
-146
136
-32
-45
66
51
-49
-102
174
-29
-68
59
-22
-291
139
-45
-178
69
42
96
-103
-221
12
70
-282
139
-15
21
-253
-68
-71
-17
-1
121
-44
13
-68
29
72
-123
-115
-3
40
95
-85
340
-76
88
139
84
10
83
90
-62
169
71
-161
8
61
69
2
0
-249
112
-177
42
13
79
6
210
65
84
117
141
-138
107
74
64
-96
299
-169
-150
-22
136
-124
197
16
206
-142
-91
79
-173
-96
-28
-69
10
-135
-238
69
-113
314
134
-240
-119
251
185
18
-188
-87
121
70
399
-224
-185
8
-61
95
12
-37
2
53
-51
12
-32
81
75
-81
-157
-157
-181
-59
90
79
-44
9
-240
132
-71
71
-60
111
40
-199
5
89
-32
-149
296
442
81
-156
198
309
143
1
33
114
101
-74
-228
-115
138
-51
130
69
-109
129
-335
-200
53
16
-14
96
-27
303
-90
-163
-64
75
-261
-148
236
-51
-58
-243
503
-9
455
35
301
173
-126
129
-75
-173
-167
19
-155
-359
69
-121
-75
-50
174
85
88
123
-135
200
232
174
-310
31
-480
-156
91
149
-25
-30
-21
-655
32
108
192
-363
-142
-9
43
155
22
47
51
-39
55
-45
-337
78
-151
-8
-241
-78
31
329
-75
-40
160
160
-330
-302
52
-293
80
-57
-324
-25
90
-143
85
89
9
172
34
113
78
370
-367
-33
205
-143
38
150
-155
-342
-172
-2
-649
-197
-147
-76
49
286
-144
-50
-73
-663
-2
78
381
194
105
-111
-201
-124
-34
-134
410
-440
371
-68
176
-156
-42
240
142
91
354
57
71
239
73
302
98
-217
-125
-113
118
-280
-187
-308
49
61
45
118
503
-26
151
109
-21
-42
-267
-381
59
85
-20
-206
-67
125
-54
223
-63
83
51
482
124
-88
-81
-9
117
-421
-12
-85
13
23
-257
-324
157
184
495
-615
129
-419
233
367
-195
-385
182
175
-75
479
178
-117
-96
141
-128
-342
-7
-190
-17
393
107
5
-259
-237
-249
37
188
72
62
-144
-195
65
-194
-111
-16
-138
-151
138
224
-105
126
-104
44
113
84
-45
-253
46
335
69
231
6
179
-542
-228
347
57
-84
-12
252
-68
414
26
113
-191
-21
248
250
398
-282
316
-135
-54
-49
-69
-223
131
52
289
-265
-154
-30
-116
126
210
-151
-276
23
224
99
209
-413
202
208
-209
118
210
75
117
35
-71
-98
-257
-226
-7
-108
-59
112
-37
75
87
-156
-67
83
402
127
106
-108
364
-50
244
-121
44
157
270
-126
3
-69
125
167
-69
-76
-212
176
42
53
-172
-202
381
-133
356
-191
-49
-210
173
148
-75
-204
245
-54
-241
-54
142
-379
-219
231
-189
44
-16
-463
134
296
-93
138
-334
-130
218
-240
-330
35
198
-45
-1
-39
237
-53
358
328
177
-71
85
137
-108
-18
56
97
88
289
272
54
-249
155
37
150
41
142
35
105
139
-144
-13
69
-320
-51
-227
193
297
104
-36
75
94
-257
-258
-148
30
12
144
328
97
-338
-50
26
-68
95
31
-166
-147
-103
183
12
284
-365
386
-283
-171
103
236
-69
120
59
-159
-115
456
-153
-26
-30
71
-377
28
-201
72
-143
-402
143
-115
95
11
-41
-56
-207
341
236
580
-38
-473
84
-191
58
-183
75
16
-419
268
-32
-372
242
463
297
-261
-73
-186
-177
188
-99
258
-496
-277
-317
-203
-151
499
399
-458
510
-508
-337
164
-451
226
299
49
703
-116
190
-184
-609
254
270
-54
-16
235
95
-96
42
375
-226
104
212
-140
97
-153
206
-395
-213
-334
-93
-134
232
-629
7
-98
272
-51
-165
-348
302
388
75
133
-97
-43
403
204
-108
58
-169
-469
-288
120
13
-177
-39
63
-157
-349
-219
205
111
-90
75
-187
177
63
-305
192
66
149
352
56
-61
126
84
35
329
-177
255
113
37
79
-155
325
57
-44
-228
-242
-31
-39
-156
348
-287
4
-18
-245
42
107
-201
-155
79
209
-328
113
-237
399
-155
-281
222
106
68
211
126
39
-95
87
-175
-18
113
254
-188
194
-87
187
165
-155
-259
-24
59
-20
82
-41
26
-169
-122
119
85
136
347
152
7
291
278
221
250
393
-265
74
304
-320
336
229
-131
-140
-512
97
100
39
-9
-150
-119
-289
80
-12
30
-200
-124
-139
-115
-76
-17
307
-148
-173
-64
94
45
-136
-51
-211
-93
95
157
56
-5
-287
-206
-5
-116
