234287
-127720
-716342
359066
-73655
6148
510261
-129413
810397
-1122666
-1113231
875743
294222
-438704
-417798
425401
367460
-221657
-1024540
-403873
440599
35403
755602
-80491
-942189
-1732103
1461522
310025
-569107
1500302
-455653
648709
725796
-687346
-407749
1196892
-1282355
-993675
-313130
-944002
849340
-785126
-587446
-740403
-173055
163904
-94861
-159744
228801
765358
120485
617366
676185
-253780
-714145
-228544
339476
-806588
393988
16704
-48357
1324565
-457393
-149689
-392127
251951
2493362
241657
-626902
-1485829
-277111
-106033
195540
347134
1010818
1130575
-642742
-1141672
568264
-412782
-393084
2552307
-904784
297712
-522847
-240944
254720
-168241
-321568
-673864
-1027627
253285
-219168
614359
-215819
96348
-372999
199302
524179
-80594
-319143
-795504
-12858
-607554
-631670
-637747
-19642
858765
783084
82033
-669217
1059226
338926
-348220
46657
-470688
680986
-69005
-545249
-72493
-424942
241729
662736
842748
308364
-636235
-182578
372044
