276
-698
45
-84
728
-366
-586
326
259
183
-446
581
334
1458
45
-20
-28
867
-212
240
886
-129
-58
222
183
200
568
159
343
-206
-406
-105
287
367
322
243
579
-611
631
366
-548
86
862
-8
304
76
-92
1068
-229
227
-255
419
-495
-280
-97
-366
126
435
869
-461
-308
608
702
899
112
143
336
281
570
-559
-23
-275
-511
524
-459
267
3
-700
367
867
761
303
759
120
298
742
658
716
707
649
56
645
601
211
161
77
68
127
244
376
143
344
584
-5
-320
168
128
832
724
364
166
447
478
647
596
-290
482
342
20
423
732
229
835
147
-560
103
165
-257
764
201
278
312
650
-157
1237
962
288
-122
352
279
650
403
-99
314
289
-61
654
86
455
494
553
-153
36
-1220
-46
-1079
642
216
635
296
45
610
317
428
712
-519
193
206
-704
801
-23
167
24
653
193
582
-252
349
273
171
-59
744
509
-35
231
295
-335
277
564
-27
975
-313
-18
264
15
227
547
373
341
293
164
-242
367
336
394
-733
467
511
430
190
446
-14
448
253
353
420
251
241
755
1210
905
89
285
1294
299
-620
167
894
18
480
-227
833
383
-284
-273
463
219
-687
337
122
315
492
485
1245
388
170
-301
-798
-454
-448
528
304
758
287
61
787
