-267140
333274
396163
496882
-168313
-427489
-931433
-269818
118609
623476
-142818
-686582
329787
-533385
251852
-647036
43430
189218
78316
-142043
-251137
391602
840656
-427237
572973
-744358
19799
-387374
520471
495166
-337655
63887
-2300
499994
-469622
-207979
-459287
-51363
-440825
301991
-778414
-727370
-555431
-34094
747717
-29439
-340897
92446
719256
-265814
-809597
286175
136391
444703
214604
300253
-326189
29178
334749
-78577
255714
-494546
-161484
-277389
189354
-100790
329502
-244416
-247268
487953
512251
-120761
242486
219206
-191655
1118685
-52765
-669921
117983
806968
46588
-658315
548986
58673
-237447
-245270
-283733
448140
38339
355431
-128583
-982178
-317693
45610
314559
520757
-474664
-4556
-500176
424667
846689
-149790
678082
290514
-601126
460302
622656
77782
-74653
-447076
-401476
367337
-478521
-226145
-499661
-31673
-10403
-32873
-122732
533686
-318095
-371305
-676601
426851
430234
522228
-195810
320530
