-322260
14687
-63798
21553
15790
-96532
-334881
-192762
239445
-204740
-400283
-320760
-287938
-263612
-310252
-305668
49909
-296186
-299134
-287129
-41651
-2195
185463
-426165
-215424
-101068
-273484
-331528
-154644
-395756
11110
-377410
-75020
-142423
-32719
-192092
-341006
-494189
-265859
-141594
-59093
-249990
5283
-284328
-218851
237513
-351287
-114669
-100681
-146693
-260508
-445903
-215596
-252520
-376887
-373275
-171529
-304182
-185443
-215333
-231829
-596729
-389237
-492500
-200499
-538635
-388191
-181188
-248791
-148422
-189661
-260390
86591
113529
-382452
-111485
-291769
-24680
-159701
-609986
-515518
-87116
87411
-21746
-370987
-64209
-345038
141068
-305166
-393386
174380
-37056
138302
-176611
-356657
-21218
-152913
74043
-156775
18270
-161994
-179205
-423220
-292662
-16586
-256789
-241429
-686616
-462322
-111501
-276505
-379162
-282601
-115079
-397985
-107617
-482570
-119418
-166888
-416573
-14762
72264
-148483
-335988
-201272
-277013
-296867
-380917
-206555
-404014
-409886
11007
180416
-369854
-102350
-287206
172901
-561404
-343524
-477644
-244158
-539156
-284973
-299096
-120701
-201809
91869
-202359
-203480
-270967
-308355
-106758
-228143
-122597
-236995
96850
-296838
-259339
-128482
221573
-282066
-141936
-354958
-74283
-184964
-261054
-267552
-146139
-341627
-292872
-253497
28205
-319137
-332807
-424066
-249076
-159066
-152538
-112007
-429214
-55325
-467012
-175229
-189646
186496
-182892
-223044
-190135
-98094
-331590
-360672
-229756
-323529
-23721
-253860
-20247
-66181
-76859
-303755
-420074
-38798
-224168
-55114
-379982
95450
109386
-150576
-226660
-7324
-373562
-409657
-231065
230849
79944
-397406
35614
-365774
-501821
-377816
-25269
41012
137494
314531
-313656
-99674
296927
-392705
-375609
-333860
-240104
-262002
-349828
65585
-261520
-299395
44132
-262016
-484068
-295205
-115080
-63971
-45950
-181226
-97238
-250091
-70998
-550748
-252761
-306641
58041
238810
-37275
-173485
-74815
-330334
-194617
-33362
-18096
-533244
-286672
-404523
-323675
-550430
276693
-432784
-398170
-35771
-219247
-357225
-150876
58100
-326916
-156283
-233143
-231270
88959
-43453
-324628
-154158
-425658
-102914
-273580
-523067
-387309
-352202
194743
-15966
-632095
-308105
-102442
68810
-191368
-328010
-48041
49787
-203644
-442811
36987
51764
-443255
-256299
-282523
-207513
-493642
-207074
-186487
-374266
-143883
-90919
135583
70335
-175636
-257051
-292819
-445913
-210427
-432359
-248443
113426
-607180
-437236
-23899
104291
30394
-168905
-61795
128365
-50703
161220
-20389
-379240
-483693
26220
-276551
-85867
-401662
-214020
-286023
153608
-359338
-246427
-239404
-222666
-192115
-242793
-223152
14042
-252182
143391
-96606
-235168
-178246
93528
-105345
-131236
-259871
-284124
-447707
-127449
-107361
-249718
-603487
-291298
-533115
-302015
-322843
-527521
48907
18289
4591
-164667
-654503
-331105
-297997
-423429
-34660
34884
9370
27053
165789
-67201
-307496
-125289
-453223
9264
-170587
-259615
-15737
-267195
-520764
-245240
-174181
-465750
-339539
-356390
-355523
241741
-179506
-268851
-409036
75069
-305886
-200605
138341
38321
-72179
-300106
-345377
-307039
-75977
-107654
-242346
-176957
58110
-413815
-87382
-432632
-409858
-36989
-172556
-332000
110551
64249
-268539
-433567
-433674
-133383
-40117
-341347
-225397
-47260
392631
5077
-138247
-335603
-337067
147999
-209608
-474245
143281
-134699
-404175
-337802
-252952
-193003
144849
-382391
107460
-283563
-641658
-595604
-208328
1930
-486830
-56781
-416368
-307315
-411018
-397905
-81179
-295110
-57849
-465073
-302760
-50445
-72067
169197
-462971
-430831
-100001
-299983
-243720
-330663
-115148
-461233
-635068
-160272
-183173
-391526
84682
-367830
-321025
140200
-31764
63787
-129303
-282097
-465545
50658
-254416
-332320
-275551
-402610
35081
-310876
-359180
-505284
-47129
-121214
-497520
-205122
157076
-311709
-540318
-253542
-116860
-282675
-232957
29371
-334991
-119187
-607788
