359
-114
-681
154
452
641
818
-243
860
-191
12
-549
383
15
128
-1014
-312
-1030
-411
-426
309
-428
-135
-594
556
256
-285
635
519
365
-448
252
1006
-857
401
-599
215
-176
39
127
338
105
683
48
-429
79
820
47
172
487
831
-365
-746
310
14
-894
334
-397
-423
837
145
674
-1021
-374
-646
-252
218
462
-669
515
-206
194
-598
1121
269
49
387
959
722
-30
106
-272
354
197
-127
385
-45
363
528
-705
-144
246
-325
18
-90
615
-407
-416
394
-385
629
374
398
28
-95
565
122
-1059
-82
700
-603
415
622
-969
-1005
183
-468
-772
721
358
847
-200
177
213
807
-346
190
-28
669
-719
313
95
271
-156
-26
664
507
-203
260
401
135
-92
-316
298
109
297
1052
-980
-909
19
-740
189
45
-918
-1010
-973
-78
-785
197
386
354
-85
2
-750
191
153
470
-839
-760
-131
391
-996
38
-44
-127
-273
161
751
330
391
404
-422
25
-225
7
550
85
-26
-915
352
347
-79
331
895
269
32
469
-632
-874
526
248
-624
-347
277
601
-723
310
182
-4
18
-291
-894
-980
-316
-328
-521
551
135
728
408
255
-200
-984
600
22
-469
-84
187
-915
-193
-695
439
8
-969
286
279
-222
482
-407
86
-104
505
-301
15
204
-236
235
441
-546
-629
-187
-533
-334
-359
-25
270
