-762
229
155
442
745
-970
722
406
709
88
-641
-422
304
-85
109
384
-571
190
308
728
403
-229
-296
-11
563
402
403
-115
709
362
-813
736
487
514
472
-154
409
172
-741
542
-441
-403
-780
567
-71
231
115
737
-884
405
-234
63
-128
56
824
-325
-305
338
-53
-445
56
-46
283
-178
-194
433
888
636
314
569
578
205
-398
-829
1010
-135
745
201
406
384
-92
-401
173
410
702
-184
-312
-152
-80
-38
1564
-102
-461
586
348
-304
-384
575
-138
422
-800
551
108
78
546
394
132
1084
190
296
-320
-881
969
779
-286
713
425
-1010
377
-124
156
80
-628
648
-543
1040
-512
-451
