1179690
389696
-395402
-564958
-84668
-12480
-66680
796447
334003
228906
-606437
1449348
179670
-411441
401811
-750724
65070
1437796
280861
-265013
-457098
-132349
287267
1304148
-47831
-177533
42026
122126
-661319
696368
474613
38797
1100407
-56294
-114871
-597776
173413
-285472
435916
-1402534
1389022
326721
1259477
252912
1194846
-34456
1719257
273236
-189444
1177405
38943
801504
-611113
165152
1219473
1514963
-200224
-756869
-1090846
984598
264145
-981091
-537410
9182
30848
415318
590744
-456006
-51074
496022
-623450
-74849
83072
133850
1062528
1263556
-1402825
1263331
-1554041
260059
224254
119151
40447
-244615
21024
-720434
-369176
619338
-508156
-237629
168100
-134060
-39047
38455
-174938
-722675
-81684
246310
-897753
-1062872
-676206
-815751
392315
971679
-195612
400306
-148188
361258
-610991
-89845
750063
-490027
-53349
1036658
263090
561977
-1509959
133646
-763437
-40849
233756
198923
-1123787
-724136
-289440
676574
182850
-487340
