-27
-33
-312
-184
66
54
125
14
-37
170
-65
-157
-65
-40
-277
-113
160
123
9
-186
131
137
-278
-37
92
137
-167
28
7
-142
52
146
52
34
-19
-113
-84
14
-158
4
93
-9
-7
-128
199
-73
-209
5
202
135
58
28
-98
108
-187
-86
161
-87
-46
67
-116
177
-169
269
-255
256
18
-493
-101
-76
2
-27
71
94
-28
136
-38
55
38
84
89
-42
-87
55
-244
-117
173
8
-3
204
-57
-123
128
87
18
-83
134
-92
173
7
135
-101
6
-129
-139
-258
-227
-270
219
-211
-61
25
108
-11
46
247
-122
46
-85
197
-140
-55
182
-7
24
67
-206
-7
-111
-179
157
-184
-49
-24
88
126
-6
34
180
120
47
-65
95
-118
-115
9
-64
96
-43
198
-101
-11
88
-65
-44
-25
18
119
171
67
112
248
-89
-50
-17
-70
-54
9
-75
51
-121
-46
36
10
37
211
-14
-223
-13
128
163
-30
-190
150
10
74
96
162
15
382
125
-137
175
40
-41
-22
-170
-321
-166
127
71
-107
110
195
9
98
248
-28
165
103
-139
143
-6
-2
-43
-57
-74
98
-52
105
-87
-87
-10
6
83
65
96
-42
71
-51
-27
-7
-104
23
-6
-79
-21
-49
14
-40
108
-51
-105
-37
41
-90
137
42
-59
-88
-11
-149
104
135
163
-120
13
-63
32
-139
6
84
381
65
-241
122
27
-251
93
45
117
-330
-51
-26
-217
152
123
41
8
96
85
-221
-23
41
6
131
73
-109
-30
47
189
-49
-5
62
-38
51
54
37
41
-109
-264
206
-53
-2
-1
25
48
-52
41
-24
133
20
216
3
-33
-90
-279
-30
-147
-32
-91
-43
100
134
-19
-68
-47
-92
-103
-63
-162
206
7
156
18
-93
4
-147
-49
129
98
-6
-226
6
-120
52
31
109
-45
96
-113
2
86
73
117
-1
-58
-2
88
-243
-168
39
44
-48
93
35
151
-79
193
-245
162
25
156
-86
-129
61
175
-36
4
86
9
62
24
99
249
-53
-263
68
104
-7
-76
-20
122
58
61
-89
-6
-104
156
-202
108
-73
-57
-5
25
84
25
-25
16
-142
68
196
54
65
155
221
-33
95
-173
-27
-24
-82
-123
-86
-73
-134
40
-72
-2
-229
-44
73
144
11
26
-77
-184
-57
88
-106
-60
22
-19
36
58
190
42
18
-88
-27
24
-158
23
84
-16
28
63
-75
-176
154
-17
-104
20
127
130
-23
-220
29
-15
133
125
-3
28
-68
169
-25
11
53
-124
120
193
29
57
-82
-104
-6
-25
-15
5
58
26
6
-115
56
-114
-29
211
126
-145
-22
87
75
53
-31
-1
-24
-43
82
-73
-70
-30
53
89
120
-143
-97
-43
335
50
149
239
166
-80
-6
-103
11
-158
-20
58
-104
268
-234
-71
-116
-153
-64
-50
14
-21
263
-281
15
-2
-161
10
435
-18
-21
128
96
-28
141
60
53
-81
-54
9
-41
-81
210
-232
26
164
-33
-13
-39
234
210
193
-44
-137
49
43
159
50
89
200
-115
14
52
-189
-57
212
136
-5
-229
31
93
86
-198
83
48
170
54
29
491
215
122
21
161
-107
13
-89
-201
381
-63
109
-78
149
65
5
120
177
141
-8
-173
-33
108
-39
-211
-11
-18
-145
-310
-85
-110
125
128
-68
-7
49
61
107
109
-130
162
39
213
-130
190
31
-61
-95
185
80
-26
-116
67
-42
52
-76
84
-79
-21
64
5
-4
-23
75
-44
42
-107
-11
-66
-84
138
64
47
-10
-6
-10
18
-67
-173
-80
23
-85
125
28
21
-4
-156
-166
-1
58
-74
23
-97
-127
-108
-32
11
91
-115
-5
49
82
100
-120
23
96
24
5
182
163
-35
-88
-19
83
120
39
9
-73
11
-124
254
-160
-28
-176
35
104
94
-62
-12
-151
79
63
-74
-12
75
29
36
82
-119
-39
18
-30
-106
-46
67
-142
25
-36
1
-36
190
14
79
-60
37
-3
92
-68
23
56
-8
188
49
23
107
-32
87
3
73
-5
-15
-125
33
36
-66
74
42
-66
-53
30
-32
-133
-102
-84
-12
227
-98
5
39
-3
40
47
-42
-86
79
-96
242
50
36
89
70
47
-121
327
68
-63
-34
-88
-130
-17
121
-30
103
-36
18
88
-16
-33
-25
41
75
-81
23
47
25
46
-14
352
-55
42
150
-67
97
-15
39
60
182
-109
-18
-3
15
-22
43
-85
-159
-86
-72
-85
-114
40
-160
25
-173
29
61
29
-81
2
91
-43
42
-99
-59
111
-85
-40
13
-58
-43
-91
80
95
-250
-49
-5
-122
-100
-48
-17
-50
137
-21
60
5
-4
243
-55
62
22
-107
-54
-158
1
3
-33
-20
-101
-8
165
-5
-103
-23
-34
-48
-24
-159
22
-38
257
-274
-42
-280
-52
198
-40
165
206
-104
-50
-136
8
-65
64
-80
-207
90
-1
-34
130
88
-92
106
-9
155
254
-271
-271
124
-112
-181
162
-116
-161
209
-135
9
-12
159
-16
-108
34
-177
47
-251
-130
34
131
-82
-12
-19
-88
15
11
44
117
-95
61
-16
129
45
7
119
-53
40
149
34
-106
-288
-32
14
-97
196
-6
-218
-51
-110
221
96
90
103
-87
74
71
15
-13
-73
127
23
106
100
-67
-124
106
-126
-83
-144
140
136
-57
-29
4
-158
5
19
73
-150
-97
225
161
149
-25
241
-279
-34
-1
-2
-95
-176
-17
6
61
-20
-46
-195
-259
-41
-53
196
-160
-42
-175
-136
41
84
168
127
96
-66
249
67
34
-122
-1
105
-132
-88
133
-208
-13
-21
200
-141
314
315
-44
153
-50
-30
-48
-52
-30
135
-78
-41
157
-62
-50
-190
68
-13
-88
106
-122
244
-53
-126
37
-183
-17
-40
87
101
240
23
-46
113
-72
-42
-120
32
83
85
3
-102
-35
69
322
-282
4
-117
-76
-111
-133
-243
40
-50
86
48
51
181
58
87
-31
-29
214
39
-20
-224
-353
-102
139
201
346
130
11
-39
63
65
113
-93
-56
192
-16
-120
10
142
42
97
179
119
-13
48
72
-48
-93
-57
26
-19
-98
-27
96
111
93
-21
56
-202
19
44
88
-184
-7
-71
151
72
38
61
111
-34
67
64
21
52
147
41
204
2
-4
-34
26
-14
300
-44
-5
101
52
25
-30
-99
-12
-64
-159
-1
-69
53
-44
-58
130
94
-10
-30
-13
-15
-58
2
-25
-140
54
68
94
-70
-169
268
243
-9
-30
-18
31
-47
-111
-66
23
10
164
-31
-13
-155
-83
2
114
-23
-157
65
-132
15
113
-47
-192
-47
57
143
143
51
-94
82
-60
-18
127
144
-20
114
61
-42
123
-76
-90
-71
51
-102
79
-59
36
-40
96
-69
90
23
-33
-56
-47
-79
114
95
-119
-13
-44
-61
47
-8
-184
8
83
-155
-93
-160
-55
-62
26
6
-65
98
-192
60
-119
4
-189
-152
114
-71
37
113
13
-33
53
93
26
-47
317
47
-15
-74
184
17
28
-121
-102
-201
-6
24
-94
-61
-320
49
64
-95
66
-59
-80
136
-91
110
52
30
41
130
119
140
82
-28
263
45
-62
-8
-112
14
-42
-12
-53
103
-62
-75
-130
37
13
-34
-167
3
144
-64
-59
-45
-89
6
-27
30
289
-36
13
-110
25
-123
49
-91
-20
34
-82
-60
94
-55
124
-180
58
-13
279
378
-30
-140
-108
52
-147
76
-119
-143
-50
-34
-84
-73
60
-179
31
1
-17
-145
-11
74
-33
-135
98
117
-57
7
-146
-133
69
120
66
15
131
-130
125
-99
22
79
87
-7
-47
7
102
-110
22
120
-60
-19
35
235
66
88
190
-4
92
23
-51
90
48
-147
-36
79
136
-3
226
-26
-89
156
21
29
98
124
-25
-143
95
-127
173
67
-279
-3
55
-112
169
-42
-80
-51
73
-88
-168
-34
213
34
-28
-109
281
-139
-91
-189
-6
-179
-125
-152
5
-150
70
130
145
-53
60
22
-81
24
-182
-55
-252
171
-14
-205
-186
25
-7
27
-61
59
65
2
23
82
-88
-22
63
65
168
91
-12
-137
-20
74
-15
56
250
9
-1
-74
20
-128
105
164
-8
284
39
-101
-62
130
-150
-18
65
286
-223
-211
22
40
-155
-83
-28
133
-169
69
131
179
73
-77
228
-50
26
-95
-71
13
2
87
175
-40
100
-3
-41
14
253
-49
77
83
241
7
119
-88
-134
-4
114
-77
-83
-47
21
56
-126
113
-259
-42
-29
-41
-20
64
61
183
135
156
-172
-160
-149
0
-95
-122
111
-39
149
-157
41
-1
-117
5
203
-236
203
-119
40
96
-32
151
4
-276
117
73
-23
35
119
-30
-71
8
67
40
-175
-35
-104
96
63
74
123
-121
140
-11
52
-166
133
69
30
-235
91
-56
-5
-21
169
36
-51
-45
-93
94
-85
-47
-45
-19
68
54
75
103
328
-236
-77
-78
123
266
4
-257
214
170
-161
-216
-115
-54
138
152
34
-129
128
84
89
-128
72
-1
-31
-10
25
207
87
-128
-1
-66
29
-42
52
207
13
-139
-55
139
-6
184
36
-59
-44
-60
102
-24
265
-34
177
-10
131
97
-188
-14
17
-137
-4
-130
-12
-23
-145
-91
-101
-3
73
-80
-14
69
104
-82
-82
-11
65
-92
-102
137
-119
128
-100
66
37
-125
-207
-65
146
46
-53
-14
-2
-18
-52
-176
96
-154
-82
45
-71
1
-182
177
-44
90
175
-79
1
213
72
-29
0
17
74
86
-2
-6
-357
-46
170
-34
131
-58
-93
-4
-157
-171
-77
69
-88
-146
51
22
-29
81
-43
-19
-109
-120
165
37
-48
-83
121
57
-182
19
-7
-7
-36
71
98
-180
-57
-97
-29
-72
63
-243
123
-7
200
92
25
-57
-11
-169
-67
24
-78
-110
149
-42
165
62
-120
10
-19
-131
62
-80
-28
-167
154
18
26
164
251
-82
-19
115
117
7
-163
-186
24
73
-119
-48
-37
141
-106
-48
-277
-100
161
50
-137
197
18
-98
-43
-18
171
0
-68
-103
-131
-29
12
-38
-102
-71
127
-156
-37
99
160
74
-30
-29
-104
-45
60
233
91
-22
-77
-125
-151
147
15
167
75
-54
-166
-65
55
3
-11
-24
-44
67
160
42
161
-64
77
113
-20
-84
-68
-58
8
-164
22
4
-61
-157
100
2
13
-199
-204
102
53
48
-91
-68
-107
52
117
67
174
-47
62
57
110
28
27
213
48
177
69
59
179
-12
-128
154
144
-116
175
272
42
134
-113
67
-81
113
20
-21
111
57
-129
22
-30
-68
-28
65
-36
79
-93
-69
-7
-83
37
64
87
-93
-47
2
-158
-11
-125
-166
56
-84
-83
-81
-14
-16
76
25
267
-14
-23
37
208
96
-114
-119
-66
-80
42
10
78
100
73
20
-3
122
9
155
-128
-106
-53
54
55
66
-72
-186
-7
67
167
-24
72
87
40
-92
-29
-199
-102
36
-142
-43
-17
-151
-115
-18
5
130
-53
-204
-38
-21
-36
45
54
0
-1
172
-14
-62
37
-81
51
-54
-158
-105
-45
-153
-4
-107
-88
134
32
-24
135
71
4
9
-135
-94
68
-1
68
2
57
-113
33
-95
-42
5
-60
-56
38
87
33
52
96
-36
-137
-86
-50
-6
170
89
9
27
11
-59
43
78
-67
56
-1
34
-99
39
-82
111
-18
123
6
157
92
-109
60
110
54
4
-26
97
-45
-71
-57
-49
83
-16
32
-131
-4
94
-86
-29
-2
72
-67
-95
-27
2
27
65
-66
-22
-116
138
-54
-1
-12
26
111
36
0
96
62
6
17
-208
-99
46
-116
-122
-166
-4
89
-94
2
-193
19
77
-55
58
111
-68
162
-41
-121
-10
-83
-271
1
96
303
-92
-10
168
39
65
-24
21
53
88
44
-55
-92
-171
85
60
-111
-55
74
226
-151
26
174
-2
-20
-130
59
-146
-61
-6
-5
262
-96
-33
-94
-67
42
-178
41
-135
-77
137
28
46
-34
0
-152
165
-26
72
-39
42
-80
-211
-5
218
78
-112
73
-147
-2
-22
63
-54
-133
65
52
-35
-39
-50
-2
-30
-91
13
4
-58
106
-19
52
198
295
-94
146
-79
-198
-10
-67
46
156
56
14
-30
18
-58
-20
-172
64
30
-4
129
-107
156
92
-114
95
-44
14
138
-25
-109
0
-173
37
-159
-26
177
2
-49
29
-149
98
86
82
301
135
-119
-29
-76
63
-34
117
-110
166
40
-238
-126
11
14
-17
-45
27
25
43
-49
51
41
165
-270
-107
72
-181
-130
51
-111
17
-36
-47
-113
24
-10
-7
119
-177
45
158
-8
-122
-8
-38
-50
38
183
-6
53
-143
-39
0
-56
171
170
120
31
53
-402
123
26
-164
86
35
-174
-91
-92
83
24
-90
58
123
46
-100
92
191
-178
65
73
-12
79
160
-198
33
108
-206
8
-132
-7
56
-60
-82
190
60
56
-43
-83
-62
-43
427
-39
94
-159
-50
-21
31
-107
-119
-101
-131
-20
-144
-271
-270
-119
-19
65
-74
32
-144
-27
3
-85
-103
-88
-275
180
-57
-76
42
9
-9
11
-75
189
-159
17
-14
10
-117
-181
-24
-92
163
79
-57
-50
-37
18
138
-31
24
22
-148
41
63
201
-53
-44
5
92
-255
-1
-49
83
33
-184
-142
-13
-183
82
-25
31
135
55
-261
-255
187
114
-138
80
-28
160
-117
73
-20
-50
-142
102
-173
-25
9
-17
-21
-85
-237
-27
21
-132
-88
115
-102
-220
52
-39
-212
22
-18
-19
-104
244
7
-164
-95
-152
286
71
-32
-419
-88
147
26
-8
-97
11
-237
-121
180
-73
65
38
35
128
-97
312
-249
-95
-103
22
30
47
-141
-246
-33
55
-292
208
300
208
-85
137
114
30
-93
111
-32
9
-92
-73
-57
-134
52
-151
-204
-10
-218
38
-51
84
107
-134
122
-117
59
-84
-72
134
65
-6
17
62
-209
-18
-165
-42
102
93
220
-8
86
153
64
-42
-106
-61
-161
177
-8
53
218
-265
183
54
211
145
146
74
-40
-246
158
-6
48
92
59
92
-102
-202
104
-32
-117
-97
60
90
133
22
-4
-63
-29
-137
-34
30
49
175
-10
-87
-41
348
48
95
-80
-76
-45
35
108
174
210
-50
-93
-292
-28
67
72
-5
199
4
157
48
-134
7
52
-14
-139
159
188
68
8
-38
97
101
309
-223
16
-206
-111
-18
-35
1
5
6
-32
45
125
141
51
62
158
2
28
-72
-212
105
221
86
42
108
-50
18
103
-27
-12
-77
-57
67
-60
-56
-177
112
98
119
-50
11
155
51
-82
-8
96
82
-236
-163
-76
5
151
137
137
-49
128
-34
-20
-35
-238
-61
10
159
153
11
-131
38
-11
-51
-86
-153
-200
25
192
-121
-23
-170
119
31
-184
70
-162
-164
132
-14
68
-101
-4
-137
-47
-39
-35
-67
11
100
149
130
107
33
27
-186
189
-18
-276
32
-112
-70
-25
55
-97
147
48
-96
193
-94
-31
-12
-60
-50
59
-47
-40
74
-160
29
34
69
-124
33
30
-73
-126
-5
245
63
66
23
-59
37
96
-121
22
-50
-20
-206
-144
92
-69
-2
20
-17
248
32
-148
-5
-31
40
-94
143
87
74
29
166
-37
-185
237
-24
58
60
15
-100
153
46
166
-27
-17
-97
51
-125
-60
180
-170
35
105
-95
68
79
31
-32
141
224
178
72
-164
61
145
66
21
-42
24
-90
24
71
116
49
95
-22
137
110
-48
52
12
-8
-68
32
-79
-41
-26
-54
52
6
29
182
-183
-90
118
62
70
48
199
-25
152
-36
-43
17
165
158
12
-60
263
77
10
48
182
8
-97
29
-105
39
65
82
-41
99
173
-37
49
-11
-186
-136
-139
280
-42
-83
29
217
134
-6
34
-99
89
-155
136
-10
68
-9
5
-7
-111
90
-53
26
86
-171
84
163
-52
105
327
98
153
245
137
-114
20
160
50
4
25
-84
130
39
31
26
-8
52
-108
-39
135
-82
-21
0
133
-17
187
8
178
47
175
-19
-79
-74
-218
-74
-188
81
-60
181
1
71
-114
-8
-229
-107
54
-22
182
-56
-93
193
-99
129
26
41
-38
103
-172
175
146
-58
37
-99
-59
7
208
-74
-99
147
12
-69
-10
-171
109
-168
91
44
-14
56
57
-16
131
53
-63
-131
-73
113
-70
25
-147
-3
12
-165
-164
-10
10
36
-102
9
21
-19
39
28
100
70
298
92
26
93
43
-94
-25
-211
0
-58
57
7
-17
-64
51
-64
173
-21
93
-146
-189
-67
-30
-62
-196
-117
31
248
88
1
-64
-11
-117
37
-49
-67
45
86
-7
109
-28
-52
-19
-63
-146
93
-56
62
29
-120
-113
71
116
-58
-6
-46
-73
-30
-119
-104
65
-81
-52
12
-9
-28
2
85
13
176
126
7
-13
59
-149
18
-80
-11
-25
-97
12
-145
-60
-18
61
76
-201
47
-211
-64
85
84
25
29
-12
-64
161
-5
-44
-55
-21
82
7
98
61
-15
-78
-47
-128
-91
163
73
185
145
-68
-117
-194
-156
26
26
-48
-188
150
-18
440
-2
-76
-147
-232
45
244
208
-35
111
48
-31
-184
96
132
-3
-64
35
65
8
336
-60
-261
9
-85
-108
-136
11
187
149
-3
-63
-9
-33
-131
55
51
-57
10
57
-49
-4
171
92
-60
-18
-43
122
-79
100
-42
-30
-61
-156
76
-162
176
62
-7
130
119
-96
31
-62
92
-38
200
-176
-102
-58
12
216
10
6
-72
-49
-174
-84
3
-27
-125
35
9
84
-86
85
70
9
29
-118
-100
38
296
-120
-23
25
-14
78
-215
-1
-172
74
48
-13
-9
26
56
85
74
-139
-33
-157
112
40
55
39
60
23
-53
16
-224
92
169
16
-118
-33
19
14
-17
11
-15
-57
-64
132
128
-223
-167
-46
1
-56
22
33
3
28
172
-104
-52
68
-10
-135
34
-5
-81
-99
36
133
77
103
86
-101
-51
-115
67
-19
-13
104
47
-242
233
-98
106
75
33
183
151
30
-124
-47
-160
47
-151
21
135
65
54
41
25
-13
-82
65
-42
-36
177
-40
4
44
103
232
-172
-66
27
16
-69
62
25
-34
43
133
-96
114
-190
82
127
-151
85
110
219
-27
-24
44
137
-107
-88
103
20
-73
-111
93
43
-5
16
-25
-16
32
62
11
95
61
-147
227
-68
-30
78
160
-24
108
-51
16
25
-136
-111
-130
42
-43
-43
84
148
-66
242
-6
69
-47
-199
-112
45
58
-127
-4
156
136
62
18
-43
87
-156
-44
-177
-70
68
-29
-67
122
29
329
7
-36
-72
-23
44
112
40
-96
30
-16
-3
103
33
228
-181
-200
0
199
16
105
65
40
47
14
52
-128
53
1
-9
-86
67
90
100
-119
-119
-81
104
124
20
62
-137
-112
-44
3
163
161
143
49
-90
32
-122
-146
45
16
48
-85
-108
144
81
-19
-67
15
-50
91
192
41
29
-56
-53
-185
29
-83
141
28
-129
-62
-54
149
-16
-115
343
-97
-74
52
-34
189
106
52
27
70
78
189
182
-88
159
-127
66
86
-2
69
-67
-27
432
-247
-12
-60
-92
-106
30
26
-107
-22
10
-23
56
76
-35
-13
-64
65
154
-13
-61
0
24
6
70
-3
-89
-93
-69
-94
-70
-185
175
-104
32
25
-63
-250
140
-129
29
247
-91
-143
261
116
-93
-287
-34
-118
-213
100
-24
44
-104
9
65
-70
-48
-97
26
-86
121
101
161
60
266
-167
24
-15
-12
-97
-111
-202
0
59
114
145
106
-142
-162
71
-37
211
-48
203
147
57
22
262
8
-121
80
-8
11
-160
66
32
27
50
-19
6
-64
-191
-55
61
-116
-176
-58
-205
-119
68
121
-51
-80
148
-15
-63
-66
227
-89
-72
0
196
185
26
-27
11
-34
210
20
-62
60
81
-133
29
-19
-43
-39
-22
62
-30
-261
-164
121
103
34
123
-30
-143
-124
-190
-45
234
-38
66
137
34
16
98
8
-10
19
105
-16
49
126
-87
-32
-274
-10
-116
-134
48
-186
-28
-77
22
-142
-2
-159
-78
85
127
-82
-172
-142
-71
14
-24
16
-140
79
-257
84
6
51
27
-39
4
50
118
-11
-184
126
51
12
-16
-169
-30
11
195
-10
101
-75
-109
33
-44
-2
57
19
25
-51
-83
-9
167
-53
219
-63
-56
-34
-55
127
33
99
-10
190
340
-110
-19
1
-169
-178
-13
-148
89
-29
-231
-33
-84
-70
63
-103
-79
-119
0
-26
-71
-119
-53
173
357
7
-150
-45
-19
-82
-78
25
48
53
216
211
-86
-46
-85
-77
41
-12
-78
-140
81
34
202
113
-124
104
214
-75
-157
-5
-4
-236
16
-135
183
11
-25
110
42
-136
107
-250
50
-92
66
145
-97
-3
-244
64
41
-255
24
-70
-74
113
-66
113
-16
-49
93
-58
49
-133
-40
-97
143
-42
-13
16
87
-11
-84
-92
-358
26
124
188
77
27
-1
20
122
40
-201
151
212
-80
-141
-263
-90
-30
2
-28
-121
36
173
36
212
-38
-20
97
-22
-149
275
112
-80
-30
-126
100
-2
101
-16
-146
124
74
138
181
-169
12
-13
16
-13
161
140
25
21
-32
168
4
-42
-37
104
-141
59
-63
-133
-41
-102
122
-137
-111
-75
31
126
-19
33
-38
-117
103
-105
166
121
53
11
-44
-37
-62
-68
45
30
78
-5
-55
-160
-1
-294
-113
-83
39
121
86
17
-173
70
-28
-204
32
-26
114
-62
-26
-188
160
-115
16
-30
-97
-54
-57
185
146
-176
-22
98
-16
5
-109
102
-90
-80
-158
144
-68
96
41
-70
-54
3
-75
-1
-76
145
177
-3
63
43
169
5
-133
-99
26
-1
-124
91
33
142
-24
13
-200
214
-1
-111
46
129
31
-112
-32
-35
59
72
-99
-211
-64
124
-75
-57
-108
6
308
-26
233
57
6
-50
391
-26
-129
-18
47
97
156
183
-131
62
30
157
157
38
-26
-71
34
-34
93
-86
-98
-277
19
118
82
-55
158
48
41
41
-19
-149
106
153
158
74
-101
160
292
-122
-192
-127
99
-27
-67
45
2
20
-118
115
-99
87
92
-114
14
45
-167
-88
75
14
-41
176
20
-96
13
-138
148
-165
-127
44
112
49
12
-135
-49
91
290
100
49
66
-115
60
-154
16
147
122
-128
7
188
89
143
139
-56
-140
210
-98
-69
15
-6
-29
134
10
37
137
-6
2
-18
7
-19
-95
-105
38
64
-92
164
-107
-9
3
89
210
-111
-19
261
-12
7
7
-61
82
-116
22
-3
-24
-89
-35
-56
-114
93
293
215
-95
96
168
63
-150
-79
49
-124
187
-101
-174
103
-115
1
110
27
-128
37
46
127
-13
-40
139
-11
212
183
230
-87
-109
-99
29
125
-54
-25
-87
-47
-50
-55
85
47
-59
-5
-113
-75
119
91
167
-27
79
117
-34
16
-210
-168
-94
22
-27
-89
-52
-66
48
214
-124
-37
-107
-108
23
-117
-77
-39
-130
-209
-21
-44
-36
-119
157
-14
-249
-34
9
-83
-67
208
-38
-15
98
78
19
-89
7
-13
48
116
250
-159
25
-16
-49
-43
0
-65
-227
-19
-117
93
-59
37
-64
-49
163
-33
-52
59
-157
-124
69
-21
59
-56
13
-78
85
-77
75
-90
30
127
-149
-121
53
7
33
143
128
56
0
45
11
1
-36
14
95
4
56
12
3
-117
23
-70
77
123
181
47
-89
29
56
-42
17
-154
-57
-21
-2
54
-123
25
-15
36
-54
-11
5
-160
41
-60
-68
61
-19
76
15
223
-111
-49
116
48
-16
121
86
114
-294
41
56
-2
57
28
-17
-24
63
-98
79
79
-3
45
35
-126
-224
-32
-37
-27
-27
-23
-91
-142
-62
28
-32
-83
32
119
-15
-146
3
58
-44
100
28
72
-97
53
116
68
-103
92
41
-71
-4
77
-59
-72
-12
-179
37
92
7
-7
57
133
-76
187
105
55
-54
11
-8
35
-22
-31
-49
-14
-81
-62
98
-31
-17
-133
-61
-4
-134
28
-21
-49
-100
-36
-27
45
21
20
-45
154
79
30
-86
-98
-69
-21
-85
62
8
23
13
61
32
87
40
-70
-13
59
-20
-23
-135
-13
-82
130
-41
177
-66
105
39
59
36
156
53
-12
-173
4
106
-112
-10
160
179
-15
-154
-129
-29
41
21
82
108
51
81
89
137
64
52
157
64
-13
-169
10
15
-53
63
18
-73
-25
-6
-36
-85
-32
32
-134
-99
18
-9
6
-72
-74
104
-175
-129
-138
-42
-47
94
-41
142
-59
39
28
-91
-43
-137
53
101
31
17
23
5
-217
31
-106
-168
228
-166
-17
-4
-80
24
83
25
61
120
-18
15
17
40
-152
105
-157
-20
-105
-297
-66
-102
0
25
-77
-1
39
70
206
98
-12
11
-2
-239
41
80
-17
-57
42
-125
34
27
-71
214
10
-39
104
-56
-1
137
28
-20
-22
-4
-184
122
64
-46
22
-28
-55
15
-119
-122
21
-94
-98
-86
-36
-1
-62
-80
-58
-186
-51
-90
-12
49
105
147
85
15
-25
-51
15
87
5
-97
-143
88
-38
1
5
21
-19
-1
129
-166
-171
-69
-27
-121
143
213
44
-33
-10
-270
10
-38
-36
-108
1
-91
-293
102
-62
-104
105
109
27
-49
19
-107
-177
-101
-266
5
9
39
-206
-65
53
-317
-105
-6
87
31
-77
248
-37
-66
125
-35
199
97
18
-28
31
-104
-207
-186
82
-1
-343
-262
7
-89
178
-21
131
-124
57
24
242
-199
-78
-166
26
73
231
-25
40
-79
13
73
-24
-84
2
-17
-114
-154
-6
-53
-68
322
-143
-73
-280
86
109
-53
46
47
-3
-5
69
-106
-99
111
-66
74
-63
-47
-104
33
152
63
-27
24
-4
185
-97
31
33
90
-18
24
53
-14
106
77
-67
-24
-80
-53
0
-12
-298
-94
-38
241
23
104
208
5
27
-65
-32
102
-17
-47
-122
127
-36
-38
30
26
-159
-99
31
-159
14
-102
-39
136
-44
103
152
-51
-297
-121
145
-35
-87
-238
-101
-94
-112
4
160
174
-99
-67
124
-44
-61
56
-25
-125
24
101
32
52
128
-59
-91
3
-227
-58
98
-90
27
145
180
-82
102
-72
80
-129
33
-25
145
155
-127
-95
-128
280
199
137
-30
-108
-170
37
136
1
-114
82
4
-29
121
-51
68
98
210
8
78
53
1
-15
196
-39
47
-151
146
-82
-67
120
73
70
-145
33
-121
175
44
-81
-15
57
-89
119
-194
-61
9
222
-1
-72
-9
101
-118
85
56
-60
38
348
54
-80
-169
274
28
-101
273
-94
69
114
-286
-86
40
197
-240
-1
1
81
-26
-29
-123
65
186
-211
-189
-54
-69
-97
108
-108
5
160
53
-164
-103
64
55
-79
139
-149
-34
-61
-63
66
-222
-30
-272
-191
-151
-79
-17
-207
140
126
73
-8
121
52
-71
392
-205
67
86
-125
-56
-135
159
13
-179
5
9
-191
-48
80
-49
74
145
208
-31
-70
-30
142
144
18
103
-55
162
105
-157
102
-29
68
-130
-66
-26
-81
-93
38
7
-7
104
-74
-45
25
-139
-19
37
-18
134
42
-158
182
138
-10
78
-22
18
-23
117
-42
1
-40
-148
226
-107
131
-67
114
186
-44
16
89
-24
102
80
14
-204
-68
-276
126
187
183
140
148
28
85
98
131
-167
-44
168
98
281
-68
-112
186
42
54
-123
-203
64
-287
-245
67
1
79
40
-181
18
144
-181
-173
-164
-316
-191
13
-191
49
110
95
-113
177
-80
-37
211
-55
-76
98
-255
-54
-102
91
339
-90
-83
-153
-39
-184
-268
-125
-194
62
-69
-79
85
-5
19
-18
-155
48
97
144
-12
15
-19
33
-139
-26
-167
-65
303
-125
-51
63
-22
27
-236
225
49
-41
198
248
-205
-65
-16
119
48
21
162
-62
55
63
-198
-69
83
-205
75
121
-183
-23
-80
-58
34
69
-132
93
-75
-121
-47
121
-7
71
50
-8
58
65
-70
-112
-88
-3
-189
63
-222
4
193
-74
-155
-24
-4
-103
12
152
35
-25
-144
-49
-67
45
5
255
43
214
-18
120
-31
283
37
-75
127
-113
-19
-33
1
-73
-47
150
-45
-45
50
-108
-35
11
-48
-29
-238
182
-90
87
53
-84
36
114
148
29
35
-148
244
-106
-20
195
-11
202
-61
174
-5
-11
-1
134
21
0
-65
-77
-76
-131
30
-78
189
151
-104
56
106
-184
389
-107
49
-87
29
49
52
33
-15
29
-53
-98
-17
121
-95
-160
-66
-204
204
-92
-20
-108
25
-105
38
-97
191
-60
30
145
155
26
11
-197
-16
-119
-27
-41
-281
-130
166
55
160
58
-63
-161
-69
12
49
-46
-59
72
-57
119
-72
-208
101
-39
-18
95
-45
-68
10
59
19
166
24
105
-102
46
63
9
68
10
-257
-16
149
23
91
73
-89
236
-98
144
-32
-22
-81
38
-71
33
73
-149
-84
-112
87
125
-154
-104
-13
-92
-28
-22
104
145
-119
-135
124
16
-349
-60
130
-96
0
-22
176
-105
-138
-34
5
-101
114
-29
-39
25
-186
17
-132
-191
35
-33
137
8
-70
-109
-91
-71
134
-58
78
-77
44
76
12
-64
53
75
-438
-71
9
10
-48
-6
126
-156
-83
105
-58
-73
-118
20
173
11
-76
-2
10
25
195
-69
181
-127
-144
73
-85
-9
-75
-38
-49
-151
-176
-58
-61
-26
302
-15
76
-116
27
32
153
-19
185
-154
-147
207
-56
-56
126
10
-8
243
-109
-146
2
53
25
69
211
-140
-21
16
-44
-33
51
64
-29
-190
-83
-7
-117
105
18
-69
-32
-201
-144
27
41
153
-240
154
-27
161
-114
-140
-183
-54
62
-53
-16
153
299
69
53
-50
54
14
-145
-193
187
-139
-28
111
-8
-69
-250
68
-2
153
-123
-191
118
-58
-176
101
5
55
9
0
-167
-38
90
-46
-125
34
-76
-82
-51
78
-28
-189
-18
-119
-47
14
-48
-70
24
-20
30
-7
-143
-87
-179
-48
317
-204
-77
-34
4
-107
225
-21
202
81
-9
-60
-153
71
-221
-100
143
-126
-190
109
70
-175
-65
-181
-5
75
-56
-174
159
-97
-3
-53
81
-176
5
7
-17
-53
-177
-170
17
263
-196
94
117
135
-208
-274
-103
100
37
79
90
-149
86
-177
-69
28
1
3
280
-225
-33
-59
-67
94
-63
-86
378
20
102
-140
-68
-4
235
-40
-2
-122
73
-7
222
114
53
84
-55
-91
35
25
-60
-70
-16
150
-44
3
-80
-24
61
40
361
-104
-12
48
-199
37
8
183
78
30
-169
34
33
-79
-127
7
-286
-392
-199
-136
-83
-86
35
-202
-75
81
145
131
36
7
225
3
-81
-20
77
-31
25
47
92
194
21
-22
128
-72
45
301
-5
-71
-146
191
19
69
-5
-96
-193
58
-60
89
31
-39
146
-178
-100
24
-204
-50
48
-109
-69
41
7
59
-96
-130
114
68
-84
97
98
60
-115
34
-165
-16
8
142
-81
181
82
-33
-15
-79
13
-3
97
-41
-18
280
72
-151
37
5
-226
146
-345
-98
-72
90
-51
16
-59
70
-138
314
39
165
132
-9
96
-80
116
0
-43
38
38
-60
175
19
-60
-35
24
-9
51
13
-150
-6
19
-62
136
-7
-99
-90
-11
-1
-42
-75
143
34
19
-139
-22
85
-16
-61
245
68
-166
114
-260
31
161
-156
57
8
33
-4
-164
-79
46
173
295
-33
36
-203
79
-41
-141
284
159
-161
-73
133
-63
-65
-231
-13
41
115
183
4
-87
50
-66
94
62
-13
-39
-88
25
-161
-33
161
194
-12
-126
69
75
94
-63
-130
176
-21
78
-19
36
-146
72
-84
-2
99
76
1
-156
-9
-4
52
116
-115
-20
65
-27
4
241
-147
-45
46
93
-18
-9
-292
14
-40
-119
-19
-88
172
105
43
86
-148
-205
-20
-35
-79
35
26
49
-26
52
101
20
313
-16
-80
9
-136
173
-14
154
52
24
51
72
-51
10
44
-82
-182
13
0
-52
79
67
178
-16
85
-366
-76
181
-149
-276
-97
-128
254
-97
224
-125
-59
-28
-204
20
37
3
-125
253
-133
-31
-151
-81
-88
-69
237
102
65
-37
-5
-56
-51
-21
246
8
-126
108
-51
4
-166
-127
71
168
-42
190
-51
-98
-46
52
-81
120
-14
72
-92
-101
107
-34
-123
-112
51
38
-251
0
5
134
-89
34
45
86
-75
74
-202
28
-40
-240
85
145
1
5
-178
147
-81
32
-40
-188
-168
106
-16
-22
-18
-6
91
209
-10
-4
-146
-14
120
60
159
146
145
-117
126
130
-42
61
9
-116
-36
157
24
-314
-40
66
12
-64
108
-181
63
7
174
121
-66
1
-37
-72
208
63
8
-55
47
305
-109
6
288
76
161
61
-81
103
-58
-48
-53
133
197
376
38
77
161
-123
-33
-39
169
-48
187
6
-46
-70
-7
93
51
30
75
33
-186
-18
-93
-255
48
253
490
139
-120
73
157
88
213
-110
-6
4
299
-10
56
-3
-9
53
-65
-17
110
-25
-53
18
248
-60
-39
-53
105
25
108
116
39
-356
-65
-139
72
-32
18
-41
6
-159
-145
26
16
-122
-88
-45
101
-1
31
-193
221
-128
227
82
-143
182
141
95
-146
-97
-233
68
-91
-89
-48
158
-9
-40
130
18
-175
65
50
-125
-110
-40
-123
19
-115
-78
95
13
139
-114
-119
-139
80
199
-137
147
-2
47
-80
-56
-18
90
44
-17
-106
42
-217
64
-99
85
-101
-90
-137
-90
28
-172
25
-133
48
-98
118
-50
0
151
134
-176
71
-73
-59
48
-1
142
41
120
36
-48
-21
18
72
44
-66
98
15
127
128
-55
-75
-99
-54
-61
-12
-168
30
28
-210
1
73
124
-65
-9
-80
54
-20
34
-97
-24
-94
-115
6
8
45
164
-17
131
-87
-182
-61
-47
121
-96
-46
31
-190
238
3
220
66
-32
89
-66
128
31
-47
72
72
18
90
-94
-24
-75
-107
-88
-74
-192
39
195
-68
-98
38
-215
61
16
-268
-3
-12
44
-195
-19
296
189
9
118
-247
-48
-200
-155
4
87
-4
290
-157
115
92
-123
98
-81
-231
11
123
284
209
-230
21
8
-94
-69
93
-45
-22
-76
75
10
27
153
-86
200
-29
-16
146
99
12
-72
36
-18
-28
58
-17
210
-154
127
30
109
-60
131
-2
79
61
15
218
67
187
24
159
-110
31
-137
-144
-73
105
109
204
-95
-169
-29
-308
-68
-151
154
48
-213
42
35
-138
168
58
-3
67
-108
-37
23
-155
78
-302
118
-23
116
115
-22
98
-93
-20
157
-48
2
38
-76
104
-284
135
-168
69
-44
211
-73
-38
63
97
-47
-229
-16
-13
23
-43
-116
19
208
-8
-192
18
-44
-164
-274
-15
155
-143
42
11
-62
106
310
-97
-34
-61
-174
56
157
-110
-81
-19
-65
107
163
-202
53
26
50
-33
8
-147
4
37
-313
17
60
205
38
46
86
86
105
162
171
-278
264
-12
-39
-114
67
-25
295
112
-33
11
-52
66
342
155
-15
-31
13
33
46
-95
-31
-202
-312
12
-131
-5
83
100
273
-5
21
133
40
36
146
141
-46
198
203
-63
-91
-176
56
33
230
90
34
129
85
-192
278
-9
132
-184
104
3
66
-4
148
164
-171
-86
-43
176
-48
-71
-209
130
-17
318
-51
77
-100
240
111
33
-30
34
-11
-99
-153
-133
220
46
-77
-136
91
-119
-72
130
-3
95
57
29
208
18
51
15
-34
-284
-40
-129
-57
-117
40
-34
98
-190
66
146
149
165
65
208
193
-135
-31
85
-11
-61
16
49
-4
-78
-88
-106
34
-56
-82
-40
182
-117
75
-54
314
-13
-73
30
82
93
-150
72
24
-17
38
90
-50
107
-145
-218
45
-72
28
-40
-90
46
-175
-28
-79
1
-128
194
13
50
-108
-124
41
66
-92
1
-42
99
146
17
152
0
-93
100
-122
15
-30
-79
-51
40
-92
45
-43
14
116
-120
36
-60
-87
-201
194
-25
-260
4
-158
169
-98
-64
-143
-63
-3
21
38
-320
-14
55
210
162
-9
24
-190
-9
50
-12
139
42
49
-9
-60
16
-88
-24
-72
-57
234
-60
20
26
158
82
54
76
-19
1
276
43
65
62
68
61
19
-97
97
295
-22
-56
30
-81
-224
-311
110
195
198
-55
194
-2
24
210
192
217
-52
77
-119
-116
-57
96
7
-87
52
145
45
-303
103
157
93
-48
-203
-59
27
26
133
176
-225
147
44
104
17
-146
-166
101
48
-41
-151
-33
-6
-64
-75
35
-1
-27
18
-4
-45
171
21
-108
145
-99
250
-99
-149
134
29
32
40
26
13
-160
-17
-9
-38
-179
11
48
88
160
-13
-41
5
-219
-12
26
-52
100
23
-18
59
-91
62
-126
61
-93
-164
55
43
-44
23
-58
-65
-29
-27
19
-138
-184
35
-82
-15
-144
-1
85
36
-106
121
2
105
39
-30
-138
123
-105
-42
92
-19
17
-50
76
155
68
88
17
14
-44
15
225
96
115
-76
-39
-88
7
45
108
98
-37
-41
57
95
71
59
-10
213
114
-24
-55
-136
-39
28
-221
22
128
108
88
128
2
-149
-18
-41
-41
47
39
-71
14
-22
155
96
-19
43
52
-31
75
178
51
-23
186
33
19
-64
62
9
18
67
-15
-40
16
115
-60
84
-45
-14
90
-27
-30
-10
10
-40
-140
12
-129
-21
152
47
237
-423
10
-13
67
165
-19
120
30
-12
112
15
48
-97
157
-201
147
113
-132
-179
284
-2
10
166
-203
-59
174
65
-22
168
128
117
-10
-78
-69
-16
23
4
128
-54
95
-269
-47
-93
-131
-35
-223
324
14
123
65
-150
-57
293
-57
142
47
-133
218
-14
-1
-61
9
-167
-142
-35
-82
30
171
-53
-115
47
-52
68
14
-33
79
-149
62
24
40
-55
149
34
78
217
195
170
18
-20
-29
1
45
-122
-16
70
-108
-5
-54
170
106
7
75
-49
190
-148
120
86
62
-108
10
-15
-40
-41
-85
17
-275
41
-122
-48
199
-85
-155
87
139
150
47
47
-113
111
-37
-119
-194
137
2
102
-39
-81
-60
-45
-22
13
-92
-184
117
-72
87
-144
241
-88
55
-19
129
-24
-158
70
-21
11
97
-183
3
-23
87
89
63
-62
33
76
32
67
-17
-18
5
237
60
57
6
123
-9
-25
-11
102
53
-212
-97
79
12
-71
-43
132
-15
-28
147
-22
69
29
-41
-107
18
-154
-142
-43
-115
-34
18
-48
-125
133
-54
27
28
98
38
-4
10
-116
-10
170
82
39
80
-365
-47
-52
-140
-83
46
-85
182
-212
-55
-161
-116
-18
134
-187
-50
-382
37
-53
35
9
12
66
-130
149
151
110
-50
57
5
-50
-1
-38
50
16
-167
181
-29
81
88
-116
14
17
153
-127
8
0
68
55
-35
-60
-14
108
-44
-73
-57
-128
-154
114
25
-185
-94
19
36
-98
33
177
-85
-24
-100
-29
-19
-44
-174
-13
-142
-50
45
45
-101
-29
-140
-79
13
-21
-122
-34
-11
47
-38
77
-1
17
-11
-164
83
-5
120
-28
-44
112
-14
117
104
66
161
-188
-114
-10
-160
161
82
-18
-181
21
-15
31
77
-123
89
237
116
34
163
64
-6
60
25
57
-216
-83
-17
-150
-141
-138
44
-18
94
-55
-89
-112
29
-120
-72
165
16
85
-98
-152
301
251
122
55
70
141
-305
69
138
43
-52
54
41
140
-29
28
-107
169
347
-153
-43
62
-75
114
50
182
-70
66
-8
-111
253
108
78
276
59
-18
-324
68
3
-138
136
117
15
-49
-150
-54
-41
78
208
160
-50
60
120
83
62
25
105
130
14
-173
-99
-1
-257
9
48
126
29
177
140
78
106
-150
100
135
-89
167
34
175
-147
3
66
-67
-112
-93
-36
58
22
-259
38
-140
-46
178
56
-81
131
98
118
-20
320
194
-55
21
96
64
-96
-78
-187
12
-74
24
8
100
4
18
50
-28
-27
-97
242
-40
147
95
84
226
4
-48
168
-155
-22
-211
285
102
-276
285
-51
-28
-13
56
-46
97
-14
42
-44
147
45
211
-114
9
202
-51
49
-82
150
-193
-103
241
88
-136
-19
110
-207
-8
56
-103
-151
32
24
107
-177
119
-22
-22
-238
28
43
-107
187
304
151
-5
-95
-144
182
127
-53
10
-167
-283
-197
47
-78
-99
74
25
-48
-104
-131
72
158
-305
41
-64
-161
-32
-26
143
166
-40
-85
-86
6
-75
21
-80
-147
206
-226
50
-66
-177
116
127
-98
-105
-2
49
112
-203
-76
-79
-166
-200
-253
-9
63
-104
-91
137
-103
-32
-198
2
103
162
252
-184
7
157
56
118
-38
219
167
11
111
-84
23
-175
293
9
59
-236
-183
48
-12
-41
63
-274
164
25
191
15
-12
-71
-36
289
-203
172
71
64
7
50
-5
28
318
99
-130
-50
100
-201
-37
-146
199
-27
-96
-174
-60
-140
-67
-55
94
34
-134
10
172
153
95
-152
108
35
-182
237
-7
-23
17
19
20
303
18
-124
92
-7
30
-372
-334
58
52
-49
-76
154
-64
-10
54
23
-235
-5
64
72
207
92
-2
57
-114
76
-22
89
15
-8
104
-82
140
-181
-97
266
258
-282
-237
10
95
29
-178
69
98
-151
70
27
24
88
-9
79
101
-20
-54
32
96
25
-225
-38
123
211
30
186
-63
-130
-47
3
-2
-103
-12
197
-25
36
-34
90
61
-57
34
97
-4
36
18
-8
19
-35
-5
-72
-39
125
62
-121
-58
-16
-39
-93
-1
-92
21
-144
-9
150
-109
32
50
110
-47
-7
-121
-68
95
105
-77
-6
-53
-14
25
1
-127
67
102
-15
56
49
-88
-80
-6
-162
-92
229
44
-6
16
31
122
-73
58
-18
64
26
-29
-125
53
158
73
-65
109
-93
-92
-17
-72
-97
10
-63
-68
-110
16
-174
-53
68
-33
120
-131
51
-158
40
-116
-66
14
-25
-157
-43
-13
-51
29
-74
59
24
-65
-44
64
105
-17
25
42
-41
-7
84
15
65
-27
97
18
-16
185
-12
94
36
123
-135
96
-189
-37
8
37
-138
-80
-55
-42
173
-31
36
-32
43
-76
-45
-110
112
80
6
90
157
223
-98
97
-115
73
25
-114
-79
40
-158
-89
-33
-158
-111
53
2
70
65
21
132
24
-89
-61
90
-49
119
-50
145
-98
-191
98
28
-179
29
-97
-150
42
-110
147
92
-86
-89
-36
43
-47
-133
62
-74
59
-64
-42
-1
-134
-55
-126
-58
230
48
134
-53
112
85
-43
55
36
-43
70
-56
-88
139
-92
-16
-52
-4
-14
-24
-115
-7
-326
-77
30
23
4
-118
56
165
86
70
170
-14
182
-53
102
53
-76
14
-11
-88
-20
105
91
33
-61
126
-35
30
-358
44
63
-80
90
67
-58
-201
43
-179
-127
-111
211
-119
109
134
110
-72
-154
78
151
-40
76
24
-137
217
136
6
37
-83
-31
-74
-247
-14
-21
-115
-61
-93
-73
36
-18
-162
-70
2
-127
-87
15
-250
20
-27
-86
98
323
176
17
-7
-110
93
-135
254
-46
-91
-106
-155
115
-36
123
-158
-131
-122
16
79
-69
28
-70
38
27
167
167
-51
-50
-141
119
-72
2
56
29
70
-10
44
-195
-21
162
-55
251
-50
78
-45
-312
-73
-200
192
6
38
100
-116
178
-12
-70
-66
-100
42
5
-46
-82
-289
-57
399
-228
-30
-98
20
