668885
-1047912
-329495
-731015
409566
-21159
-1355626
-132389
152606
1518035
677837
-6374
238825
156972
-295738
-147483
-179816
27930
-504265
-144049
37901
1148392
-305975
840127
351114
258301
118150
158291
1231112
-945054
-905673
-406273
-57889
164151
-124105
300889
6609
-845719
-18932
32325
-953188
-114094
575336
-220171
137656
1341748
31208
287198
-642177
-154249
-719041
294952
-968225
-432839
-866205
-1124863
-53698
-92973
-293955
-796905
-1199008
375536
247787
-56396
-16077
-109991
-90485
356013
-23839
-777099
-349864
-798966
-850373
477790
-103087
-89513
85926
-1471146
1135845
12767
112117
62956
4401
-615451
272015
265307
-20118
89620
41355
-129526
-80962
-199110
-78167
160647
-126826
1341367
-701914
-496913
989487
1527
1297349
-5124
-20909
-210253
666222
272835
83884
114020
-143708
298068
150041
261736
399675
-106234
181254
-777768
54442
-50306
-136940
-193531
24117
407025
7712
-47112
-993668
499718
-504478
-559451
543115
-429063
771669
243464
-667723
-578667
11723
-2596
-231680
-242914
-375204
157641
5265
-233997
-685513
254305
-185159
2418920
293052
196460
-46193
156225
-10143
-279503
-396861
-1048136
-352879
-523152
292209
-289442
-43709
-48434
-553545
130179
-546667
422523
380230
-996663
-99808
-147495
-895999
-267010
-228710
-61121
-989389
247835
-231005
360893
-735486
169721
550063
112379
-924055
72096
-165755
-286211
-115645
2542
167848
33294
-361270
-265895
251612
-676491
-217995
76334
-579145
-22858
51483
18381
137321
949508
-820626
-108584
370855
168495
272160
-691532
615948
231299
-281781
-71651
-157671
-589832
167559
-56084
-313286
-74430
-50135
236734
1343
538813
374892
-107736
71887
86576
1686795
-1200956
-369195
-6298
1430028
-279187
-890138
601028
-39449
-860331
-25869
241287
162587
-514591
573233
155988
-210605
-33959
-377110
495198
127683
-755822
-118023
-618932
-689818
-231244
139587
-145137
-157022
-54845
1318068
398093
