-605491
-39184
-980510
671937
-431294
-339840
-122534
926907
1584207
43350
-504306
-224752
1433936
-680290
537796
210033
-93753
1204952
-539094
-392827
889074
-353031
-324910
423731
-545191
280421
-746986
232186
319772
-261495
-268573
-599916
1130042
1410315
-386892
1356504
1129655
317416
-408280
-624839
-447867
-1058120
100633
157314
675040
783557
1454696
-183494
1191012
268599
-669856
1323714
272233
-9138
1020426
171437
-510555
-1104160
-711437
-391577
483630
-143546
-117117
-311744
-209139
-43019
977945
782485
223629
-1252365
-143746
-433275
-490152
1347044
4927
118771
1004227
-415393
-660239
952103
1325337
-1024058
-7039
250722
153069
1193662
1383633
-560361
83984
204974
1466966
-748838
-5681
1277384
-364755
1040551
-1213355
1910794
1615874
-783668
-731559
-104542
-200609
-451164
173727
-253194
111046
-1258521
1234471
-1091444
-121212
1740296
-719728
-813738
104417
-1690219
-394863
114183
-304316
173809
1450420
-712228
-770132
824563
116150
1186093
-353201
485265
