159
972
717
-248
607
928
-339
-78
464
207
476
276
296
535
348
133
219
232
403
779
513
384
668
485
78
232
99
-229
-243
-142
-409
-690
-324
-269
-452
-263
1821
283
-793
1268
-278
-799
823
-1207
-284
-472
-440
-124
-683
-735
-480
-485
-516
-218
-517
-525
-15
-438
-491
-412
-76
-492
-507
-357
-455
-147
-693
-971
-421
-472
-649
-283
-397
-544
-637
-692
-604
-123
767
1190
883
979
1197
445
361
218
-132
-263
-430
-282
-184
-205
-76
-698
-1049
-299
-556
-811
-487
13
-229
-193
-237
-632
-521
-299
-535
-371
-56
-74
122
-534
-711
-265
-354
-669
-437
247
472
375
284
645
550
27
229
313
98
234
138
278
742
506
208
575
449
428
378
153
-572
-853
-485
-762
-1060
-822
-294
-691
-335
-657
-795
-39
-431
-119
366
412
-71
-662
1222
542
-583
941
859
14
-303
-493
-286
-435
-537
-58
-410
-142
69
211
407
286
221
571
395
130
141
100
-483
-507
-208
-609
-664
-449
154
155
172
-170
-313
-158
-246
-371
-338
-197
-364
-175
576
331
-21
584
785
423
245
719
542
713
1060
571
424
190
-114
-227
-424
-447
-577
-208
136
-701
-1001
-456
-210
-846
-670
-520
-1217
-841
-794
424
973
-822
800
920
-753
-808
-792
1297
1408
1191
-566
-752
-394
-165
-160
-117
-325
-468
-305
-204
-370
-194
909
-246
-725
1188
-126
-848
763
15
-578
-298
-19
285
-861
-1053
-141
-427
-933
-516
-797
-978
-191
-544
-425
-229
-1073
-734
-327
-207
-153
4
-514
-1007
-610
-395
-730
-742
96
82
-32
154
-648
-789
-47
-861
-956
133
236
220
392
623
461
252
534
382
-258
19
-87
-1069
-1371
-555
1118
1597
1346
683
813
861
-1265
-1347
-1123
698
882
347
155
187
218
472
702
524
298
470
182
387
518
276
320
643
326
-22
141
78
-88
306
623
-152
485
1082
-41
163
948
-366
-673
-100
430
-360
-693
1084
1060
56
-555
-374
-37
-920
-965
-235
-576
-576
-150
-450
-354
191
-771
-499
214
-481
-253
148
1247
-272
-975
1424
-315
-1190
666
-282
-771
-704
-890
-615
-541
-565
-294
53
187
182
-359
-405
-389
-365
-721
-456
-192
-374
-337
436
1629
748
-515
111
-100
-742
-951
-858
-1451
978
929
-1349
281
1159
-1092
-782
217
-131
12
24
584
967
651
668
1086
777
737
1024
123
976
940
-267
264
-148
-418
-222
-259
-133
-368
-504
-237
-228
-341
-220
-158
-577
-511
-484
-827
-711
-364
-459
-328
-158
-180
53
228
596
526
389
774
553
-139
-193
-87
-409
-420
-217
-232
-293
-160
353
591
510
415
906
653
208
419
298
114
293
281
257
514
308
162
268
57
387
-195
-1094
549
-382
-1249
185
166
-770
200
365
265
440
689
318
304
474
198
205
351
193
394
670
464
177
288
191
-201
-232
-174
-312
-464
-220
-316
-384
-302
-990
-1437
-757
483
1317
606
-613
-621
-657
-268
-810
-647
85
-540
-789
425
236
-62
435
-2956
313
563
-1436
993
-47
-619
283
36
-549
-357
-151
-1192
-833
-75
-549
-376
331
602
189
418
772
375
325
505
388
-105
-261
-170
-363
-686
-502
-307
-548
-346
-318
-401
-267
-432
-705
-556
-272
-427
-266
406
441
273
461
544
388
125
191
199
266
234
8
732
927
428
584
765
470
448
1146
-627
1141
1045
-956
841
21
-422
21
252
174
407
757
508
248
483
175
-926
-1571
-1208
1147
1341
603
1481
1751
1162
704
396
-352
876
663
-300
320
516
107
-260
-498
-392
-411
-513
-423
-794
-1107
-345
153
285
248
-427
-515
-232
-491
-893
-532
-420
-612
369
-647
100
1266
-349
622
1397
378
593
251
445
875
559
131
513
376
122
238
157
396
605
336
268
463
234
427
-141
-525
922
471
-403
627
820
189
-370
-315
-299
192
551
-109
836
1181
341
466
612
307
559
790
236
323
341
92
-449
-578
-56
-871
-1003
-380
-533
-581
-272
330
497
303
422
647
357
115
244
245
-265
-411
-159
-372
-622
-293
-203
-279
-157
122
-370
-497
1222
-279
-1081
707
-139
-1011
-285
-816
-459
-424
-865
-500
1022
1535
679
-250
-483
-220
190
572
-193
712
1172
709
441
662
400
428
815
509
93
307
285
307
577
400
500
614
369
149
155
115
57
89
-88
-472
-347
-398
-690
-662
-466
163
563
340
378
780
416
266
399
59
187
198
-32
541
637
164
378
466
267
271
305
207
341
637
322
260
306
203
-461
-716
126
-682
259
1239
-89
993
1194
745
-1874
-947
-917
-783
1301
-605
1157
2012
99
20
36
333
662
207
216
546
473
1403
1800
1257
-443
-1542
-528
-483
-341
-446
865
1038
426
776
625
53
-63
-317
-311
-506
-504
-457
947
1715
892
-866
-1458
-570
-119
-267
-4
-244
-353
-250
-399
-492
-336
1044
-220
-865
1751
-60
-975
649
-182
-268
362
686
398
-58
1010
1204
-389
362
864
398
886
104
798
1034
30
296
195
-257
-825
-887
-628
1532
1669
1103
-712
-932
-357
-22
600
635
421
970
621
388
448
34
-369
-587
-439
1227
1835
994
-534
-692
-325
-635
-923
-505
-131
-510
-235
359
727
401
-420
-539
-482
-404
-748
-652
-91
-402
-297
-186
-202
-174
387
649
229
495
800
567
-206
-868
-606
-804
-792
1
-304
87
584
-340
-517
-221
-542
-782
-391
-253
-457
-219
173
627
659
-186
476
893
-622
-218
440
479
809
108
327
1125
621
-886
-456
35
226
178
45
390
405
169
274
378
333
-285
-461
-196
-478
-743
-461
-263
-320
-219
-68
1330
1553
339
1601
1213
166
296
15
-359
-900
-632
378
499
135
1270
1362
414
239
400
273
289
571
391
39
83
143
-150
-355
-197
-454
-742
-104
-399
-391
121
-530
-613
-108
-530
-869
-124
-16
-311
-38
-38
-211
-124
-170
-384
-308
-163
-257
-213
-89
-251
-216
-257
-490
-388
-168
-334
-209
-350
-371
-344
53
36
-62
886
1372
975
-153
-138
-107
-452
-890
-495
-456
-689
-403
206
332
103
401
603
288
283
360
192
35
204
259
380
652
535
449
508
450
83
349
286
329
569
392
289
421
173
223
342
153
568
890
329
471
689
329
294
446
135
462
711
320
249
393
331
685
-2110
1273
1593
-2041
589
886
-751
-95
-394
-699
-406
-597
-878
-637
-412
-362
-292
129
-380
-749
316
-280
-741
262
-4
-189
-972
-377
-257
-730
-449
-488
-474
-503
-213
443
803
376
635
829
342
337
432
161
-952
-1403
-483
-564
-306
369
835
1361
1001
-136
-145
-13
-429
-673
-247
-387
-672
-324
353
145
-153
754
825
-14
253
672
369
-246
-459
-333
-408
-666
-522
-146
-248
-100
-1370
-693
-207
273
1841
1287
-522
77
-119
-630
-628
-593
-356
-672
-414
140
13
-67
267
399
210
406
453
265
198
200
161
-199
-308
-215
-331
-470
-351
-185
-277
-203
424
699
375
492
687
265
68
85
-62
-446
-535
-157
-703
-657
-258
-234
-262
-218
-306
-513
-252
-463
-813
-402
-261
-404
-151
239
417
362
214
601
446
31
314
310
1301
1647
673
-148
-1281
-871
-115
-231
-36
-368
-352
-111
-356
-564
-242
-206
-245
-83
-1103
-173
1800
-641
-346
1405
-225
-148
334
-374
-538
-457
-211
-434
-461
-239
-457
-554
-163
-373
-332
-385
-725
-622
-306
-509
-314
-801
-765
-712
1146
1316
1071
-311
-781
-471
304
491
417
287
637
387
186
319
149
-408
-33
654
-336
753
1009
140
793
425
-197
-303
-246
-305
-461
-331
-193
-330
-258
-394
-724
-276
-156
-523
-561
181
-64
-287
396
655
402
444
727
455
144
222
110
709
1118
786
-186
-76
266
-384
-618
-348
-250
-838
-182
-452
-770
-538
-440
-558
-198
748
-29
-597
1087
1066
66
45
705
470
-244
-1278
-842
-228
-307
-264
693
1316
250
-57
-85
-192
-532
-637
-527
-461
-613
-206
-371
525
525
-283
641
749
-105
212
399
-472
-431
-276
-739
-986
-613
-548
-733
-459
-362
-542
-383
-649
-779
-596
-388
-474
-339
717
959
325
592
327
42
-225
-798
-455
-780
48
585
-943
-249
1147
-624
-370
802
564
1060
600
-350
-451
-89
-1033
-1615
-759
183
459
302
721
905
374
429
461
272
-663
-62
568
-590
344
984
-385
410
584
-5
323
275
111
603
660
173
459
472
866
1540
859
-346
-838
-181
-844
-1115
-375
-226
-509
-235
-311
-771
-461
-182
-333
-304
-661
-1093
-561
-265
-251
65
893
1131
678
246
468
305
468
689
410
441
540
133
354
421
200
368
667
361
133
275
181
-452
-873
-575
-703
-818
-343
-227
-94
86
-571
-74
371
-1295
132
1101
-660
10
678
679
884
203
624
721
81
287
123
39
447
244
-194
709
543
-102
514
525
141
-44
26
-134
930
1057
93
1125
1854
448
379
668
464
568
899
604
159
115
219
-529
-384
-309
-628
-664
-506
-349
-518
-511
-337
-450
-154
-609
-825
-216
-454
-487
-155
-530
-384
260
-414
744
1007
354
1158
755
-75
-388
-317
-138
-609
-569
-49
-314
-229
475
509
-107
804
657
-300
304
299
-38
505
758
226
431
779
305
-20
111
161
-412
-273
-109
-457
-551
-263
-284
-424
-303
-237
-431
-234
-507
-742
-399
-261
-457
-232
-323
-469
-374
-448
-683
-501
-450
-466
-92
-350
-851
-587
-278
-745
-677
23
24
-99
546
784
317
495
921
546
214
546
399
-83
-477
-524
-484
-565
-772
-157
-433
-331
-522
-1465
-336
-165
-697
12
-79
-246
-537
1701
1402
-381
595
-200
-273
-598
-858
-240
31
-149
423
-322
-579
-332
-280
-746
-673
253
665
530
383
958
678
117
386
281
81
302
316
195
511
488
108
342
115
138
-387
-114
273
-370
-1010
172
-1109
-1077
757
1254
871
518
727
494
-239
-547
-143
-319
-402
-168
-411
-598
-256
-245
-233
-209
21
495
169
469
507
390
639
632
151
126
327
465
509
904
571
370
529
143
-882
500
1541
-734
-2156
622
1056
-760
-82
413
723
470
762
1250
973
460
734
534
-187
174
334
-864
-602
43
-981
-849
-101
264
221
-5
466
639
316
557
738
245
30
255
141
-528
-726
-235
-578
-814
-409
215
380
305
554
836
637
278
457
319
-601
-1058
-775
-492
-121
-442
-457
-882
-281
-514
-687
-255
-822
-767
-133
-459
-478
-22
254
653
243
794
825
143
600
465
-227
753
580
154
143
-681
-470
-585
-1305
-353
481
731
552
745
1266
1027
489
823
629
419
605
573
151
739
653
-79
216
268
317
1541
837
-816
138
496
-249
-446
-62
295
399
246
395
640
415
154
389
320
-670
-953
-1130
981
51
-581
1139
902
-43
-376
-728
330
-625
-1068
-94
-331
-932
-764
-19
56
2
-352
-618
-259
-340
-519
-360
-414
-605
-256
931
1414
456
56
-216
-175
-603
70
-333
-1333
-1494
-1287
1630
1753
1033
547
505
-42
716
445
-48
280
146
-89
347
629
343
544
854
493
276
383
263
-402
-524
-127
-511
-812
-316
-239
-359
-153
-435
-692
-498
-515
-696
-307
-31
91
102
-488
-176
-170
-694
-793
-704
-103
-858
-904
701
985
342
513
469
59
-184
-481
-313
-389
-580
-535
-525
-560
-599
-139
-506
-454
44
327
204
637
740
505
1200
1175
164
1250
-296
-1054
-436
-1153
133
-1593
-44
1861
-335
-314
329
-687
415
1061
-171
877
887
336
615
446
518
696
417
140
109
68
946
1508
457
-1151
-2181
-1187
666
949
363
331
454
363
297
402
413
-23
107
45
-15
357
205
-464
-835
-496
-725
-1040
-595
-562
-415
-605
33
-499
-406
-365
-619
-126
271
365
247
532
731
399
373
447
310
1178
1182
411
41
93
65
-490
-752
-348
-234
-346
-206
-301
-543
-328
-243
-257
-235
-565
-668
-445
-402
-328
-545
-301
-417
-871
-735
-472
42
-1052
723
1858
67
939
1961
130
740
614
161
931
784
-139
205
49
-494
-262
99
-314
347
553
392
653
491
194
437
215
52
622
553
-72
234
358
-612
-228
-803
-715
-183
-428
-504
-495
-357
315
-814
-1160
382
-634
-699
-453
-798
-852
364
538
391
600
862
584
264
466
274
-339
-508
-305
-119
-997
-827
-137
-582
-666
-514
980
1744
-1033
520
1244
-402
78
425
-143
-378
-263
-364
-681
-447
-258
-446
-243
-403
553
844
-348
1159
1187
-32
508
324
-526
-432
258
-1194
270
667
-332
966
812
-113
248
306
105
547
475
117
487
337
371
302
8
512
692
143
309
488
140
291
655
387
212
652
467
-20
89
57
