709
324
744
293
-608
244
468
313
-145
721
688
482
285
750
842
965
651
884
255
594
-670
814
345
329
446
-22
623
-123
-309
470
605
111
420
693
601
882
889
661
197
334
-72
-35
260
302
845
495
-52
201
309
593
-13
683
369
418
532
360
-71
556
707
371
-431
-636
601
469
438
923
672
486
296
38
326
707
800
-747
78
597
-98
-93
601
489
483
495
913
149
409
516
547
-358
500
668
308
404
451
450
479
-349
494
1214
-705
774
-318
635
-445
506
408
-9
262
1221
478
-353
166
522
-159
461
826
188
389
744
441
355
746
613
328
35
265
551
358
402
455
597
342
604
203
746
362
135
246
617
319
68
905
475
267
429
844
574
650
1250
706
566
550
180
326
434
837
900
545
476
939
-712
480
302
301
499
398
523
608
753
745
689
498
898
263
563
528
766
465
224
408
-330
260
339
-9
743
92
302
664
303
1049
109
-700
491
-485
13
-296
397
486
728
680
-159
397
487
513
576
283
683
186
601
-172
322
387
546
962
596
846
433
544
302
-517
111
524
717
630
-180
278
534
387
412
1004
357
992
-81
270
740
601
308
598
332
318
268
336
194
340
847
136
519
167
89
626
1001
718
408
1077
936
774
365
