-14
42
-67
16
-26
14
60
53
37
39
-45
134
-2
-5
41
49
6
59
24
-2
-29
-5
52
26
20
3
76
-11
6
-18
42
-6
57
-20
9
-76
73
8
-16
71
-27
-28
22
-60
-2
-72
22
4
-59
5
16
77
-36
17
-53
-78
44
-10
50
25
-62
8
0
6
-10
39
3
17
3
60
-22
-36
6
42
-5
-1
-9
-22
-3
-2
-46
5
-21
3
-1
29
15
2
4
20
27
8
21
2
-33
-3
28
-11
20
27
39
5
22
10
2
20
-1
30
38
7
-34
-5
-3
-17
-20
3
-4
-15
27
-8
35
1
-13
-19
1
-20
-44
-9
3
-38
-42
-14
65
51
11
-11
28
119
-39
-24
15
85
-99
31
50
-39
-50
-4
17
-17
8
-5
-72
62
13
11
85
115
-22
-38
-63
71
54
132
-7
-20
-30
71
-38
11
76
-18
-7
-14
35
-2
16
42
70
-45
62
-10
90
59
57
40
-12
28
25
-35
-78
-18
1
15
4
-6
-9
-18
-18
5
10
-11
-4
-4
3
3
-7
10
7
0
-11
-14
-15
29
21
2
-7
15
-26
14
6
16
-1
-11
9
-1
-8
35
18
4
15
2
21
-10
-13
-8
13
15
-37
5
5
-8
-6
16
9
8
12
11
-23
-10
-14
-5
31
-6
3
-13
-52
31
4
-38
-20
-77
-3
27
-4
-7
24
-11
-21
39
-47
18
-15
-1
6
4
-85
-2
58
-22
61
-19
-18
53
42
44
-57
23
21
-3
44
10
-50
-19
-83
7
-19
-13
1
-116
-9
33
29
27
0
6
68
-20
42
-8
-17
-23
-20
19
11
-15
-7
50
15
57
-26
33
21
-18
30
-23
41
-14
-29
21
5
0
-5
-25
22
13
-28
12
3
-36
59
-22
18
4
34
8
-16
-17
3
21
61
7
-28
15
-7
7
-3
4
-35
3
21
-5
29
66
44
37
-22
-10
7
15
3
6
28
-24
-44
11
-7
-53
-4
27
-2
42
-23
0
20
81
-35
-49
-1
-23
72
17
-6
5
13
32
26
-22
-24
35
-29
-25
64
17
88
-20
-2
20
-24
16
-37
-83
60
-25
-2
65
-110
-70
86
-6
-7
1
-28
-43
-2
35
27
-7
53
20
48
-12
44
14
11
-36
13
33
-91
-27
-2
-38
27
53
47
76
39
-20
-41
28
-1
-11
-31
-38
39
15
-9
-8
-25
25
-65
-41
7
-31
12
-57
-24
24
38
-23
-33
-3
17
10
-27
-22
11
41
-26
8
-11
1
35
36
41
8
26
6
-6
51
11
22
21
-16
50
-30
-29
-20
28
1
-25
11
15
14
-46
37
34
55
36
-3
-39
5
17
-8
-3
14
16
-4
-18
8
4
26
-2
15
36
-35
-3
13
7
-21
-20
-19
8
55
18
3
-39
21
3
-6
-23
28
-32
-31
41
-25
-37
-2
4
26
26
13
-17
-5
27
22
-8
10
-5
-11
-7
-18
-3
-23
-15
9
24
4
24
16
-12
-26
-21
-30
10
14
-19
-16
55
5
11
-9
-28
-25
1
50
-18
62
-30
-27
59
64
33
45
17
-12
74
-11
-6
-2
-41
-32
-14
-41
-30
-5
15
-5
-50
34
-4
-30
-16
4
28
-14
-17
-17
12
9
0
-54
-22
42
-13
105
29
-70
-53
-7
-90
-51
-12
42
-63
51
-10
-9
8
-14
1
-15
-15
-19
-35
-20
14
13
4
-1
-21
-3
-2
-14
19
-9
-16
2
4
-6
19
8
-6
-3
-13
-15
1
-4
15
7
15
12
-5
22
15
5
23
4
19
-34
-21
13
4
-4
-13
27
-16
15
-1
-20
-6
22
-12
-13
27
27
-20
25
14
19
-8
13
8
-15
-41
-22
-40
-15
59
-15
3
-103
16
68
-84
-20
59
-12
15
-8
27
-16
-55
39
-11
22
-26
19
-111
64
82
-41
59
110
-63
44
57
-23
-13
-51
-8
39
26
-59
-54
-30
-6
-66
-21
36
-127
31
20
5
15
-23
44
-72
-57
-12
-60
5
22
15
98
-44
32
16
-1
3
-16
-22
20
-11
16
-5
-8
5
9
-6
14
18
-5
42
-2
11
17
-13
1
14
-25
2
38
13
0
-15
-12
-11
9
9
-26
-35
19
-8
8
3
0
-3
29
2
-13
2
1
8
-3
14
-6
19
12
10
-17
3
17
-11
39
-29
-27
-1
-13
19
-9
-23
-13
-22
-7
-8
-8
4
19
37
-22
-5
25
19
17
19
15
-4
8
20
-17
49
4
-13
15
37
-19
45
27
-37
52
25
-20
-29
28
-19
-5
41
38
7
19
9
-39
-23
-10
0
-32
22
-1
9
32
8
-68
32
-41
13
40
-17
-18
-16
-31
-4
-8
-78
22
-15
-4
-14
-64
26
6
-32
-63
13
5
-26
83
52
-21
19
-28
-44
-6
-2
-13
14
-61
2
-13
-5
56
8
4
-13
35
-11
63
-49
5
18
-9
5
-54
13
-61
14
-46
-2
-33
34
-67
-10
-7
9
25
28
-7
6
-12
9
-1
-45
-19
-3
0
-44
-42
-22
35
9
7
-31
-17
-31
12
-1
34
8
6
-35
34
15
-11
-17
1
42
-32
-55
-1
-39
42
-22
-5
15
-5
-38
27
-26
5
-5
-16
-9
-14
-8
-8
-8
5
-48
22
15
-20
12
26
5
29
4
2
1
-59
-20
21
49
12
-29
64
4
10
24
-6
-11
-33
11
36
-10
22
-2
-13
15
-3
25
7
17
12
-73
-15
4
-12
0
-31
-18
8
44
25
11
26
-59
-12
-6
-50
-12
11
44
11
-17
48
-12
-18
-6
-64
-16
8
5
-26
-30
20
40
45
21
-11
45
-6
27
-31
8
-54
-1
2
-23
32
-10
-26
-13
-47
16
24
-20
43
-9
-59
-20
-71
7
-39
16
-26
25
-6
39
11
-97
34
-69
76
-70
-11
49
47
-28
-11
-17
-13
13
8
4
-12
-1
-16
-55
-46
-24
2
8
39
-100
-2
-2
55
-33
18
71
-2
-80
25
-3
32
18
53
-6
-15
10
33
-29
53
32
-58
55
-12
40
4
2
58
-82
-37
-78
-1
-21
51
12
-61
13
31
61
44
37
4
23
62
2
15
-30
31
45
-20
-11
-26
46
-51
16
-41
-51
23
-10
19
-48
-29
46
-17
-141
0
27
84
-40
-28
-17
74
22
-21
-86
-1
-42
13
84
66
0
9
-10
-12
-46
-55
-2
-5
10
-68
30
33
5
13
14
-19
9
6
-8
-49
62
54
27
31
8
0
29
31
-4
13
0
-24
40
51
-19
7
11
-65
-63
-48
-20
34
-50
-66
4
-53
61
-82
-50
-44
42
5
-38
37
28
65
78
45
-20
6
32
36
46
66
-54
18
-29
8
-11
-23
101
33
38
-24
12
-34
61
21
-21
-32
-14
-44
-30
12
42
14
-26
23
-48
65
-2
32
70
-2
-22
-12
80
3
-8
4
-4
-43
8
-45
4
37
10
17
-36
34
0
41
35
40
-2
72
20
9
14
-9
-3
-63
3
-23
-8
1
-14
45
51
11
23
39
-4
-16
14
2
29
40
57
51
-21
28
-52
-6
-73
-48
-55
51
7
-4
66
-33
-13
-27
49
55
-5
4
13
-10
41
-46
-57
-89
7
-10
68
41
5
-21
32
-29
-41
-50
-24
50
88
-14
-50
66
9
46
-31
-40
-21
1
-44
-16
0
-82
-78
-25
21
14
39
84
41
-33
2
52
33
90
27
13
15
-18
32
-14
19
27
22
34
-10
12
-15
-27
-43
-20
28
-8
-2
8
10
-26
14
-11
-4
-4
12
-10
26
-8
12
36
-5
6
7
-78
-7
-43
-4
-34
-10
30
8
38
18
31
7
8
-25
40
-6
-8
0
22
7
21
51
-39
-79
-8
-11
43
7
-23
-1
-36
-18
-10
-19
38
30
-21
24
27
4
-29
-28
2
-2
-23
3
-7
-4
6
45
-37
20
-19
22
0
27
24
-10
4
-15
53
-12
3
-8
-21
15
-27
26
8
-13
-40
34
24
33
-28
21
-2
-24
-46
42
0
27
-9
-21
-41
11
-17
-3
-10
-5
-1
-24
8
16
-19
36
25
-16
-11
11
23
59
15
53
2
37
-71
-42
-14
52
21
24
-72
5
53
15
-57
6
-10
68
-25
-1
3
-28
51
28
-19
6
-15
26
37
15
-32
-13
27
9
6
10
-35
14
9
-56
1
28
-26
65
20
-38
15
-40
-2
39
-13
32
-45
-41
-53
87
7
-24
-8
11
-3
-5
4
-12
18
0
12
-10
11
11
-15
-23
14
2
-6
37
28
-1
17
0
-7
-22
-7
3
10
-18
2
-15
-29
47
-52
-13
31
-43
-1
-19
0
3
-4
27
-8
0
-36
-5
-7
8
-6
16
-34
3
-54
-4
6
-12
27
0
-6
18
-19
0
3
26
29
-36
-95
17
37
-19
39
-8
11
-27
-33
30
83
36
71
54
26
4
-36
30
49
-34
-13
69
-27
2
-19
12
46
5
-3
-26
-19
-4
-8
-52
15
61
-73
-39
50
17
18
-26
-39
-48
38
12
-34
-5
81
-26
-9
-59
19
-41
45
-14
25
-29
-13
36
15
31
10
19
-5
3
-27
-13
-2
-11
-19
7
20
-18
19
-16
-37
-12
-8
-10
-17
-2
-6
-2
28
15
12
-9
-14
-9
-2
13
-11
9
-7
-6
16
21
-16
19
7
-11
-18
-18
4
14
-33
24
-19
-5
33
-23
6
23
28
-2
-5
-16
-29
-17
5
13
-1
-17
-11
-8
-33
-6
2
2
-13
-24
-36
8
-12
44
-34
9
14
26
42
23
33
-45
-12
30
27
-9
40
9
40
-14
-9
-40
9
-20
17
-1
4
-84
22
-43
-21
16
0
-20
37
19
21
9
-1
-10
30
16
16
-8
-12
3
-1
-35
10
-16
-15
15
-27
-11
3
-30
5
-28
-18
-58
-1
10
6
-19
-10
35
-2
16
-16
18
0
4
12
0
15
27
6
16
-34
-19
40
6
-36
66
5
-32
-58
-19
-18
-43
21
39
19
15
51
-38
-17
16
-10
-39
0
-9
-40
51
-42
20
-25
-26
-17
28
-43
3
9
48
-96
1
-60
-14
-18
10
17
-31
-25
-35
-84
-19
13
-68
0
24
-28
30
-11
-45
-52
25
8
-4
10
-9
42
-23
-35
10
77
4
0
-25
-2
17
-3
-12
10
-56
-18
-19
15
15
15
17
25
-9
3
22
24
31
43
-20
8
51
13
67
5
17
1
-34
-65
-21
-37
34
-16
41
44
27
-34
-7
64
8
-30
69
17
-10
-42
41
5
51
9
-30
23
-18
-56
13
-5
44
-47
-12
39
-31
80
-7
69
-44
-121
-26
-1
-10
-7
26
-27
-58
13
15
12
24
39
-13
-13
54
-12
-4
4
-56
-1
-12
-15
-25
-5
-85
47
-28
-63
-12
37
49
-33
-35
24
-26
-29
-36
-3
-109
-20
-65
-27
35
-43
69
8
134
1
-72
31
-2
61
13
-31
-9
-104
-39
41
34
2
15
-3
38
28
61
-44
84
-41
-32
-27
-5
-35
9
99
-11
24
35
-29
41
-46
-5
16
48
62
7
-11
-31
69
-54
-100
88
90
-1
-25
41
-17
8
5
-16
57
41
-24
-45
-10
-9
-18
5
30
-24
58
-21
24
19
-2
-33
45
2
-47
48
-11
-24
20
12
-6
-2
-25
13
-5
16
32
19
-39
-32
-32
-12
44
26
45
-6
45
48
34
51
7
-2
62
-70
9
-20
-13
-1
-31
-24
-50
-33
33
15
-52
-13
38
82
37
-9
32
30
34
-7
4
-59
20
-46
31
51
9
50
-3
40
27
18
23
15
16
18
-16
-56
41
36
50
-10
72
-1
-26
-50
72
47
24
-28
9
23
18
58
-14
17
36
17
61
13
42
-9
26
-22
24
14
-57
-42
-31
-16
52
-35
109
88
-23
-82
88
12
-7
71
50
57
28
29
56
55
34
107
42
93
-30
39
-141
-5
-130
11
-2
51
85
-21
9
33
-60
-76
18
-49
-37
27
-93
-10
17
8
56
25
-68
23
3
-20
-9
-44
25
41
50
-37
94
-55
23
-68
22
9
72
50
38
-39
96
67
-95
95
76
112
81
51
70
22
-10
-9
-29
14
36
-5
27
-21
3
-47
-35
-33
-1
18
-24
-12
33
8
-2
35
-16
9
-3
18
-3
-32
36
-13
-1
-32
-4
-20
9
5
-14
7
-34
23
29
-27
-18
1
2
7
-52
26
23
30
23
4
-25
-51
-9
-4
-37
-10
-12
13
27
0
-5
33
-32
31
1
-7
-44
-16
35
2
-17
30
-47
10
29
-9
23
-36
34
-36
18
-1
11
19
-9
13
-21
18
14
-17
-37
-37
24
23
-8
-4
-4
-23
59
-4
-33
-18
-44
6
-10
-43
-33
7
-5
-39
12
27
-6
-11
23
-22
-31
-31
-48
19
28
32
-12
-28
-5
24
10
-15
8
11
6
-4
15
27
-25
38
-6
-4
27
16
-2
-61
-27
-18
22
34
-4
19
-34
3
36
17
34
1
-42
-12
-20
23
24
-30
-34
20
15
47
-9
29
22
25
30
-21
-21
24
38
-18
31
-48
-23
12
5
11
26
6
44
-13
-33
-17
-19
10
22
26
-29
-28
-10
10
-24
21
-8
1
19
-6
49
4
-12
-28
-25
-14
-59
-21
31
-12
0
37
-3
37
-3
-54
51
8
-3
23
11
-13
-17
5
17
1
0
9
27
-16
53
-38
-13
-6
-62
-5
6
16
-22
-12
12
18
69
-20
17
9
-26
1
-60
19
22
17
2
32
3
14
-23
26
58
-36
-41
-22
-45
-7
-22
22
50
34
9
58
38
39
8
-44
-40
9
24
-53
66
-35
0
-29
71
-1
-6
43
-44
-30
79
-17
-3
-22
-36
-4
36
-25
-3
-63
-22
-14
10
3
-62
29
-39
-16
-14
-59
-35
-30
-33
-29
-35
80
-11
-48
-18
20
-15
30
21
51
-37
60
6
4
-38
0
29
82
-9
28
-15
7
-41
-17
-57
37
29
103
-56
-15
-56
-2
44
1
-10
-19
-33
-36
-33
-30
-81
-67
25
25
17
9
25
-8
-45
72
27
4
21
16
43
-49
12
-2
71
-91
-37
-27
19
-48
131
34
8
-57
40
7
-20
-37
-13
9
6
14
-1
-15
-6
-13
20
2
-2
-22
2
-2
-8
-23
-8
-6
20
-10
6
22
-5
9
1
2
-5
11
8
7
-8
0
-18
-7
10
-9
9
1
5
-5
-4
3
16
-12
-3
-13
-8
4
2
-16
-10
-2
-13
8
-3
7
1
13
23
-33
4
-3
-3
-29
14
-7
8
-17
-33
-3
11
-1
15
9
21
-25
-1
0
64
11
9
-13
15
-28
-1
33
-21
-6
24
-4
-40
-3
27
11
10
-22
4
-34
0
-32
10
-12
-3
-32
7
-32
-23
-26
-13
7
-7
12
-16
12
17
-14
16
-6
9
6
55
13
-33
8
-31
-13
-17
-11
31
-15
-9
21
13
-41
10
-14
85
-35
-34
99
-9
9
-57
44
6
39
-31
69
12
37
-28
7
4
40
-6
23
-36
-12
19
12
-7
-27
-75
24
8
-4
33
53
19
8
54
-1
-12
7
-9
-25
-6
-6
-46
34
12
-51
-35
-58
10
-6
-49
64
2
11
-49
-3
19
15
2
-32
-10
18
-45
-8
-24
27
13
38
-39
7
1
-22
48
-12
10
5
28
-2
5
10
0
4
-12
3
-32
-8
-23
32
5
8
37
-27
6
19
13
9
37
-10
10
38
2
15
2
17
12
-17
-28
10
16
-20
63
-31
0
6
4
-19
-15
32
35
24
48
-3
-1
60
85
-10
18
45
-7
-16
-1
-49
-5
-70
-8
-23
-7
2
-22
26
15
4
-13
-13
1
-20
-21
31
-8
-26
3
-46
4
12
-13
-47
49
27
-28
-36
33
-7
-30
-60
-36
-55
47
85
-40
-11
17
-35
0
33
-7
-10
-19
-8
30
-16
-21
-18
-17
12
4
-56
-91
43
-61
-3
-50
13
-25
9
32
21
22
-3
-27
37
-11
29
-2
110
-43
73
-12
-2
1
-1
-27
-8
-55
16
-33
24
4
33
20
36
-16
0
-17
-16
-19
-128
-42
-11
-50
-113
21
0
5
-1
-2
-1
-173
44
-75
25
40
27
-60
82
-83
-10
6
123
-8
95
-81
40
35
87
-59
65
1
-30
-14
78
-33
-48
51
-41
5
19
-10
-32
-29
25
16
45
31
12
-48
38
-31
-27
-39
42
-46
38
26
-15
-7
-11
-5
-15
8
51
37
4
10
19
-32
4
-20
20
-30
41
6
54
-35
7
-6
-18
-83
-82
38
17
-3
-29
45
-42
2
39
-43
-30
40
17
3
-25
-64
-40
17
30
-5
26
19
21
-16
27
-70
-5
-5
31
-21
28
-12
-33
19
42
42
63
-41
4
2
-2
-41
15
-42
19
-28
0
26
-16
-26
18
21
5
-49
-45
-66
-10
24
1
2
-57
13
-26
-40
12
-11
-71
19
-17
-5
-6
-45
-10
-20
-88
-74
-26
58
-63
63
-48
4
-87
75
44
-114
50
27
197
1
0
50
3
-27
-13
21
2
47
-14
3
-31
-39
14
9
-82
-3
19
-43
-17
37
87
-4
30
87
35
-20
-58
-63
35
26
30
34
-1
-12
-9
-61
-42
17
-31
-53
3
39
28
-13
83
87
68
7
3
14
2
14
-7
20
16
-1
15
39
-56
-23
130
-51
-23
11
-48
12
22
-37
49
-15
-29
-20
47
3
7
-11
79
-47
48
49
69
16
-42
55
105
38
-17
-32
-11
24
3
55
-4
-28
-55
-11
16
-42
-8
99
9
0
-51
60
24
-9
23
-25
-40
-26
-21
-19
-30
-25
-13
-40
-17
33
-4
16
25
20
-37
24
-45
23
24
-30
37
-1
-33
65
30
-32
6
3
-41
-2
15
-17
47
66
16
-31
-28
-36
41
20
-28
-12
72
16
-23
-20
-8
18
11
-42
7
-6
15
-7
58
34
-24
-39
-6
29
-32
2
-57
52
-20
-30
-18
18
-42
-55
-39
-30
18
31
-38
45
10
31
-62
5
-51
43
59
-26
35
-68
34
82
48
-52
46
58
-120
-70
-24
-5
30
39
-44
-24
78
-76
0
-28
-25
46
40
27
-41
-2
-17
-50
45
-7
40
-65
-93
84
27
40
-47
-49
-39
18
-54
7
25
-6
-24
23
-19
-20
12
34
-56
-57
25
10
-4
25
-50
19
-60
53
20
-16
21
-19
23
24
6
-39
-67
44
-30
64
7
55
-2
-15
-4
22
58
38
-50
64
-9
-31
110
33
36
1
9
54
17
56
2
-33
-82
-62
13
-70
15
-52
-1
78
37
-38
19
-24
-19
15
-1
3
-18
17
-27
0
10
-4
7
-18
-42
30
-2
11
-17
-1
14
63
2
-14
-19
3
10
-9
-27
-17
1
3
10
-14
-8
-18
-8
35
-13
1
27
15
-21
-27
2
-7
11
-32
30
-10
-30
-3
13
-5
-37
-37
-1
-24
-15
23
-11
-3
-14
41
-4
-39
-40
22
-1
-10
5
-18
-12
23
-36
10
-24
9
-38
4
31
-15
16
-28
21
-16
-1
30
-7
5
-6
-21
-32
16
-15
-4
28
-4
1
32
-32
4
23
51
-39
-11
-5
-14
20
-17
15
-18
-21
0
1
-7
-3
-2
-9
64
16
17
-8
-21
-3
-12
-12
-15
15
1
26
-21
31
-21
12
87
23
-35
-79
7
-45
-16
-78
2
-26
23
-30
7
69
-12
-4
28
18
-31
-60
29
-6
-9
11
-24
53
6
18
13
-18
-131
12
54
-10
-14
131
37
-3
74
-11
8
-95
-32
-46
-3
94
73
31
-57
-36
-23
-36
26
65
-17
-12
-18
-116
-101
-6
-58
77
32
22
-22
-57
-7
-64
34
15
32
-12
40
123
-56
-50
-61
2
90
102
-61
81
86
-79
-61
-46
7
-32
-50
-49
6
69
12
-2
-31
36
-48
10
-25
6
-90
-62
-54
-12
-16
12
-28
40
-15
2
4
17
36
-31
-17
-13
48
80
-3
56
-18
53
-43
-1
30
-47
0
-79
-47
7
-15
-31
8
37
-34
25
-15
-28
95
-49
39
-12
-9
48
39
-34
4
45
-32
3
-63
36
29
-10
-11
-14
-26
50
22
-63
27
-9
-22
9
16
18
43
-10
49
-19
12
-60
-24
4
33
28
-38
-25
-60
75
49
21
-1
-33
56
7
5
7
105
82
-19
-33
-16
-26
25
35
-27
-11
-13
15
44
12
-21
39
28
-17
23
-5
-15
-13
-26
-68
22
2
1
16
-45
64
-40
-44
-4
20
-29
-34
21
32
-2
28
22
-17
21
-15
-7
23
-44
31
-14
-21
20
32
2
-24
33
-13
-59
-43
27
-26
15
-28
-13
0
-8
52
-13
-2
3
11
0
10
-7
50
27
5
-37
-9
2
1
2
26
12
-26
-5
3
-19
7
21
43
-2
-9
-6
5
-4
-1
22
-11
42
8
-4
15
-1
17
28
1
-21
-18
14
-27
3
4
-25
-32
-21
-10
9
-22
13
-12
-15
8
-4
38
-8
-28
31
-12
-8
-2
20
-18
-7
13
20
12
16
33
14
33
-12
6
10
5
15
-17
-9
3
12
0
11
10
-10
-18
1
-14
11
10
31
1
-19
-16
-22
4
-19
0
-4
-15
-1
67
-7
8
-9
-25
-31
-39
-3
42
-14
-23
-19
0
-21
2
20
21
27
34
-8
-20
7
27
12
8
-30
-10
-32
-39
-66
8
146
84
0
4
12
-62
2
41
4
-14
-22
-6
82
0
-22
45
35
-5
28
-49
-21
-14
17
20
-4
-59
-54
-38
-7
63
-8
-21
-11
-15
-46
-53
-15
34
-34
-57
0
35
28
89
48
-57
-38
15
26
-14
-43
18
-15
21
-2
-64
-73
36
-40
-19
-15
0
3
5
5
-16
-18
21
39
14
-28
1
6
31
-10
7
-21
-9
1
-49
15
7
-35
-32
59
39
-18
-17
-24
72
28
-36
-6
32
36
11
17
-22
20
33
-32
-37
1
-44
-48
19
-42
-29
-12
-27
-13
-17
5
3
-8
-3
-3
-15
44
-59
-9
-1
-30
33
19
4
-7
17
-27
5
-30
21
1
9
34
-10
-4
-3
13
-7
15
-12
3
-22
-4
-12
19
-33
0
-19
18
-14
-24
-6
49
38
-6
18
3
9
-6
15
-28
-11
-12
-29
-26
-10
2
2
4
-6
21
-44
-34
-4
-3
-45
-2
-9
-38
-30
20
-51
11
45
-122
-30
57
-60
-9
0
-45
12
-49
7
-59
-23
13
40
-99
30
18
135
-115
36
40
24
-47
31
54
9
-16
110
10
-23
-16
-46
-27
19
28
117
32
-54
-53
117
-43
-18
-2
31
18
-33
32
8
-44
-113
-54
32
-53
-25
16
-11
17
1
-26
22
25
61
-94
-27
40
-24
10
20
47
4
-24
-11
3
19
-44
22
-10
-26
-2
28
-5
41
44
-4
13
1
-26
23
19
-15
-8
16
6
-2
-25
-23
41
-9
-7
22
-40
-33
0
-36
-7
62
-22
3
-56
2
21
41
8
44
6
42
26
10
10
-27
-19
2
32
27
19
8
-7
12
-22
22
21
-28
4
17
33
-19
53
19
26
2
14
-55
4
39
-29
51
-5
-8
27
-13
-16
-12
-13
12
9
26
-19
38
-9
41
-17
12
-19
18
-1
-2
30
-28
65
29
0
-3
-9
-34
-13
4
-22
12
35
-41
-10
3
21
-20
17
-23
17
23
-27
-58
11
10
18
104
12
17
-4
-11
10
39
31
-44
-14
-76
-84
97
-7
-16
-19
-112
-72
-40
2
46
8
-5
-21
-6
-60
-27
-37
-19
58
-43
45
27
-31
-5
-39
-69
35
-17
4
-54
24
-27
-36
31
54
61
20
-17
-51
90
0
27
-3
36
-33
-26
6
4
-54
4
0
26
-13
0
-38
30
0
-29
-19
-15
-1
-6
3
-38
-26
19
1
-24
-3
-24
11
15
44
20
-18
-3
19
-42
11
-2
27
-25
-31
24
7
42
26
-12
-52
71
-35
-54
-5
27
-37
9
4
46
13
34
-21
-6
-7
-9
3
-19
18
-32
60
21
11
-61
-3
23
13
-30
-46
26
-20
19
-7
-42
40
56
-13
-20
-21
27
2
-22
3
50
8
-8
-7
40
25
-7
-12
-16
-44
13
-16
30
39
8
-3
-28
54
17
16
42
34
-11
-5
63
-8
17
-28
-8
38
-44
-13
35
33
-19
-7
24
-13
-7
17
-7
-10
-33
-57
-26
16
-49
-17
-25
-73
34
78
5
-39
3
-9
-54
-25
-42
-101
27
-16
-57
-14
-55
72
127
-1
24
73
44
52
5
-50
46
-2
18
-31
4
-72
-41
-22
47
-19
-17
66
-22
-58
98
-13
86
36
-18
2
-54
-54
44
-32
47
61
4
-96
4
17
-81
-19
16
-25
6
-77
22
-19
15
20
9
11
9
10
-43
19
-26
-22
1
-28
-26
1
-9
-8
-6
17
-3
18
6
-32
3
14
-18
9
33
-83
37
-4
-47
0
29
-22
25
-4
8
-23
43
-14
2
7
10
-10
-6
-47
-20
-10
33
35
3
1
-32
-15
-21
-21
74
4
-19
1
6
7
-20
-23
11
-1
-38
-20
-37
10
79
1
-17
-47
55
15
-1
28
2
57
-5
27
-23
0
1
-4
28
-4
0
69
-13
-5
35
-43
56
43
-23
62
-35
58
-38
-1
37
32
-37
-49
42
8
18
16
-5
-86
5
-29
-112
55
-34
-20
54
-24
-43
-3
87
-23
-97
7
4
23
53
18
29
-48
-35
-33
-36
-19
24
34
-5
22
-16
12
43
-6
16
-22
-14
-7
51
35
-11
-33
5
32
26
-13
-18
11
27
7
-22
-17
2
-23
43
13
-7
26
-15
-29
23
35
-37
-58
-7
23
-2
-55
-38
6
-14
-16
14
-7
29
10
-2
30
59
5
34
-13
-9
-57
-22
-36
-20
40
-40
14
-15
45
-6
23
41
60
16
-1
-89
-32
-7
-4
-64
41
53
0
20
-31
22
63
-21
-3
3
-56
-36
-10
-95
-57
1
-35
51
-32
-6
24
-49
-68
64
-78
58
-25
59
29
16
-60
-3
6
-36
87
-15
14
-87
-2
-98
-9
10
47
9
-2
8
-2
9
6
22
-3
25
-5
5
-9
22
1
3
-23
-7
-20
-21
1
-9
7
7
-16
-7
-11
-19
-29
-10
3
-3
17
-2
-13
29
38
13
-7
-10
-34
22
-4
7
-4
-23
31
17
31
-7
10
10
-9
-3
4
8
-27
23
-10
-21
12
-2
-12
-29
-12
-22
1
-10
-77
-57
76
-44
-34
-85
27
80
-42
55
6
25
52
40
34
49
-39
-26
-43
-25
-51
19
-7
29
77
-48
2
140
11
4
10
29
84
-14
5
52
72
5
77
45
46
-56
-22
-106
-5
23
36
-6
-5
-33
-16
7
-36
45
-30
-68
89
30
-10
-57
-7
45
-3
-34
-13
-37
-15
-45
30
-12
-24
-15
12
-35
40
-74
16
-11
20
10
-23
-13
-1
-5
29
66
-78
14
5
-32
14
19
6
-53
15
-35
-28
6
10
-26
-12
-30
29
7
3
32
-60
-39
2
-18
4
42
-43
31
-13
-1
24
22
-21
-59
-4
0
29
-86
-33
-23
-43
18
-19
79
74
13
69
-48
-40
-18
-25
-24
-69
-6
-45
-23
-93
129
21
34
93
-5
-99
28
80
7
8
-40
71
-40
24
-23
-59
1
7
-21
44
8
27
7
11
-7
47
-6
21
-88
22
47
-47
26
80
-62
35
-18
-13
-42
-24
48
-32
-51
0
-37
47
-54
-7
-39
-5
32
-88
-112
51
-5
-27
-21
-26
-66
-41
-65
70
-14
-14
-61
38
57
-14
-72
-26
-24
-28
19
-123
-15
-6
3
21
-6
-53
-21
9
-36
43
48
33
-30
45
6
-21
-53
3
-37
-13
56
-24
-61
-41
55
34
34
-22
50
34
84
1
9
-26
-5
21
-1
16
36
-20
-46
24
92
17
-8
-14
21
45
-28
48
-55
-48
-30
-84
38
49
-47
16
-5
-24
-17
41
-36
23
-10
74
33
21
0
23
-64
20
-121
41
-18
40
-93
60
40
81
-29
-3
-34
-48
1
-16
-23
11
-79
-8
-1
73
-43
18
-34
-8
-96
13
-8
43
6
-24
-32
-36
-11
14
4
-3
-5
27
40
-9
20
-37
-13
27
-3
-30
25
19
10
1
40
-57
-34
-5
-16
11
-31
20
15
-4
9
-25
18
-22
15
4
8
-3
19
25
15
-5
-23
22
-18
18
-3
3
5
12
9
-51
2
-19
-6
1
-4
21
-36
-27
27
-26
-11
20
12
15
24
21
-4
-15
37
-31
29
-21
-74
-15
1
-28
-1
-32
-26
7
56
12
22
13
21
-26
-55
-14
31
5
-17
-21
4
22
-2
23
-6
4
28
-5
-17
-24
5
30
16
0
3
6
3
8
-13
-2
-23
-4
-11
-35
-39
-15
13
-6
-25
19
12
-2
1
24
0
6
-32
-19
-91
-30
-8
1
-38
30
0
21
58
-46
-20
26
30
11
-46
6
-13
36
-34
39
-41
7
67
-2
56
60
-55
-10
-8
-4
-54
-94
-23
-78
-16
-35
5
-7
-10
-62
6
-14
48
0
1
32
-10
-18
37
-61
20
-40
-44
-41
2
-11
-14
28
-14
-6
-24
41
26
-13
-22
-111
20
-2
29
-14
-71
21
34
23
-26
125
6
113
-7
-13
-67
-44
-6
-16
-19
-103
0
-43
17
23
17
11
-60
-6
-20
18
-7
-44
42
20
-5
6
7
1
-41
19
16
11
2
-63
-20
-17
-65
38
-6
6
167
-18
-12
36
-56
-34
-33
-62
17
10
11
1
-16
13
13
44
-10
-20
21
-30
95
17
27
29
1
-26
-27
-20
9
7
-3
42
-83
-27
47
-31
-35
-41
50
-22
-34
48
-36
-1
-60
4
71
-65
61
-40
-50
-12
32
-54
56
50
-73
-4
-37
-31
-79
35
-24
8
-6
-76
47
7
-31
-4
-26
-43
3
-7
-46
18
-10
14
-49
-20
-35
-60
37
15
8
-11
10
16
74
48
4
-7
7
42
-28
45
21
24
30
-5
-21
-52
39
-11
47
2
12
-1
-15
-33
-62
-14
40
52
58
3
45
63
32
34
-13
7
-12
3
-22
-90
17
69
-2
-66
-8
-60
7
-41
49
11
-10
46
0
50
-7
75
0
22
-55
21
5
13
-5
-11
-38
63
15
3
30
58
44
36
-50
39
22
69
-4
-9
37
-20
70
-36
-33
-38
45
36
49
-35
5
64
54
26
-6
8
-48
-39
60
-52
7
49
3
-14
-38
-45
-99
-31
-25
46
11
-77
8
-92
-2
80
72
-53
-31
0
-64
-25
-15
57
87
11
46
32
-22
-72
-154
19
-16
-141
16
-75
92
128
-57
-5
-37
30
107
-17
-9
44
-25
81
-63
41
-13
36
-125
-31
-10
-31
-20
-11
7
-33
-31
-60
148
184
-40
10
30
-15
3
66
18
-8
-55
16
-84
47
-18
10
-77
26
19
-45
-23
-17
7
-34
15
13
-5
-33
86
67
29
21
17
56
28
9
-11
14
-33
-26
-27
-7
-86
-7
-60
30
61
-20
9
2
-53
52
-82
19
62
-9
-18
-32
27
2
-2
40
-62
24
45
-4
10
-31
15
25
-82
-1
-70
-51
19
50
-12
58
-20
69
41
0
-33
-24
6
-23
-7
-8
-16
11
-7
26
-12
-4
9
-1
17
0
-10
-7
19
5
-17
0
-9
-19
6
-10
-2
15
-11
-3
-2
7
35
-11
-17
17
0
29
-3
10
8
1
-13
-23
11
18
-4
-11
18
5
0
12
-4
44
16
22
-7
0
21
17
14
36
8
58
31
0
-55
23
-21
-100
13
26
-5
15
29
-47
7
42
48
59
-28
-26
-46
-23
2
6
17
-32
-96
-4
-40
5
-36
-27
6
-85
-10
-3
-12
24
23
-17
-29
-48
-31
37
32
-28
1
-60
26
14
29
12
-7
-39
47
49
46
0
36
7
-22
5
32
45
-9
-13
-14
-23
-8
-1
-6
10
0
2
46
-53
25
28
12
9
14
-8
62
8
3
33
-21
-7
18
12
34
23
-32
51
26
-13
-35
11
-45
-23
48
-36
18
48
22
10
-40
-14
41
-66
11
-57
24
7
46
-5
-11
-1
-45
-21
14
5
-6
20
-9
-8
-18
44
26
-4
-92
-25
-25
32
-13
-59
28
43
28
-49
23
88
-55
-11
-21
-10
-34
-70
18
-39
27
-18
22
-36
-63
-23
26
-61
-3
14
-21
15
-55
39
46
21
-15
40
5
-18
-64
-57
57
-90
25
3
-12
-40
-24
-58
-5
57
4
86
10
3
-3
-47
-18
37
-68
38
-19
23
55
50
19
31
-1
-21
-39
85
-3
57
65
53
28
-38
-7
3
-27
-16
-26
0
-38
-13
-72
51
17
-14
-33
-11
-83
18
-3
5
-10
72
-5
28
-18
-10
26
40
-22
19
-51
13
42
-3
1
92
-13
-23
57
-17
50
-7
-36
42
-5
16
-73
13
-19
-32
5
-20
-7
-11
-14
-16
-7
8
-25
0
-4
-4
-13
9
-10
10
-30
5
-15
-13
-18
-21
34
-10
35
-10
-17
1
-12
3
-2
-4
3
0
6
2
1
1
-13
-5
21
21
16
4
-21
25
22
1
-9
-31
-25
8
-8
-9
11
15
12
-2
-2
34
19
17
20
12
14
-11
-59
58
13
77
4
94
-7
24
14
48
13
4
-1
-39
-25
-83
58
6
0
25
-4
2
-1
-30
-3
-41
11
-35
9
6
-45
42
-11
12
81
-36
-35
-1
-45
38
28
-107
-8
-11
-12
52
-12
9
-5
39
18
60
-30
-41
-74
-9
-8
33
10
-62
-22
44
9
-14
-13
-17
50
53
18
20
-24
-42
-33
46
21
-17
13
41
-41
32
35
6
33
71
-34
8
-7
-45
-34
-6
-12
35
-17
23
-32
-23
95
-30
-23
-15
-21
-5
-26
-27
-38
31
34
50
-28
27
35
12
-1
23
4
-11
29
-57
-30
-49
-25
-3
-42
-12
2
-49
46
-4
-45
-10
-6
10
24
79
-19
-22
-33
-55
-87
4
-52
49
14
4
44
-22
-37
-29
26
69
-2
-23
34
-22
-9
3
30
-25
6
-6
47
24
73
-23
-50
16
-40
-25
-16
36
-28
39
-11
5
22
13
35
-13
-79
107
-64
-19
-29
-62
-23
-3
20
1
6
-23
4
33
-37
-3
-43
-3
-8
11
27
-19
-14
-7
-1
-6
6
9
-38
47
36
3
-2
7
40
-2
-15
-12
11
7
-42
10
33
37
-25
-22
-12
3
27
17
21
-46
12
-10
1
-19
-41
-7
-6
-16
-7
-17
33
20
7
3
4
-2
2
-13
-1
1
24
-7
19
8
3
4
4
3
22
-9
-25
-6
-21
-25
12
-11
4
25
-12
22
25
6
-12
-5
32
9
-3
-26
51
6
9
-31
-34
12
-1
-10
-25
29
9
-11
-57
15
0
2
-25
-14
17
30
-5
-35
23
0
-2
-15
30
17
21
-9
8
15
-14
52
45
-6
-9
-75
19
14
-18
1
86
11
-38
-35
0
-24
0
0
1
-8
44
13
-92
-62
-11
-69
-35
-59
-35
69
-50
4
67
-1
-13
59
-18
-20
12
-4
-24
28
18
54
-38
-70
1
23
-30
-47
-23
-19
-3
7
-69
-30
-1
-13
-42
-32
-12
0
-36
25
5
59
-40
0
-93
6
-1
35
22
-30
-15
20
5
9
-8
-22
3
3
11
52
-4
-21
40
35
23
13
33
-16
-34
-31
25
3
-53
1
-23
48
-24
5
-18
23
30
-8
-27
35
-29
18
7
-10
-11
-33
49
16
-6
-1
74
-15
58
19
3
-45
15
-13
6
24
-15
-19
61
-5
-5
-19
-23
-31
16
-3
-17
5
22
-14
-18
-18
5
0
20
20
37
26
8
-3
19
-7
-24
11
-12
5
-28
32
19
7
17
-1
13
11
0
-10
-10
-15
8
-3
-18
25
21
14
-31
4
4
0
31
-23
-3
-15
10
12
48
-6
6
28
9
35
2
3
0
15
7
-11
2
25
-10
22
-21
17
7
-18
-7
-26
-6
-2
-14
3
3
19
16
33
-12
18
6
24
8
-3
16
-14
-7
28
-14
-9
-1
5
-7
31
15
60
-2
16
-5
28
25
-1
28
17
22
4
-14
-2
19
3
-6
8
9
28
0
12
-1
3
29
-1
41
-9
10
-3
-7
5
32
40
8
45
102
12
-26
20
71
24
-87
1
14
4
73
-38
11
-32
41
-18
45
10
-6
-61
-18
33
-19
-30
62
5
-45
-19
44
13
39
14
10
-8
4
-10
44
-72
47
-9
-47
56
78
-91
-5
-30
0
58
-25
44
2
-17
53
-27
11
-4
-24
26
49
0
26
7
-5
4
69
12
-38
91
-47
20
-8
-34
31
-26
-15
-39
14
-30
29
15
29
8
84
-37
23
-6
36
-3
-28
-34
17
103
-11
52
67
-2
7
9
27
36
-22
16
-26
-16
-86
16
114
-31
41
48
-38
-52
-23
15
-29
-27
-29
19
-103
60
75
-39
18
-2
-8
-26
-28
41
55
50
-44
34
32
-66
-56
-18
-94
3
27
-39
26
20
0
56
73
-12
-68
151
26
14
22
-42
-24
-17
-78
-17
0
-11
28
-44
-4
-22
21
25
-24
-46
-20
20
45
21
41
-7
-15
59
59
23
68
-11
-41
3
-16
-8
49
-33
-11
0
75
73
18
-37
-76
-11
-9
9
33
-14
36
-53
36
-45
-43
-19
-14
57
6
-64
-21
-14
-4
-34
51
-18
-33
-44
-14
25
41
49
14
4
-33
29
-6
-36
75
-23
-70
-13
0
30
-50
20
-14
-15
-18
-34
19
-54
-15
42
-4
-15
-37
44
28
-47
33
-1
12
-26
37
-43
-18
37
-64
-30
-25
-29
6
25
43
20
-2
-39
-31
38
-5
42
18
48
-70
10
19
44
25
49
-40
-76
29
-58
-31
5
-21
-31
25
5
12
10
32
-13
57
38
22
45
8
27
-64
2
-33
54
77
-38
19
6
17
-17
-37
18
43
-60
46
-3
82
1
0
57
-9
-17
-91
-19
-35
62
23
-78
56
-1
-21
25
16
-18
-38
-20
-65
43
75
5
57
-50
9
31
65
-6
4
11
-38
-173
-19
78
132
-32
27
16
88
40
-124
20
-40
-54
7
68
-39
36
-31
-9
-44
-58
-64
-80
-88
-91
-17
1
34
-109
4
57
-19
21
-22
57
57
3
21
-54
-11
-32
-92
3
-44
43
-15
-2
-43
7
49
-29
-3
-6
70
44
-8
7
-4
16
54
43
-10
-18
77
-8
-79
14
0
-39
20
-36
-39
-78
-50
-78
8
27
-28
48
-26
-26
28
37
44
-24
-21
-44
28
58
-16
-32
51
-100
-61
-89
0
-91
-46
58
-16
-50
32
-20
-8
22
-3
37
-3
-25
-19
-49
-8
23
33
-4
-8
33
-7
-7
23
-25
15
-2
-13
41
-24
40
9
17
-27
57
-17
-47
3
10
-7
-74
-39
-5
-18
-53
6
31
52
30
20
2
-1
4
-7
70
-18
3
13
-61
-49
28
28
-25
-36
21
35
27
-1
40
-25
33
-57
-6
2
-13
-20
34
1
-16
8
-9
30
-4
-14
4
-22
3
-17
-8
-6
-16
-37
26
8
17
18
-21
-20
15
-32
4
7
-8
19
23
-16
-31
9
4
-17
20
16
-20
13
29
16
22
-26
8
-10
6
3
-22
23
21
2
1
2
7
-36
9
13
10
-68
24
-20
5
28
-38
3
-19
-25
15
-20
-23
-39
0
35
22
22
48
67
15
-10
-74
-13
74
-27
22
-38
-31
-1
-6
-5
10
54
-25
-32
-20
-14
-3
-3
-69
-1
23
13
41
39
-24
43
41
-98
-22
-1
-65
-14
-4
-13
5
64
-19
-21
59
62
45
19
-7
-50
-56
1
29
55
8
-2
-9
53
-15
-9
55
29
-84
-22
-14
-3
47
30
-49
-47
13
0
-16
19
-11
8
20
39
-47
-88
18
50
37
-83
5
-2
7
-21
24
3
62
-20
-69
-25
3
-37
-7
59
19
-51
-9
0
49
59
5
28
12
-2
22
-123
-17
11
-45
-76
-51
34
-24
5
-25
-36
-41
2
-21
-30
-32
-50
22
-54
-19
25
2
-47
67
18
24
31
-21
-77
1
-14
25
-25
-36
-6
78
-32
-53
56
7
35
-12
-83
-20
-59
-32
29
19
42
-50
65
-1
10
26
-65
31
-14
6
3
-62
-6
-98
21
-26
16
27
75
-8
-24
16
4
6
-10
13
23
10
-15
11
11
19
-8
24
15
-3
29
-8
-2
3
-17
34
-11
24
-28
-19
-1
0
-12
-4
-22
-5
14
21
17
11
-15
4
28
8
34
10
14
24
-4
2
-18
-10
-1
22
-18
-8
-18
35
34
-3
50
-3
8
3
16
-28
-23
59
-60
13
-49
-54
58
37
-34
-44
-38
23
-47
18
-17
-94
-76
-23
-69
38
43
4
-65
2
-12
-24
37
-152
49
20
8
-7
56
-13
12
-6
50
-62
30
-23
-32
-5
69
-55
-7
4
-11
-27
14
43
39
50
-44
12
28
36
107
-80
-22
41
-15
5
-5
22
-25
30
-20
-27
-17
1
-19
8
17
-4
-21
-13
-16
-41
-10
-9
8
0
-21
9
7
-48
5
1
74
30
0
-35
-64
9
42
27
9
-73
-14
48
-16
39
-33
12
9
-23
50
69
-5
10
22
-13
-22
-10
-81
-26
-1
-39
32
-29
-63
-13
62
-5
10
-5
65
17
-23
-38
-29
-25
-30
2
21
-41
-19
58
79
16
127
-50
61
105
69
-4
71
-9
31
-10
-20
-66
-34
23
-16
-4
36
58
58
-48
-54
30
65
41
-37
56
32
-2
41
-25
12
4
-51
5
-96
-8
36
-25
-57
-17
-15
-7
-14
14
-25
28
-45
60
7
-21
-17
-44
6
17
20
43
32
8
-64
46
20
15
52
77
-73
-25
47
28
-53
-13
-53
36
-55
19
-33
26
-12
63
-30
-71
51
-3
-55
-109
-41
-7
-9
-45
4
62
-14
10
-15
88
74
10
37
49
-32
-23
-22
21
-74
11
-75
-20
-11
74
75
16
84
19
73
72
-77
-34
-26
7
-39
-17
-65
-5
5
-52
30
26
27
26
-20
54
-51
55
19
-23
14
-21
-40
34
79
59
6
-17
-30
12
2
42
34
-50
-18
62
-39
-40
13
14
27
-21
-5
-39
14
-45
-35
-24
-31
-55
-6
10
-29
53
-51
14
17
89
24
-12
-22
-17
-5
-14
-7
26
29
-26
-43
22
0
-44
-52
-41
-35
0
61
-18
24
-72
-32
24
56
-31
-18
6
-16
1
-26
-31
-23
6
30
27
-48
-37
45
-23
12
33
-3
-4
-12
64
41
-1
-53
-16
-106
61
-58
-25
3
-106
17
-33
3
-38
-46
-4
-54
52
36
3
16
18
11
-14
-33
25
12
77
-29
-60
-39
25
4
-29
-50
22
0
-75
32
90
-11
47
12
47
-17
2
-50
-53
-25
60
41
-81
41
-38
-32
-71
0
4
62
-51
-41
71
-78
21
-78
35
-59
-75
19
-19
-51
21
21
3
2
18
-24
3
12
4
-34
1
-34
-41
9
24
-35
-9
25
42
110
-9
-40
-29
-61
6
-39
-15
41
45
-23
33
-74
63
51
38
70
40
-16
-33
-11
-27
7
47
9
-44
11
-88
24
23
2
-64
-6
-18
48
-58
-7
-19
-32
49
7
10
17
53
32
31
-85
33
-48
-14
20
53
-84
6
-22
8
27
-33
63
93
60
-7
-14
-22
35
