-386
-530
-323
-394
-261
-388
-284
-674
-152
1297
697
-265
1590
-612
-953
919
-408
-550
1404
214
1591
782
-1545
129
564
-199
-18
701
501
592
786
-148
228
-228
-565
-226
1403
1362
25
1453
-250
-1360
-352
-393
-208
-911
-234
1072
-567
231
337
-1032
-57
1130
78
103
-579
206
-1476
-863
955
289
2084
-429
-246
-110
-349
177
-83
-333
-199
-111
390
-241
-1094
1858
-657
109
516
-699
-617
1530
610
-1386
443
-202
-511
632
-245
-588
-417
-134
204
-1254
2637
-372
99
1318
402
-52
194
-82
-305
12
-414
-189
-567
-274
-645
358
504
-3804
3005
46
898
574
-205
-153
3933
1646
-295
-1735
-785
384
-1155
-1717
-1505
646
2
-408
785
-263
-559
-52
-489
636
926
-92
723
1211
-396
-798
1148
-8
71
-1583
-429
62
2617
-83
-393
-660
88
27
-355
-33
-186
-388
-172
-110
-638
-17
-466
-366
-858
-100
57
-767
-1051
-1009
264
199
787
1658
-128
473
-963
-415
-361
179
-450
-232
-515
-281
-25
-558
753
1450
815
-570
-1366
503
-578
1366
1506
146
420
130
-687
906
1041
-670
-11
883
-427
-994
553
229
-407
-104
508
-2547
694
-143
-2011
-379
-882
1690
394
-772
1842
-1290
-519
-898
180
-493
-625
-397
-59
172
-375
301
1580
611
-1586
-90
1501
-160
-252
550
-1540
-306
1876
-390
-566
-235
219
257
-173
40
749
-229
421
-296
355
339
2169
206
50
-1543
-283
-355
-1363
97
-202
-211
289
-261
-1418
130
629
744
-445
74
2842
1854
-1548
847
747
-789
268
677
-2134
467
1316
-716
-326
925
-229
-426
-223
-33
-361
-282
160
-67
-53
825
882
128
1172
3401
578
-2626
-216
259
-547
-523
1086
-1278
1087
-383
651
1032
-179
-67
-566
-135
-340
58
1195
648
800
-207
435
1696
131
-321
156
-51
-916
-956
43
1460
628
-123
279
320
-205
205
-503
-1312
-575
176
-727
-340
-1083
-437
570
1354
230
41
141
2
522
442
374
109
176
188
-73
-229
15
-234
-482
-399
-111
-176
-182
-740
-300
-903
-503
14
-749
1306
1380
809
-41
-249
-588
32
174
-846
25
-81
-274
-2177
-844
1295
2448
-2021
1087
-259
-1373
393
156
151
272
-126
-885
-337
83
-961
346
-152
-889
-60
161
2268
328
-511
-1371
-237
-185
-1108
-272
-1677
-47
-860
80
-1172
264
-756
-1455
-231
340
-350
483
-200
2325
342
-1226
-613
220
-1308
511
62
-570
2940
-165
247
-586
-192
-641
-609
-74
-171
-366
399
-381
-1275
73
2006
799
-1436
409
-756
-521
-86
-74
-252
-89
7
-271
-483
-198
-67
527
-340
593
455
2094
453
-45
-2038
-100
-703
1868
-1127
394
3037
1307
-534
-1799
-45
432
-646
-442
-361
-738
208
-717
-548
739
-533
-631
76
-142
-140
17
-99
-435
-387
1693
-890
-369
2658
-1198
-1477
-601
662
-363
208
522
389
263
609
410
-42
-49
-23
603
650
-304
392
2568
308
-281
-702
-117
-485
-725
-419
1192
-257
-620
-301
67
-198
-35
-980
-570
3200
-1793
415
1158
-372
-1685
-170
141
-30
-208
2272
32
27
-283
-292
189
2166
-266
61
377
-118
-476
-300
-368
279
1009
-728
-571
1419
-1459
377
869
-429
141
199
-80
-1557
3083
-1338
32
308
-71
-406
-1863
-379
390
1076
-208
523
352
-514
-148
669
71
1145
1410
988
644
7
-153
501
622
1106
-356
-417
1202
-370
-859
-327
438
-273
-307
1035
766
-1107
96
287
-331
125
-23
496
615
2167
399
-151
1319
-75
215
1900
-522
-793
-385
869
258
-562
465
401
-284
-911
-225
-1154
2779
257
-372
917
-406
1631
812
-1713
1152
-811
-185
1469
230
754
-226
-853
2485
-704
-157
-157
360
-76
-764
-754
-679
-1005
1430
-499
-668
-716
-667
-515
-459
-169
-488
-359
-444
-120
34
267
-1099
-2341
-1293
791
-1730
155
2220
1207
2214
-583
-837
-446
249
181
-320
-241
52
192
-27
477
354
268
2763
-538
-240
378
108
-979
334
462
-686
-17
520
-787
-534
1518
607
-1138
-841
1503
34
-812
428
314
-171
64
-1445
140
1523
-228
-2000
-375
1711
457
-35
2648
956
1341
55
-834
-163
-668
-1227
-942
-1243
767
1558
-1978
2125
-218
67
533
323
987
-1116
-1950
3617
332
-929
104
-48
-365
-86
-120
-73
-82
101
931
412
845
-790
-1627
-339
340
2015
-446
655
1515
-292
-154
1762
544
744
2891
-855
445
450
479
-2282
-1964
-1146
-916
1595
424
-864
-356
-82
34
252
192
-474
822
1282
-285
-264
-313
-719
218
1112
-712
-730
78
827
-382
-567
1158
340
-504
1917
-441
-114
-67
23
-887
-868
1477
1068
-785
-72
1509
-989
-1097
-410
-1111
-1341
26
637
1949
364
267
-399
-59
70
82
182
-792
427
607
-364
964
52
6
273
-57
1
1484
251
-62
11
-218
180
1380
382
1260
-2774
855
444
-118
-580
-489
-1307
-494
592
1849
173
-321
363
-269
204
55
4
232
1414
133
-118
205
-46
634
733
516
148
-334
418
637
97
333
51
-118
-136
-468
2158
108
-323
-264
50
547
1849
-310
-483
662
-70
-22
-25
162
553
-1177
94
1995
647
738
1195
640
-687
1287
-81
-695
-687
80
-591
-714
612
-765
-551
129
-237
-941
-1008
-1066
-490
152
-1456
-271
-896
-308
1363
-277
-640
666
187
-682
716
-121
-701
72
-3080
1392
-904
3455
932
-290
-210
-805
-1339
776
1331
-1085
-400
650
1992
-497
-1111
2532
-1117
-583
2094
-167
-1923
-147
1293
-362
1754
-1325
-1515
51
-206
1061
-241
-292
113
265
717
-1350
1109
-1449
-473
-14
86
32
102
-376
226
566
783
179
-657
566
23
-1501
-558
2074
-260
78
510
-559
-16
-363
-134
-1042
478
198
-849
794
-223
-659
-399
1260
-1255
-439
1420
-344
-602
-304
-1394
4
538
-687
403
-311
-844
-252
-651
2192
1662
314
-372
422
-213
891
380
2420
1638
-490
-274
-1293
-636
-169
-1455
-74
-280
-363
1314
185
1405
552
-13
-9
-452
-310
-1698
-871
2679
-4046
632
863
-1171
-414
171
1354
480
-352
-1394
-287
-51
349
98
1354
1846
12
664
141
-47
288
-406
104
-527
-163
386
-134
443
-156
388
2056
654
1031
418
-1098
-742
1976
-300
-1428
-1028
2263
-372
651
1375
190
-145
-710
-20
4
-318
30
1110
-1606
23
1728
-1238
313
56
-1483
110
25
595
-900
876
1158
-754
-53
-2450
-208
950
-6
-295
1526
-234
-354
-131
-191
