-1323834
376914
259255
1801895
-962780
512493
1268236
514516
-359332
459290
-777405
1699759
255141
-1011182
-343693
-350260
-811083
948606
-96855
-730006
302401
165924
-866737
754206
-114070
602155
514274
-1699492
181650
1259461
-148366
-619802
1269627
85254
54022
-391050
-644714
22834
69190
52075
73266
1510495
176066
-681230
-574964
1761938
89899
-605446
-863639
1112370
592446
-351401
-84684
110753
195970
-482315
-32696
-892230
92504
330143
1406208
871535
510634
1655016
762682
-239320
-150399
-986746
-459089
3108
-60464
-80146
106803
-205022
-1119830
209022
2779722
-588501
152860
-119246
-54266
663607
-1097473
-115660
221241
1403983
-1104206
1311782
-34361
170364
1237061
-284158
352663
-859732
-354530
1178290
-53016
992940
272555
-625998
-1064676
-50350
120769
468311
-1084819
1589587
1523317
-225871
228855
33508
-197857
23889
354250
-156505
-103683
-356925
-305193
125763
-651098
-408033
127127
-264517
110214
-183724
990172
-266528
45730
16042
1541600
28392
-570326
654020
155214
222161
-12747
-29234
649759
1073438
-268117
155054
-1499828
-61595
598251
426965
-674428
456822
-890793
1437883
-1153176
529036
533920
313986
-269024
257428
526092
-49893
1488740
135283
1355032
-783446
611813
170741
-142488
-1551
245387
1100028
450691
27438
1796726
-28256
1356538
167856
94287
-735752
-47199
-280261
1595723
-1010304
-237517
-329581
-40839
358410
1617965
590388
-81539
-97652
112631
872214
1061876
-1028871
-10203
-39697
123520
120537
531091
-228077
-26278
-1054660
-337066
-722358
1147805
-669154
698355
38720
-174385
180095
133531
59194
210873
-1322623
-67162
254264
1588973
-763891
-152477
358468
-1241948
104416
28059
182130
263093
292208
-36223
-1194919
580442
-80049
259890
37211
-378759
203246
225242
98311
-496749
-22249
-715928
-601097
322474
867453
-275294
451933
30278
-970308
-105704
-136200
1696598
-185981
-422342
-537857
-1448072
-223968
-873972
225979
-727373
-21158
530040
521668
