738
143
880
578
531
324
827
444
419
323
-13
318
227
472
526
472
106
36
161
382
234
367
264
380
823
360
-455
609
603
140
215
-519
509
1
238
349
195
132
178
378
82
364
702
493
545
1022
648
556
2
510
557
648
686
993
-471
349
-478
862
490
-594
554
345
347
323
892
349
-333
369
-352
492
810
365
391
551
757
466
617
234
736
196
392
428
950
609
593
748
425
476
1014
61
-70
639
816
470
184
158
433
-505
129
818
324
-98
420
348
237
628
409
-182
470
361
161
529
633
324
673
167
261
1191
578
59
604
377
487
211
1129
-423
373
120
424
667
-462
459
578
293
697
392
696
531
64
777
399
163
571
987
417
187
126
431
326
716
65
551
556
-127
200
439
-86
1
292
-270
442
944
415
274
-26
447
560
268
778
431
272
77
116
-249
791
234
560
162
25
434
396
684
572
526
751
-852
804
134
1080
383
209
463
721
-326
147
-18
365
75
554
799
-198
249
7
916
584
-800
461
509
540
212
711
599
-82
456
828
236
351
-725
574
777
406
-265
718
-58
752
63
-157
243
715
-257
748
-100
547
648
444
1125
122
446
535
492
1047
876
145
42
456
531
-89
464
-163
-85
1070
837
634
431
605
382
