-651
306
699
452
-197
-1009
-52
1355
-166
771
349
-178
-255
108
1239
179
107
-201
-950
178
210
384
417
-624
562
663
-1099
1003
-126
-458
-517
-737
665
-420
326
658
-261
50
-210
448
7
69
858
103
492
101
-287
12
-260
-226
469
1261
-165
25
-109
-554
-34
548
409
236
-98
417
538
-156
-821
809
-786
355
453
-820
691
569
-177
366
-454
-283
-191
370
423
-282
-348
-248
-402
144
-91
737
752
-716
-584
350
501
30
-630
-756
551
398
645
406
476
353
432
351
-424
-159
-700
-277
-211
777
81
582
427
290
-386
-426
-134
-513
-485
-234
315
-818
-1044
-676
321
349
773
437
533
573
