-636
-621
-94
303
-581
436
-525
178
-648
-452
482
43
449
512
-437
-249
341
237
2
118
385
-92
-52
236
490
-232
234
-447
-147
-416
-32
8
509
472
261
380
-124
212
-329
-541
290
270
91
-496
-175
577
55
-655
-228
172
330
95
264
75
-95
-516
-681
-266
300
-590
-831
-337
-188
636
281
293
223
-612
-487
-201
219
-412
-301
759
-279
351
-60
-414
350
-359
111
-224
-646
495
227
734
428
-330
362
115
68
395
89
318
-176
82
-641
485
-465
-255
-691
-800
-167
490
518
-370
-821
-373
536
-149
-161
174
-752
87
-271
419
-464
-395
163
587
365
-46
101
8
-79
373
79
-551
-472
65
-46
329
50
523
401
245
570
-394
-512
563
662
-262
-147
-413
353
-924
-352
-294
-194
552
-665
423
236
328
-730
-441
-317
-383
-557
250
485
652
457
-122
-90
-5
423
-327
-565
-795
513
-700
-371
454
-604
-333
485
-85
-626
-134
552
210
262
-223
-60
-17
-271
247
626
-182
-288
440
269
-391
-440
-497
128
-44
-108
-847
-291
-543
649
-65
273
182
-617
-414
-822
286
-517
-713
-534
-689
158
211
-375
308
-946
-484
376
527
471
1
123
-969
117
123
-485
439
116
685
232
-781
113
-384
-382
147
360
197
506
500
585
-109
-30
-662
454
-786
-467
351
-676
-371
286
-559
-590
-477
