97
130
479
50
-616
490
-135
368
-292
80
1099
93
-1
426
-51
411
-114
-127
-164
140
-499
-40
316
-852
46
-379
943
687
-169
-610
-375
-89
281
-777
-132
76
-412
279
512
-340
1151
806
86
209
418
573
-671
441
144
419
421
-215
447
216
-70
-256
-32
329
777
186
499
-455
784
-635
508
288
56
760
-13
273
189
455
-488
40
634
-319
367
329
374
334
-44
-389
217
-157
-87
338
-79
-117
108
693
213
319
233
-45
-472
366
800
-185
559
-156
-512
-258
437
-369
-329
21
-87
-29
377
-865
542
-25
-180
208
-640
139
598
389
363
-579
305
253
269
377
299
-432
193
-200
632
-25
-41
780
-626
-251
-487
-616
-122
-99
-482
-42
684
392
-24
-465
-88
586
364
4
-344
701
88
299
360
-312
68
169
407
-248
-156
300
-288
-409
242
295
432
299
-113
159
-434
390
307
429
-318
216
107
-166
-85
446
788
-32
792
-443
679
-23
94
-102
506
-316
-499
310
267
-5
316
-379
-712
472
-893
50
263
-361
-601
-236
-79
315
-190
-797
362
301
196
924
-318
-28
485
-218
-473
-101
469
223
-184
358
-175
814
536
537
-310
-148
410
255
-57
522
146
-539
655
591
-440
290
-401
467
-80
413
1163
498
-633
-120
-182
159
118
404
-246
294
-76
584
128
438
-443
117
