438
-221
489
350
420
-283
119
194
347
187
148
529
-437
23
676
380
-289
351
109
630
-257
641
588
687
-357
473
-247
101
559
387
218
-57
166
-58
232
-207
454
-316
334
394
-142
378
-137
494
590
-321
461
363
769
-57
-420
391
-441
433
327
571
416
468
39
-377
523
-467
447
-173
-35
371
18
596
331
86
-240
686
409
-82
-123
469
70
324
281
263
-285
337
282
-291
233
-244
-500
759
-823
194
695
-365
409
-57
613
608
178
-214
43
337
489
611
913
-37
-396
603
-434
556
-350
497
696
-266
573
44
436
22
188
26
1023
-148
-40
595
526
729
57
-567
386
434
472
392
-574
-450
-8
76
280
256
174
-9
267
256
48
538
292
256
61
181
444
339
358
-104
258
-37
-461
552
479
221
641
202
619
360
-324
745
-821
171
231
268
-408
750
463
592
-377
493
493
-327
664
376
508
900
-422
29
28
334
79
338
567
405
446
-159
-325
503
346
-254
388
389
438
462
-259
815
344
414
596
496
524
361
413
371
802
435
463
83
384
748
400
777
316
-719
558
-507
615
354
-45
-771
-523
39
691
894
360
207
-17
-655
237
-267
233
226
419
231
485
-118
535
-8
275
139
-440
593
402
-94
764
768
530
-47
633
217
-624
328
612
-133
