55708
4457
224106
226329
244426
202921
63913
14536
121005
-220997
377785
154287
198216
65466
154251
62227
165132
-71099
212844
-8420
186955
-24405
-193987
142654
293347
209777
238766
-91624
111715
36280
93744
176537
125222
369565
83702
-197602
85038
-200149
-218455
246526
128194
289598
-58241
-121964
104350
10565
-78996
141945
-154540
380906
-119050
102870
-60239
-198553
282770
-16611
112649
174080
84572
139357
209205
-60000
300320
158366
-23966
198666
78986
-454806
-79785
84749
12515
47279
-46202
-231582
-251073
-35475
-52366
26581
32424
297159
-117826
15395
170870
17624
27003
154767
154349
141385
-53681
2558
-126715
17871
-71246
9447
40769
-48826
101770
45278
190254
241311
97460
111231
-100598
255317
121150
-104845
40157
191208
317582
396673
-120833
54161
73402
227637
109360
132803
99058
99990
13316
934419
52958
-191809
428752
-35131
-149176
-37855
-22462
36254
177516
5364
-255827
-72358
-114774
-84800
-55688
193263
44914
134967
372302
405385
-43477
155725
86794
122902
-454973
154547
-19802
295633
-791
162186
174629
25587
-44724
-70041
172733
-61782
-208334
121745
38698
211521
137178
-80584
-105611
51406
-24344
-88530
229666
55312
112937
47317
-30679
90237
358858
91505
115509
850554
281971
-174860
1301
283967
18343
53341
148884
239750
287143
52195
128571
-110933
-132708
191816
-180185
33117
-32681
47874
58170
-60258
48558
9026
68196
77892
-89653
-44353
60747
-19896
-216403
367924
282265
-282167
73590
118031
23251
211850
335145
130131
408888
163833
-85730
227405
-30378
274324
253879
12124
-45974
-83645
315668
-13108
195931
103381
156369
-207423
-147932
-8090
-21553
-64264
164026
66230
-44503
76624
10339
10784
140643
118880
318689
237105
77211
238117
387880
183438
32591
-83521
156897
-46696
195653
148415
-45348
-46124
