-223
836
-295
-406
1292
-192
136
6
357
67
28
-197
146
523
704
-240
132
267
-196
179
483
134
206
-139
633
892
336
365
-276
44
140
-83
-266
-9
-182
497
-273
-23
-32
263
94
-366
567
-154
-346
-78
-36
-126
-316
-48
328
286
-136
279
-154
-228
106
-211
789
321
-238
-82
278
-50
328
-106
-317
-246
525
-299
589
49
116
411
-355
794
389
362
-33
-70
541
307
-407
-158
-113
205
-60
-334
373
-84
396
64
-37
422
-86
595
192
-142
-282
-247
-322
185
21
-228
459
176
-150
403
-266
789
-131
-247
-134
-117
-227
33
-10
385
-198
-136
502
-101
-262
-420
-83
984
-18
-271
-36
-113
-80
180
-156
-29
-106
-157
-304
236
-98
-194
739
-121
45
-400
-236
-111
547
-176
-57
431
365
375
-113
-251
604
-39
-12
-137
-192
-922
-145
-162
-272
-142
264
-280
-278
-450
-66
22
-50
294
-270
-191
-82
-183
-227
461
-372
381
86
3
453
459
113
218
-147
367
506
-525
-121
-137
343
-130
582
416
-78
-311
-295
-279
-489
509
163
-61
-287
508
-33
158
-276
-179
-188
-55
-276
869
213
-158
387
-260
-290
-523
41
-765
-477
-236
728
-279
-140
-178
-114
224
379
-28
25
-361
-14
1037
-450
-228
484
-203
88
126
350
86
440
-268
-204
122
111
330
31
444
535
-274
-226
-193
-525
455
-214
-433
-167
-3
282
-357
-15
-154
88
-396
-57
135
62
-9
-289
468
422
-29
-246
-333
293
96
183
363
-37
-65
356
-562
-120
-114
-307
149
286
374
142
296
829
563
-96
431
32
-184
-51
266
-46
97
-166
165
-141
53
-490
670
546
-526
149
138
-133
-67
-253
-110
-381
-176
-251
147
107
394
48
-2
282
-39
-986
-355
-218
-66
-158
53
428
18
-42
-188
-94
39
142
115
-214
-354
231
-205
366
-14
-78
532
-126
-394
-691
543
703
631
398
-424
-341
-89
-100
-134
-422
-138
-143
45
-109
-389
-115
783
228
-96
-389
398
239
44
1002
-674
70
149
354
82
807
115
-165
-145
-414
-59
37
-147
240
214
-63
-231
-181
-458
-417
307
-362
3
-294
-248
-8
728
-413
-257
425
202
-258
475
-134
-152
-354
165
-8
-445
7
474
-301
254
-389
-379
291
-206
149
-302
-84
1180
-399
701
106
-6
271
416
-322
524
218
267
-89
-1
-334
-48
-206
68
357
318
282
8
-107
33
69
814
747
34
-251
385
11
346
-5
157
395
511
263
-32
211
-240
-201
-269
-223
-219
46
117
420
292
-209
-180
869
-33
13
1180
650
-187
1012
571
-61
113
-268
-64
-358
287
-347
249
-250
558
334
269
-68
208
-341
-42
-310
488
-152
-34
-89
79
718
-297
269
98
335
109
