-197
188
-257
459
-480
-666
-796
-570
-421
687
300
360
-41
-665
463
438
-847
-638
-576
-240
-454
97
365
-591
-93
-143
-71
-730
127
301
-5
456
-612
-695
-440
-344
-62
88
-94
-316
-198
-723
158
336
-547
-225
-571
243
342
151
-344
-606
-648
486
147
286
454
674
449
185
544
123
137
407
558
-360
-525
-769
726
-621
-398
404
591
-88
-528
-92
-880
-428
517
-304
484
-603
-191
638
-702
281
306
126
183
-349
277
-327
-515
352
198
-347
604
304
113
355
-99
292
-425
362
-703
435
-273
649
-493
-302
381
-650
-589
495
-686
-299
414
-677
147
598
-223
-184
-854
223
-793
-277
-708
-1
-115
-996
-227
506
-196
-845
-508
-317
-605
211
603
-277
428
334
-143
361
-501
12
-50
474
482
-469
-676
551
475
301
-355
-571
330
213
-215
271
447
369
-145
493
-567
-778
182
-474
49
-516
-112
-603
588
639
-738
743
723
393
-779
-361
-46
-422
621
511
-888
792
566
-706
-312
-516
-659
-955
260
-432
-86
113
-88
272
-455
286
-252
532
-231
283
411
-315
286
-708
206
-652
-637
-512
-528
397
-456
361
-319
-78
170
-631
-836
406
592
-770
-184
37
-236
461
-139
131
396
-239
-67
364
-165
-458
218
-96
700
355
-349
492
483
21
-656
-882
838
-421
-553
715
1049
-588
-598
-752
-169
444
