65224
-687659
521836
229861
-558323
130063
-430013
25419
20027
278430
-123483
-670672
190796
106202
248250
-288273
606086
471867
-208679
-732396
-2014
22209
-389203
-115938
17162
-222962
255978
32241
-1050654
432008
-145435
-377199
218385
-27504
-340559
782668
-698880
-600282
297736
413932
457620
-397428
19083
-30823
337895
-415450
191441
-31357
-304359
508624
-816711
-87337
-819664
291824
21007
76392
28190
16863
676382
1051107
251486
398426
-157666
550029
-535415
-554744
646593
44095
527285
390186
91842
134942
28309
-570875
144012
-189250
14398
-99998
-412574
70570
1231729
-8899
269913
765020
287626
-244978
105968
-487747
-345359
396015
-494955
-484937
-302487
-243747
102887
-370056
-224335
-837557
52532
296446
-390163
-656176
-326653
-191314
-287696
19431
558792
402319
-190314
498357
-287095
-155847
567951
-810924
119469
-68671
-207093
-407218
270018
165104
-383084
455035
24513
573534
178733
-15913
163789
-620206
