369
625
495
-818
-272
-853
962
38
1132
-554
-116
-168
-246
-1392
2039
-936
-305
-428
385
444
603
-1238
1881
-1662
60
-1929
-212
-605
234
-600
-818
127
-204
162
1585
944
374
731
1065
-630
1404
-1465
-314
-1563
588
418
1605
242
-267
-337
315
-22
-1029
-792
-21
712
-130
-559
-530
-444
-204
-1025
-782
158
-846
-214
-39
453
-1165
-631
191
1941
413
-462
757
85
-1261
824
1179
-168
1217
-726
97
-758
-540
1394
-1478
934
1525
-1378
-156
-664
-944
-64
265
-566
-448
358
-853
857
-135
-255
841
-578
-205
1068
-201
-229
-612
-295
694
-817
-1335
370
-298
-332
6
715
-182
-485
2616
-2023
306
490
150
-921
1004
1337
804
150
-355
-177
-547
-877
-416
-65
-533
-1092
867
-1455
899
856
1198
-1732
200
236
433
762
581
-1177
1218
-154
-568
935
413
1140
-197
-373
-295
-786
-74
-843
78
-1091
-216
-570
410
-588
728
-678
-855
-446
-966
-255
-564
90
-413
130
2326
-38
-159
-1171
-427
1777
-402
1175
-149
-235
467
1084
223
-181
937
972
-592
-1450
-962
1486
-261
317
287
-307
-1429
-141
454
1644
971
486
-292
-58
1811
-1379
57
421
-506
-314
-1231
854
422
-769
1480
-1031
-728
-1159
77
-1310
514
-537
823
513
56
-1120
-3
-1243
-442
-737
-279
-255
-804
-207
99
524
149
1524
-272
-1147
1242
-582
-710
485
14
-240
1173
-657
-205
2087
-1147
1060
-149
-80
291
-644
-1204
-129
-1009
374
-1130
14
2982
-125
-14
-328
816
-1013
865
-817
-712
-34
-778
284
692
-456
-262
-308
-582
-647
-648
-370
384
-1872
-1322
582
381
-89
1441
1357
-204
-572
177
-738
-567
-684
-430
-268
-674
-56
-271
-326
-117
-1284
324
1559
-367
752
-97
474
-336
356
-481
-53
979
-758
307
1520
83
165
70
562
-1006
355
770
1110
-56
-1074
-332
984
-327
-82
1768
-18
-91
-314
88
-577
573
-1163
-143
1630
-207
-43
306
-995
121
46
-686
-89
1896
-578
-1095
-525
408
1019
189
-1111
-68
-713
-456
-541
-461
955
-469
-1376
-241
1333
-702
-270
-494
-626
-940
-136
412
-1486
243
185
540
180
1442
681
1689
851
-741
289
-1017
-687
49
-530
-1078
1326
-228
-350
-710
477
-1560
232
1284
-1526
2298
-716
1291
-1019
194
-419
22
-147
-632
-88
-743
1313
862
842
238
-185
108
-513
-459
559
80
-1660
1130
-1804
597
1125
-628
-297
-492
403
-312
255
867
406
758
-169
1130
-1289
164
215
-870
-738
-871
187
112
-252
-1623
1687
1412
-459
823
868
-39
1208
-1167
-1018
1386
-1161
-693
-876
-983
983
1523
-295
-558
922
-484
-68
57
-389
-204
88
-295
-166
2748
-630
-587
-770
16
715
202
480
152
-296
-279
-594
-605
-615
-485
-7
2367
509
444
-1399
29
7
308
99
-406
-54
241
45
-850
227
-365
-805
-438
-661
568
578
-886
402
499
-833
167
633
-290
-310
1718
-337
481
844
-1
-753
1540
-321
-132
-403
-596
-395
-574
-165
694
-107
-381
1173
-161
311
469
581
1114
-829
1506
-693
-579
-933
224
1421
391
333
-241
817
474
-1667
507
-835
388
-915
-290
1942
156
-292
-91
-244
-614
-181
-991
-45
1854
391
1864
-1421
1438
-88
-125
-5
-592
484
-309
175
-1152
-628
-1303
457
-544
530
900
-1005
-314
924
-456
26
588
-309
-497
-606
-349
-681
-672
185
2362
2842
-1347
-60
-595
-442
-370
-400
-390
181
2918
-178
-303
-916
-337
-304
-549
220
-1235
939
432
33
-1003
-549
62
-1949
7
-467
360
-31
629
479
714
93
1095
-604
136
-1270
1700
657
-283
206
-676
675
716
-172
258
491
611
508
956
209
-135
656
-430
2337
-652
484
1530
216
905
-99
139
-1842
2940
164
-278
329
378
1625
-420
-361
-703
3
669
-854
-165
704
618
2210
-626
376
-60
163
-677
-823
1060
-408
1932
240
-510
-139
-644
394
-874
357
-251
-703
580
-618
-989
-778
-161
-517
-286
-800
-705
-419
634
2394
-434
-689
-861
-740
1088
1438
248
186
-1117
81
615
288
-110
148
820
-389
-926
1590
748
-116
-547
905
-1215
1213
-994
1955
-604
-1115
-1590
-165
167
789
30
-523
1015
646
-1709
154
27
-276
613
213
-479
1391
59
-840
162
310
-680
-425
-577
-319
522
824
690
-845
-814
-779
-290
-1332
-361
47
619
100
-313
-1078
-736
-485
-685
37
1416
307
-1517
-87
938
-53
-550
-707
-971
-590
-933
-822
128
542
465
-686
-921
98
-712
-205
-229
-257
-538
-661
403
509
430
927
-265
782
-133
-295
-289
119
1201
38
-349
-1115
-334
-524
-362
-645
1380
-123
-974
921
-1282
-17
756
-702
109
44
472
-304
-315
-161
1650
-69
20
710
908
200
974
-440
-411
-570
-614
-277
-606
148
1778
-106
-50
-1098
-17
-166
417
-78
241
-35
272
-665
-1371
-583
1437
940
1264
-781
-428
350
-475
-239
935
144
-142
77
-790
-410
-615
-606
-110
-630
-400
-216
-545
-171
-1480
-54
-1832
2742
-1690
-820
-325
680
1376
-455
-123
-491
-280
1383
161
572
183
-518
-248
-867
-253
-44
711
-500
-406
-421
793
1709
-274
-1652
1103
1368
83
-173
-31
-514
-1002
-210
-806
1328
-239
-824
-1041
-413
-534
-493
-640
116
184
-104
1256
277
-85
-786
-386
-885
-1057
1037
-1095
-486
-654
-255
-529
-857
-19
-947
295
908
-623
-312
1556
1316
177
-376
-421
760
-642
-23
-711
239
-259
-1004
-438
-340
376
-629
-500
-708
-336
-602
952
16
-972
748
418
-858
116
596
-351
1750
1497
-222
-657
-166
-434
-451
-253
-934
2390
-943
-501
322
-520
-524
-861
-304
800
2141
414
-329
-1334
-199
-296
-225
-174
-234
447
242
-244
-208
257
-1451
245
1523
82
1325
-466
761
134
-496
1010
-57
-1073
-769
-720
951
-783
522
959
493
473
-16
-111
-1517
501
-899
-239
1739
-268
567
111
418
452
232
-149
721
-482
-341
-977
-583
298
351
631
-801
-33
993
598
-1115
-1188
637
-74
616
-604
852
-1177
-706
-30
-1106
-347
-1196
-379
244
934
391
1057
-619
946
560
251
-545
1634
-866
-61
638
-110
-320
-736
452
139
-904
79
-11
-934
190
-741
334
1424
373
29
-366
446
165
2159
289
-238
406
-348
-706
2357
-1992
662
485
-66
-363
-276
-295
-597
-475
-759
-33
176
13
-79
-1083
-873
899
1334
-953
1337
493
-403
-124
184
21
-747
688
-436
1104
1249
394
-1093
1
-107
-626
-94
1801
-57
154
-327
-269
-199
-238
-559
-985
-556
581
1603
21
-452
-64
-183
-917
-433
1217
-210
-362
-191
270
234
465
1980
-1193
-92
838
924
-563
-522
-216
328
1791
-114
-1813
-1251
-276
1080
-344
-781
-104
742
-1906
942
889
1265
905
-82
-774
23
-126
-1539
1302
-902
1386
156
-648
-317
-925
1265
-53
1928
152
-1115
50
706
-504
331
862
-462
-1035
655
706
-703
-686
-802
-1023
-614
-371
-600
403
496
-30
-134
-897
-280
4
-859
106
-418
-513
-473
-691
60
629
-832
-183
919
-721
-5
735
-681
-395
686
5
-344
240
-276
-1365
2282
95
-387
175
-848
-1387
1503
-179
408
1469
-475
-470
-454
-703
251
-518
-611
-1020
-601
1903
-1257
-1272
-280
-171
128
-327
116
-356
161
1191
1607
-98
-421
1223
661
-433
40
-1003
705
259
-734
-820
1164
165
-474
465
-857
-802
1560
1019
0
-403
620
367
114
309
-2205
-513
240
-178
56
65
1177
1043
-573
-883
-138
-1329
754
955
339
-142
722
395
2671
-680
10
322
-788
-802
-1123
-179
423
-645
-523
67
-127
-624
1265
571
-970
-491
-462
-32
-551
2246
-1486
30
508
-1269
62
1735
139
-196
1826
-134
-628
-1387
-432
-93
262
-197
58
899
961
809
499
960
398
627
281
24
525
-162
-867
-581
-922
-190
-362
643
-154
-874
1647
-155
-73
557
-157
163
-204
-327
-786
-357
1401
742
1218
513
1574
-618
-952
-989
-376
29
60
-345
-267
-531
-554
-770
-1262
-549
402
1076
367
294
-1126
142
-419
-197
-220
513
1507
364
206
-453
390
-1139
1643
-1534
-721
822
-563
-528
-102
-614
-733
-94
-621
-457
-318
-463
-122
-424
371
-264
-1251
1498
-707
1393
308
240
-419
35
752
-980
-348
1904
-252
337
17
607
-593
1532
415
114
154
-1018
290
1282
1445
-1218
-688
-667
103
-471
-634
-50
-611
-317
628
1895
-49
-1312
-354
-73
38
1443
66
105
-927
354
574
-274
-613
-1116
-895
1097
-872
-1238
-516
-1221
697
-237
355
-52
-357
0
-294
-517
-268
663
860
678
-778
-1168
-199
1283
1122
626
442
-622
-578
-473
-907
-425
-378
-94
-224
203
1758
406
-445
-1065
-432
663
30
506
-715
-1015
-469
123
1351
332
665
-1036
793
-69
123
-34
-615
2413
-1561
-528
-762
587
25
891
-635
782
-96
66
453
521
777
-904
-1347
-769
123
236
192
2512
462
45
-665
-1559
-28
807
-252
1525
735
-840
987
-257
535
-223
-402
-199
283
-150
-1172
1309
211
583
1397
-666
-812
-791
-548
1618
-441
-754
-96
-735
-396
62
-49
-596
-220
1263
-573
169
1068
-454
376
-63
-1775
1911
-1105
-669
531
625
-552
-437
-652
110
1590
14
358
236
598
576
2856
-298
-1111
-1591
-720
-384
-245
-330
-62
21
-128
-840
1978
-712
-451
-1070
-541
-169
-281
-74
47
-485
-23
-100
-499
-403
-541
1184
-382
-428
982
-151
637
1021
868
-364
-207
1194
386
712
-69
622
739
-340
1535
-331
-1419
-587
310
328
-2412
587
1888
-1063
1072
-932
1722
-929
1437
151
-1499
419
162
1849
-80
601
-338
194
64
745
124
-959
-473
2060
234
49
-839
-179
-317
306
-959
-783
-890
11
-1227
305
589
74
801
-113
-627
-335
-97
-496
-312
-568
-408
-508
-800
-559
-557
-218
-760
-489
-920
94
95
-358
162
187
-840
-604
2206
-162
127
28
1075
368
1561
-95
-348
-558
-138
1080
-355
914
668
-470
1221
-734
-363
-641
352
-177
72
1892
540
-271
-1239
-376
15
-136
8
-486
-535
-390
-638
1091
-1162
1236
629
-636
-129
1448
907
27
1306
62
66
405
5
-863
-32
1030
-216
-925
1582
1555
-179
-52
687
642
-375
1200
1249
-309
7
-462
-834
314
604
516
-12
1317
-278
308
568
364
536
2314
-291
274
-98
342
667
-204
723
-293
-219
11
-234
-561
-255
-185
-312
-437
626
-983
-1027
-3
-763
-693
483
1623
-517
-628
1211
78
661
1264
-1301
2541
-1027
-345
342
-345
-360
-219
-1611
2244
-672
1064
804
-335
1432
-637
437
831
827
169
-1512
304
-917
1992
-529
680
1618
-1554
-250
298
-700
-1226
287
-945
980
-1094
-215
1327
629
-704
-588
-513
-509
-132
813
-328
-173
916
-769
-1162
-586
-499
605
413
-186
1222
543
-726
-843
-1188
57
-619
1060
-123
367
1262
11
1057
-55
-679
484
-38
-607
735
-387
-611
-538
866
2039
-527
828
-514
78
-59
-262
42
-222
-184
-297
255
-389
-534
-566
-537
364
1866
-1349
382
-460
-56
236
-689
-603
-490
-260
-275
-420
-272
-726
-911
-448
-800
759
267
333
964
-1293
119
1586
273
-98
613
936
618
-86
67
-40
14
1252
10
-901
-762
-798
-39
-725
-1
492
728
1231
-343
-263
259
1005
-454
-620
506
-531
-1101
273
-2193
503
2034
-2476
1552
847
942
433
697
625
236
-305
-1
-605
37
2004
-421
437
395
-364
-205
102
-553
-668
-964
-684
786
-320
1522
-420
-276
-443
415
-87
-41
108
-831
728
1628
-2110
1613
-606
874
-68
-331
-475
1662
-335
1509
554
624
212
-388
-646
-1011
103
-549
-1050
416
-1083
-654
-30
74
82
202
-711
-752
-739
-189
-739
75
335
-473
-174
1348
-466
-885
1174
-134
-235
1919
-1908
-372
-1645
1500
-786
-907
20
-340
-493
-993
471
1327
-576
2034
-1008
-797
-722
443
-527
-1829
-810
25
739
-703
218
37
64
-156
-105
1372
-237
-728
797
-191
327
-148
-256
935
94
-760
1487
-294
223
420
232
445
637
741
1135
-451
273
637
651
98
-227
625
1672
-1181
881
283
-179
113
-958
2216
-696
1329
-1727
1745
221
-546
-80
641
562
-1064
962
-476
-1221
-148
-124
196
-277
-373
99
-37
183
-264
-1471
1089
1344
595
196
-767
560
-244
-781
836
-1041
-502
2102
-575
-713
388
-1233
174
371
86
463
-56
31
-287
-1156
-152
-880
1045
1238
1168
938
1227
385
858
-1738
30
-366
-164
-322
382
1839
292
-216
255
-12
-727
-725
-613
392
1323
188
-254
-391
-340
-539
-29
-242
-677
-316
-620
-490
-379
-376
137
47
154
-538
42
590
-1286
380
985
-623
63
457
-350
-435
-415
87
1580
19
-158
-223
-201
-446
40
-140
338
-384
-269
-582
2914
-1327
1550
-295
295
565
-293
1205
-1149
-619
495
653
1647
661
-25
-1300
97
215
-277
370
584
828
931
84
-109
-64
-190
171
-25
