29939
-199100
48396
-196265
-15177
-84623
-26231
-127680
302803
66327
128075
300128
-172475
-100894
216468
114269
11389
184874
-244375
-245175
221800
170301
-146985
-35345
-12950
13596
96489
-101596
42850
-28499
-51242
-233686
-67202
-145343
120258
-164579
94832
24436
-149257
-256069
-168749
64652
-255708
7843
-51351
-21087
-78568
-248544
89997
-21089
-135666
-84077
-136663
-159388
-130696
-150725
42966
-279053
154949
143461
54084
-85136
-176411
-16972
-45803
3998
-41884
147631
11724
-185126
69064
-329850
-205640
126856
-26921
-33553
77241
-11556
-191408
-32491
97893
-143207
-35183
118290
-252430
-167655
43476
-119403
-4279
-159136
-262686
155962
-199525
3504
36518
213966
118582
-135559
-310558
176133
46312
-274688
-132309
-123122
61815
74745
-454376
361213
-42523
-461036
71356
30768
-122385
-185590
-34468
-267630
-81087
101891
227916
-212991
182832
-268428
48167
243632
143143
-172824
-260592
-47526
-100512
-110704
-135691
-107083
-86666
30476
-145143
-297664
-441291
-119500
-48743
-29607
194105
-124840
-62938
-22354
-147785
1407
-87994
334910
-92658
-65866
66816
-102744
-154590
-395525
9155
313718
101279
-284520
-128708
98202
-62411
-139825
27687
-187133
5807
-165627
-163390
-9533
-52660
-104373
-112951
132228
-161586
-207728
-89708
66674
81232
-83119
23225
46860
-339278
-367177
-85869
9772
-177115
-68072
-203377
-184908
174512
51296
-10519
-126227
5814
-125859
-116823
-53117
-165283
106682
182300
103327
-289529
-266110
-268912
-42920
-123630
-214978
-92297
90538
-106532
-11749
-120134
-60546
86801
51981
-58317
-156663
-17568
-8691
-262994
-200824
36514
-69214
-184401
49758
-6928
-237826
-26375
141405
194545
114412
136525
-144582
-20164
-161168
-76496
-792
-205295
3938
28310
-197422
-138725
-317226
35507
85475
-148402
-294203
49286
-104612
10930
-193788
-187868
-243355
135800
40092
86873
-205773
