-701
362
500
303
303
280
478
-324
-212
225
24
-536
165
-599
498
316
289
-808
421
163
-718
-593
239
194
-64
-140
-21
-369
-257
285
436
260
-85
26
248
-341
-813
504
-971
-1077
513
-573
-717
27
-1054
-173
103
-426
446
156
548
-874
393
208
439
452
198
-538
-100
367
499
-543
-359
-1021
8
108
-378
-267
-963
431
234
441
507
-457
428
-115
-56
390
-677
-1039
-894
-108
-492
245
50
-963
-192
-334
-1048
207
361
-177
-488
45
139
-617
136
89
-467
-563
583
-351
-953
335
511
391
-890
-366
-554
-354
-223
-33
322
-737
-728
491
-200
-62
-150
-422
-820
88
-57
251
442
58
303
375
-9
-23
-751
-113
-315
290
-1044
-649
147
161
442
-459
-950
317
515
-129
219
-53
74
816
23
-136
-348
183
201
390
402
634
-338
233
-929
-806
319
-303
5
27
-44
462
240
165
214
-657
195
243
189
-507
-92
-617
605
-461
-539
59
372
-936
-228
465
-444
900
752
-145
-359
620
-457
669
-128
-92
328
-316
-314
-674
-172
-493
342
-108
-445
-217
3
393
-539
-129
147
-632
-576
405
-291
259
-228
-502
476
-479
-1000
-408
-429
94
-252
-1005
-656
504
448
-918
-27
-61
286
-725
-891
380
556
-403
355
598
-300
-77
-120
-329
-57
-853
51
130
387
425
257
514
-424
-599
-84
-238
-596
-648
