85
145
113
-795
-1054
2188
62
-221
742
-371
1190
-98
-350
1439
502
-527
-2132
-164
715
550
53
1253
6
49
356
-605
-597
-229
-659
-283
436
2423
398
-177
-886
-56
224
705
-42
1295
-737
-507
-387
-211
358
869
689
772
-858
-548
-482
-336
1441
844
-420
-1186
726
-1865
1168
2295
-1311
-2361
-775
-506
-247
-358
-519
-863
-101
-582
857
1039
104
349
48
-5
1839
279
172
1939
73
51
673
-264
575
2690
-444
375
386
-713
224
-54
322
140
-1105
220
1099
1159
981
-560
-915
-516
595
559
-1477
-1220
-25
434
1514
-156
-660
-630
209
-1118
-578
312
-302
-459
112
-554
-253
-1520
-147
1041
1468
655
334
865
457
-260
-605
247
679
1457
725
-467
-468
-639
-598
435
-604
-581
-303
-689
264
784
205
-1166
360
-1249
-908
-1144
-846
-1499
-925
-106
245
244
-914
-1012
-538
-211
-300
3006
-1239
-606
417
-1029
444
680
272
-150
209
-164
-298
4
-257
283
1449
155
-55
921
541
-947
750
406
-785
143
37
640
-564
1033
-438
-1537
-8
1336
1711
447
-29
-936
778
-135
855
117
1001
2042
-642
1113
1571
908
-250
-966
-455
-97
-1399
-152
683
2563
645
630
964
581
312
714
374
-667
-550
-733
-693
34
-275
-173
-1175
-534
-549
-521
-565
-330
508
-478
-583
-574
-491
510
-1132
197
-248
2440
432
718
1586
-87
277
-144
1520
640
1579
624
1387
315
-85
-672
194
-362
-275
1864
-1043
154
638
-1315
1565
257
-1625
-1196
-393
1410
-1250
901
1096
-610
-1077
-331
-1901
3482
-1479
-83
-36
-1096
-138
-700
338
58
324
713
-190
558
806
-190
831
-76
495
1497
673
-46
-107
117
153
1943
285
-818
-215
-608
-72
1752
257
-127
-394
-104
-366
-719
-179
-364
-455
-442
-413
-1282
954
-454
1477
1352
-86
-666
-298
1294
-132
-178
338
851
321
85
1406
-207
815
1381
1092
-686
383
-715
-139
2594
266
-1103
-944
1971
143
1320
-1062
835
-114
-1005
-419
-84
397
-999
-210
1167
-896
12
912
109
701
-408
256
315
-1138
1005
2106
-1215
1233
109
-6
1377
-1335
1151
995
174
-7
-181
-311
-226
681
1913
261
-355
-345
-289
2208
-1152
-1239
-1752
828
611
-958
44
443
-1344
1719
929
-1057
-1137
1766
1689
-92
-652
-56
-375
-241
-58
-1219
190
1234
992
852
300
284
-679
2488
-293
-99
329
-1491
-481
-451
-711
-539
190
-35
-457
-343
283
-598
-1518
411
1984
-146
-704
1793
-1209
1024
1162
-352
-591
-490
-89
-372
7
1408
940
1550
678
-315
-47
1646
-96
-706
228
326
-8
-514
-941
2522
121
-35
-562
-82
-663
-664
-17
423
-148
-377
-610
-462
-15
975
124
1358
561
682
-211
-1044
476
-146
-333
-72
-1348
-265
-927
68
-971
33
-181
-35
-196
-169
-947
421
-155
-26
-993
819
2162
-692
117
-298
-377
-1591
-716
1958
-593
-201
1057
-412
354
-43
-699
-476
324
3639
-938
-1436
-509
1818
-1013
371
-828
-807
-616
-927
-677
-124
-266
-20
-183
-604
-241
77
203
87
-698
282
-739
-387
-464
-188
-605
-624
-516
-726
569
523
-1122
-445
-836
-1017
-779
1744
-989
-13
856
-546
-1622
2096
-230
-683
54
-164
358
-239
-595
237
-507
-437
-475
-568
415
1446
-473
376
1658
-656
-38
-792
-965
-533
-243
170
-788
530
1088
-620
192
920
-629
37
260
-1234
366
1778
-551
793
970
-320
-214
1592
587
-1398
1806
-431
57
-1134
-443
-181
115
277
96
-381
-1097
-780
-964
-1625
2222
-1218
-846
854
-953
345
-850
365
1187
1340
1373
-33
955
161
-25
-278
-186
1151
922
344
1475
2967
-2703
-1388
1844
920
566
1774
637
-33
-397
-121
-398
-1340
-372
620
2144
686
-69
-1595
-199
-162
438
-447
-545
-70
-521
172
-1004
177
253
1788
608
116
-204
122
-505
-817
-412
-811
-369
-826
31
147
770
1068
581
-501
-196
977
488
428
273
-650
1717
-1356
-287
724
-76
-581
82
1261
818
-115
2012
406
-58
-1187
-592
-379
2170
427
-216
518
-989
-149
-1342
-545
-1633
1345
2285
577
2094
-530
1807
-701
567
-639
-524
-470
-687
3
-902
962
780
1115
217
-636
-165
-296
1975
-166
-197
1197
355
98
-682
-803
-519
-641
-715
-686
-1022
1613
-415
-566
-315
-121
-35
33
-521
-1147
-645
195
257
346
51
602
332
-25
571
53
407
2719
-16
35
1237
-346
-483
-1155
78
622
-1016
817
-203
605
940
584
1276
258
-352
-1151
1298
-870
-513
326
-241
1629
-912
27
-1183
107
-991
-316
-933
-759
-182
-825
1154
-210
-797
1577
-288
-362
-124
227
-353
-22
-715
-444
-328
2225
-1440
471
2700
-591
-131
-274
211
-823
513
-1049
-213
-1147
-458
770
941
881
-845
-382
-825
-738
627
-654
198
-273
93
-131
-1243
-98
952
1437
764
-355
-277
-584
-96
72
145
-976
2446
499
511
1047
1309
865
-1497
-159
544
557
50
439
-190
-230
1243
-46
1809
-182
1182
566
338
192
-66
836
733
-571
53
718
174
551
550
398
161
989
257
583
106
629
671
695
178
1295
1038
-236
12
-865
-901
939
-184
-466
541
181
-678
1119
351
-399
715
-313
-259
297
-587
-263
-233
-510
-298
-881
-1014
-849
-58
284
-211
1663
-265
-251
1697
-1574
63
161
-796
32
-306
1917
122
419
2125
825
-275
-472
-511
-143
-540
-292
-46
-845
-862
-201
240
-187
2034
-161
-2116
-32
542
450
-984
-978
-842
-668
-581
-516
-216
-330
-367
-642
-634
1750
-1
316
1529
-1156
-236
1515
50
-784
1684
-353
42
364
962
2516
1021
389
117
353
489
584
174
-15
-47
334
231
-909
1535
-493
-63
1392
-498
-274
-424
704
2562
960
40
-477
99
-201
-1163
-148
1793
507
-1030
75
468
-642
144
380
79
-721
1441
-518
305
2477
550
-255
-307
-154
-695
-204
-449
-483
-400
-673
-845
-744
-846
-402
-1220
-317
69
-472
205
178
-71
885
1977
-634
-79
-187
402
-626
-603
-967
-1083
-954
126
-539
246
833
360
-570
-401
-800
336
373
-902
-1298
-398
-426
304
895
305
591
-1327
608
803
1091
919
-896
324
701
-1931
2224
-795
760
-392
-833
-832
461
821
-1087
606
743
-808
219
772
77
-600
175
-76
2128
-18
128
-276
138
707
1302
85
564
1148
-5
235
-464
237
507
-233
644
647
1881
759
375
76
418
140
799
111
-232
-982
-111
444
528
699
-440
-135
-188
-479
-679
-215
-295
-302
11
1526
-2305
1561
-599
-396
-534
883
-1281
1255
-556
-291
-611
-1284
-830
1666
-143
469
832
-63
1383
-232
696
395
242
-180
197
-21
702
281
-38
905
-482
523
1051
1147
1167
-778
-729
155
-652
34
790
-669
218
81
10
-379
-624
-100
-122
2852
-345
482
464
2005
-497
-601
-45
-815
1408
-518
-440
962
-36
1
-346
-560
438
-550
1084
1683
965
385
-647
-378
1387
-1567
865
-71
-573
64
22
-340
-6
189
1779
-58
-1062
-990
-961
-364
970
-1638
966
1296
-415
-784
1142
-1806
-209
-1033
-445
357
-487
-326
1056
1641
-175
532
-1753
899
-1632
-409
-192
-959
-141
-545
4
-500
1887
960
-570
99
-217
-428
-345
-365
-252
456
-364
1073
-24
359
493
-113
-1312
-713
-280
-120
952
1121
56
1240
755
-94
-259
-101
1014
-96
813
1041
0
1037
174
-691
81
1415
179
1457
-586
-71
-630
969
2266
871
727
-93
851
252
573
149
-479
-1064
-356
-920
-135
-873
-877
931
-856
-344
103
292
-775
-170
1399
-292
196
751
618
2637
248
-1334
201
-1268
-481
-316
-42
2109
-1899
-1334
1219
3046
1102
-1708
-549
341
2161
584
-445
-803
-149
-765
613
-383
-42
-340
-1663
-583
-662
1614
858
373
843
179
621
898
593
-293
853
-243
-597
-306
-625
-34
-833
292
982
-95
-27
302
2187
-1041
-418
-61
446
-961
-62
943
-722
-78
697
-1237
-863
-1165
61
2000
205
-480
1331
-526
1140
-682
-885
587
-446
-436
1647
580
-621
-34
-939
-676
1485
-138
-918
621
70
-430
357
-1241
-315
5
-1396
1427
-421
-384
1008
-433
1580
347
32
-1414
-436
931
1144
238
840
279
-766
1667
-116
-836
887
-367
-754
-1736
-863
1950
-176
-2285
1389
-469
2290
2128
-289
-1141
90
-160
-482
290
918
1725
1336
114
1441
691
-656
-844
-253
-988
-183
-488
330
-424
487
-1784
-265
-231
-275
1172
1717
905
1651
873
-514
-72
-519
-651
157
-518
-401
446
-203
2356
-1048
-1686
1224
51
-797
-317
2152
-212
115
-475
-504
12
8
209
614
-1199
-932
-606
-607
-355
1752
-1186
-1128
839
1647
896
-972
-64
-647
-825
-936
-510
-244
1893
-232
119
1580
-185
-271
-1509
-278
-1014
611
-914
-1452
1776
-1499
-395
-340
-58
434
2028
466
1
-528
-31
874
-1064
585
-376
-1087
-10
150
-559
376
903
1372
1062
-349
-563
530
-278
-643
889
-369
-172
51
-509
-654
-429
-204
-343
-267
-344
-881
-241
841
-255
50
-775
599
-1090
-391
-43
-595
1224
1875
-273
1227
-1025
-380
16
151
-194
-317
1468
286
-798
667
219
-351
1176
687
-572
-314
-328
-851
-630
-673
642
653
924
-523
2547
-995
783
2341
-884
-5
-169
204
-637
-397
-629
591
332
455
-822
-678
-481
-51
-1086
389
418
1497
610
-633
-900
-617
118
90
-831
-681
-89
-896
1573
200
-2000
-998
1265
-979
1478
-500
-282
411
280
-457
-185
-1090
-77
103
-1058
-61
672
2280
1068
-199
-1148
-656
-269
2376
611
-428
1525
-294
410
-92
600
-456
-742
-426
975
1161
648
139
-107
-273
-872
-581
-1074
1525
983
1740
1178
-425
-1043
-691
257
-185
403
1604
-920
-582
-873
-909
-559
1893
-243
-1449
-997
-1347
-55
-165
1818
-403
-645
1297
77
517
363
-738
-831
-911
-550
49
-240
-366
-278
-270
-710
-1090
-783
-377
-927
1
962
729
892
-55
-698
-68
-243
-323
-841
832
1882
632
1081
995
1066
-68
23
-103
-906
-620
-799
463
-736
48
1912
-232
-819
25
-181
-45
-1143
566
805
-2002
720
1691
4
-1186
1137
690
-251
-260
2491
-1213
-1091
-232
224
124
-97
-435
-49
-615
-642
-733
-388
-188
-311
-75
-216
-279
612
-291
892
461
773
327
769
202
-1043
1207
633
-1190
310
472
-374
-57
1239
1425
-137
-158
459
-788
-763
-6
-313
-395
-401
23
-626
-9
362
1008
257
1107
838
1366
249
-334
273
626
-623
473
-181
116
369
-373
-1588
-113
-30
-307
2474
1012
-93
539
-31
1396
-776
748
1749
735
-367
-241
546
-2019
135
1860
-571
163
593
33
612
-289
-844
-127
2001
-188
-106
2
-47
397
-138
-247
-414
1602
-111
-627
-180
232
-436
-165
1049
-660
-402
397
704
70
1398
319
810
-504
1797
-972
-723
-571
-726
1215
43
897
400
-1349
102
472
1524
702
-488
1051
-417
-1306
1251
-399
235
1246
957
72
2808
1034
-443
-783
-264
-1006
-297
-728
-1008
186
728
-1891
766
-153
393
-756
-240
362
198
185
-196
1470
-784
927
1337
-545
-440
-1181
-146
167
159
80
1266
1308
1006
780
1356
536
-192
-471
376
494
-479
550
476
-133
-294
-882
1762
-837
-741
-860
-486
12
-71
0
-91
1452
-54
115
-147
45
-137
-366
-250
821
2335
1087
156
-357
-158
-504
462
304
-911
431
1194
986
-681
310
-259
825
-261
1485
1507
1315
179
689
274
857
426
644
313
309
-3
275
833
296
260
-816
1689
519
-1163
922
662
100
-786
476
622
763
-199
1142
149
130
581
402
-52
724
-19
-8
1446
52
-163
-312
-9
1151
1270
-164
490
-570
-762
-67
-137
117
-622
-1146
-626
580
-1812
681
1084
696
1312
-183
-888
339
-327
-598
-367
-389
-674
-201
1183
439
-1245
1707
-1458
302
962
-485
-804
1734
475
-306
-669
-165
-48
656
723
-985
-384
1334
1009
-11
749
173
-42
-313
34
403
-540
-598
1237
-46
-731
185
559
301
-662
-992
-542
-72
-104
-57
1102
719
1030
-18
-754
-23
1806
-180
1137
668
-1084
-59
522
-46
78
42
1278
2365
1438
-209
195
715
1385
-207
-151
695
107
39
251
371
-661
-842
2108
-354
-129
254
-264
-528
-665
962
1120
-10
870
863
-222
254
182
324
512
1611
649
-8
1040
-90
300
753
308
5
-92
-361
507
428
-764
1107
428
-168
-690
-412
-986
-205
1632
731
-540
-1477
63
1072
-146
82
-31
-1385
2604
-122
479
-859
-497
-539
-458
-552
-341
-390
-497
-912
-214
-549
-1388
-1120
-844
462
-536
313
115
1680
-732
-2007
-192
1467
1885
-337
642
93
-264
-108
-173
-333
538
237
-916
618
1634
-931
-1242
504
2244
177
521
247
-349
-93
174
-387
-157
-115
1316
158
-428
367
189
-149
358
-952
340
1004
1878
1043
-44
-275
-84
253
-115
315
393
2089
415
331
-1227
127
-961
-345
-679
-1061
-161
-508
644
53
-936
