176591
523533
-441161
378385
-878938
-143510
-405374
-886091
842334
-164167
-18552
-698310
-519325
78338
670585
488660
490725
92937
482624
-274485
-759674
-339417
-277310
364544
-235205
-788656
-252767
834881
226174
-268853
243327
-438402
-103024
255595
219921
637595
-420927
-889887
621526
-54025
927612
-864004
603060
-524988
-9505
664608
-77192
214887
241728
-391205
22083
198126
-302583
75207
-328565
-252546
-42247
-37807
946
113376
490917
-695523
-501015
-249453
-159378
354496
-603567
-560143
-717248
615053
-471331
315976
-33262
145716
-425910
-530752
55918
313492
110501
-404193
341767
-221033
307501
1066834
76729
164891
-256068
-733882
-299243
66628
278829
-26792
-45047
-204146
-450298
489662
-99913
240168
-190088
-502271
60579
-334074
334687
-335064
450955
236
302337
-176641
275828
252302
-15399
-432347
159304
925008
-80101
-401535
119548
-72760
429105
-158959
375634
-750596
-420859
43467
-88894
303753
-51910
331443
