-92166
-85033
-106022
-104176
-121482
77718
-119612
-266612
-57739
93515
-19051
-148435
-167875
66698
-181552
-205689
-123368
-201638
-423443
-40744
312717
-264644
-106964
182689
-148274
-114488
-86406
120980
-127505
-51766
-196296
-287370
7790
-65963
-198967
-53973
9937
-316894
-242097
-505611
262057
-58435
-110971
-28986
-199219
17788
284248
-115343
-242812
-9313
-236580
86063
-422624
-585321
-271576
-147741
-421465
-154543
129198
-357981
-215867
314025
-135929
454823
-178614
-465997
-69114
-515
-5474
-260515
27590
-200787
130288
-169939
-72202
92895
-207184
-104658
39904
171043
-60252
-169464
-115421
-49495
-261050
-364260
121746
-21256
-94480
-227766
-293058
-444224
114973
-183938
-43948
-69600
37607
37908
-317971
-84238
-76029
-69476
-158292
-97237
-55027
-44373
-21165
-519316
-20320
168049
-246
-268210
-115311
-27487
85150
68120
-50108
-362357
-13694
82614
-180396
-102066
-186558
-108134
164103
97577
112056
-144434
-129793
-313700
54858
-136889
271227
-238638
36765
-4296
-191397
-231242
-191590
-117291
-63114
-469754
-343251
-153023
-138572
33876
-129635
-118282
-144890
233566
127153
-115301
-134262
-14326
-1044
60228
-29108
-203284
-149150
-339134
156064
-108355
-98556
-5415
-76439
21482
6623
-295928
223734
-268145
17460
-106439
29191
93059
-79001
86137
-116774
-167862
-191890
-159443
-5187
-32608
-226097
-140564
271018
32062
80798
56253
-68480
119427
-461892
-66794
-275752
-29425
-131657
-319257
399486
72313
62710
-149367
212984
-186540
-152802
-336324
-79163
-36275
-228454
178090
76738
176284
31039
-81067
98416
-144209
441849
-49380
-30414
-138140
23338
-234273
-73772
197397
-30025
265586
-229089
-157002
-12180
167454
-37769
-270398
109640
-452011
141627
13220
-51089
-145646
205338
-207511
-225641
-29820
9597
-2085
272183
-17217
-201261
38712
-49191
81248
-222285
329895
264136
-228702
18155
-379868
-15372
-152709
