-1004980
-17000
-852145
-323142
-334876
-779201
-28313
-607840
1413047
-461970
-229481
-449775
-230798
174752
-1315120
-799449
1050107
47370
-717439
67155
-338638
846226
1375679
-569430
42323
19000
-554253
228547
-1047656
-39151
572634
-634024
-615755
-418432
840375
-83388
1047916
-595382
-489362
-145118
585691
-905676
51160
-569637
-1059468
1434117
-769098
-643998
-983776
-772100
-80651
-23060
-217212
-49262
-485016
-776186
106873
-659560
-974445
-14524
-282712
-911452
277921
-423824
-91066
-640534
-1082757
-546057
-48742
-1171039
78274
47301
-149693
-317911
-946844
-445716
311360
-37512
460364
-967140
56286
-53404
1664047
1223510
-399503
412231
-741314
-392302
161001
550660
1018484
650792
1537945
-41366
-396340
-372095
-5823
1240010
-1626089
1034067
-283104
-332859
-446604
-689986
-99454
187154
701548
-449306
-585032
-52433
727489
-1108862
-585519
-282386
-643918
-411480
-93742
34381
-485993
-925056
5131
1702891
1114434
-1087674
-900717
-945039
-404376
-760325
-267386
906683
-78831
-208814
1608886
-407878
780757
717480
779260
472625
-673233
-1043426
-558777
-907124
-329092
-987956
-683798
-363551
693901
-722525
-634966
60514
12856
770525
-533854
-393774
40320
1160741
-327850
730781
-1035988
1886024
-617496
-325809
-505087
-323694
84209
-912119
-1678243
-914600
-457773
-36067
-261618
990480
-952715
-1059696
-708987
-530204
1067145
-47823
757423
164979
950538
-109195
-289413
8185
1316266
-1576
-201480
-12991
-11138
-806106
-727528
260407
424140
-7471
299542
271226
724305
785378
-923105
-1258210
2109965
570201
82197
-730332
476628
626355
-809720
95868
1045712
-724750
-1077534
-342122
1750494
253762
170765
84831
8630
-466922
-1621390
1128967
-304596
1983569
1569716
-774022
136834
2096714
-894531
-716256
-494020
-175734
164688
593843
1148967
-572439
-164450
269462
-850170
-522197
61399
642339
797725
728640
38344
207840
120988
-1004348
-1032320
-9806
97173
1197730
1270884
443664
-251878
689663
-889011
-557329
-568291
306476
-676264
-1096460
-313175
-596959
198064
1737506
-268998
-582411
47393
-1039280
-465787
681993
-297241
-496487
1470181
-141132
-9523
1035269
1182484
-744148
183703
-25122
523737
108699
-625386
554789
394272
1679325
1520174
-396771
-704325
-368662
327623
5797
-137502
-103853
44396
-637535
-557480
-466934
-158487
-831222
-591682
185670
691362
311812
-870217
-275044
-695270
-33422
1222818
1118129
688477
-1172542
167505
261298
-1115503
-607155
-1162303
-728976
1869912
-1323059
-805752
101318
351342
591112
-475753
416623
1461945
454605
2022278
-1193991
-956416
-547492
1213514
-82100
-77750
-233703
-508812
-925585
1054091
70729
-210356
99853
-747672
-1394118
-317138
-566568
1030184
-232729
-401480
171148
-246824
-574285
1214016
-197202
-378936
320208
-51513
-1263642
1543856
-493838
-315234
-878795
-960128
-1932530
-513590
56779
-1383894
-555944
-859624
-46257
-127992
-998203
-898818
-70554
-92922
1353081
117573
964994
1201790
1418138
489602
-342237
-765337
11962
1091178
-544816
-761889
1638046
-730607
-493951
143160
106095
-581729
-1076091
-283661
-1451724
1925226
-81865
-1170476
-14708
2074758
1145018
-562938
-380238
877502
-707854
204762
75696
669641
382322
-601357
-636540
-269175
1254930
-476625
-776354
-280653
968316
948719
-22861
-869251
1653763
938044
-718492
262735
-1059367
767533
-204923
-1115277
15963
-428918
1686366
-358184
759595
-1190356
118492
1521665
-39858
-486549
1473726
1344791
-409231
-657425
-76113
-109387
1096906
411401
1488942
1024282
65706
98046
-788771
5982
89507
-678419
120910
-351633
275657
-34246
138193
260899
77348
-122497
-135339
-277567
-661527
1533588
-653336
-748049
1139844
-38475
-358850
246907
255074
-965862
-1036708
-601123
-448312
45814
147177
-394624
-320110
539879
404571
1275474
-46289
-1088458
-797428
-1095630
394397
-616134
-248808
-1181362
-657335
373341
487749
-246155
-512822
-264805
-638550
-553024
1025793
551041
-556458
612901
-246705
-501341
-659859
-252810
386955
19769
-55294
