-68261
255998
193343
84107
-251506
53611
-145008
-103427
264837
-1615
19092
-200390
-306531
167543
-181984
283935
-179785
-86031
-293434
-159847
-350444
-204155
-220616
33377
226302
-221593
-155597
-324524
-42970
88829
-319941
-265622
-11720
140210
-253360
131636
-353461
-191934
129827
57905
-200454
460550
216057
-195302
-75855
-260514
-929064
73630
-143492
-186355
367039
-108698
-109699
-96579
-87667
247487
-307726
126526
-137686
216757
-486851
-36802
-22827
308327
-260362
205243
258903
54834
-11846
138726
9171
-21609
-341272
-49522
-187698
188579
51909
103517
153292
251076
-99922
-208705
271609
279043
-296160
404342
-237273
-389794
306516
-129782
128141
-297893
-242942
-85795
-127639
224752
57852
-152403
-596580
261389
200302
13206
124752
258570
-86816
180524
-174233
106275
147323
185283
-368588
52212
-188440
-184474
31649
227695
-17465
-350438
18530
-19108
-399664
162477
22868
174875
-141973
65814
192571
244398
