54
4
7
6
-40
-41
21
-21
-36
11
-22
-26
-28
-44
-38
10
-13
-25
2
-1
-5
-35
-32
-29
-8
-17
-15
310
25
-144
128
5
-207
184
24
-478
269
-12
-155
77
-60
-252
149
37
-490
125
19
-36
-79
77
-63
25
142
-308
-390
-346
-455
228
347
-75
3
334
152
70
-169
-367
554
463
-99
27
186
-130
97
-91
-198
451
303
-36
-219
-59
-240
-30
-28
-28
-34
-30
-31
-38
-35
-34
-24
-25
-25
-27
-24
-25
-28
-27
-27
-25
-23
-22
-28
-25
-23
-28
-25
-24
-38
-16
-15
-32
-34
-25
-15
-48
-36
14
34
15
39
30
35
59
28
31
36
62
46
58
55
54
81
52
61
-134
-163
-32
179
86
-133
324
350
-71
-237
-219
-91
388
148
-254
737
710
84
-152
-56
12
144
-20
-177
243
234
-106
79
20
-22
22
-50
-120
14
-46
-95
4
-4
-71
20
-18
-71
37
15
-43
7
-7
-63
-7
-44
-86
10
-14
-54
36
36
30
17
11
17
30
30
35
37
30
32
19
24
32
35
34
39
1
-2
-4
1
-10
-4
15
5
6
-239
-228
-276
-388
-388
-491
-297
-390
-415
434
444
355
376
335
202
388
295
174
-63
14
-56
-17
-49
-136
40
-39
-117
33
86
90
77
139
130
85
136
150
39
47
54
-47
-31
-25
-39
-4
11
-164
-130
-137
-246
-234
-240
-202
-187
-186
-66
-22
22
18
69
86
53
130
141
35
25
19
72
75
63
60
98
103
-7
-41
-42
42
29
7
47
48
37
-64
-117
-54
-14
-117
65
137
36
-31
37
-72
-29
-137
-234
-91
7
-56
-110
-28
-17
-19
-84
-110
3
-10
37
-66
9
124
85
126
210
141
25
107
43
33
51
6
12
-38
-64
-85
-94
-139
80
44
14
62
19
-51
5
-12
-72
-449
-450
-287
537
-55
-269
702
166
35
-310
-602
-624
818
-23
-727
1139
408
-72
-187
-168
-112
329
40
-334
433
121
-20
-66
-112
-224
-264
-209
-299
-113
-3
12
165
-44
44
-79
-197
-22
26
-31
202
242
-14
77
-8
-155
-30
120
23
188
-30
117
-19
-74
-158
-189
-27
-10
-43
38
100
10
-153
-288
-318
-148
-143
-201
23
157
-22
-81
-106
-169
-37
20
-85
27
29
21
24
23
20
21
25
16
25
33
23
26
26
28
22
19
13
10
22
19
18
20
13
16
18
10
77
80
59
98
125
166
54
161
164
-26
11
-70
-41
163
128
-78
209
231
-20
-15
-71
-23
93
59
-76
66
158
12
0
-12
6
-10
-27
-31
-44
-50
-4
-33
-40
-17
-56
-49
-58
-78
-78
9
-11
-25
-8
-31
-28
-26
-56
-54
-12
-23
-8
8
-4
-6
-26
-52
-37
-45
-43
-24
-45
-38
-23
-57
-55
-57
-19
-25
-6
-17
-13
-18
-56
-59
-53
429
231
75
-181
-701
-574
230
231
202
666
369
168
-423
-1426
-1186
575
382
451
261
139
-183
-30
-478
-384
205
293
181
204
175
88
168
141
-8
-94
-195
-281
10
34
-30
68
94
-31
-65
-175
-244
62
119
63
150
147
56
-33
-152
-172
-41
-18
0
-51
-24
-4
-65
-32
-16
-29
-19
2
-40
-43
-23
-63
-49
-39
-21
-19
0
-46
-44
-22
-59
-54
-39
120
153
112
50
-50
-113
65
-141
-355
-22
14
82
-14
-168
-139
17
-272
-327
-156
-126
11
20
-75
-15
94
-90
-134
-23
-21
-18
-13
-16
-15
-11
-14
-13
-17
-13
-12
-8
-11
-10
-5
-10
-8
-15
-12
-11
-4
-5
-6
-1
-5
-4
128
-64
-76
-84
-260
-213
-99
-27
30
80
-134
-135
-111
-366
-308
-165
-107
-99
138
-33
-40
3
-103
-52
-61
81
118
6
0
4
-32
-27
-23
-49
-23
-14
-16
-13
-11
-46
-33
-31
-63
-30
-18
-8
2
-2
-37
-25
-19
-51
-26
-10
22
-14
-17
-9
-25
-32
-55
-59
-66
-6
0
6
79
103
96
40
71
55
5
-11
-21
71
88
62
47
57
27
-13
38
96
-67
72
74
-3
13
154
81
134
110
80
217
150
108
80
144
30
30
9
-14
16
-51
17
-73
-10
86
38
9
49
40
9
6
-4
-11
68
18
8
22
23
22
12
17
18
46
15
5
5
14
10
10
7
20
-12
-17
-5
-38
-50
-32
-42
-41
-29
-6
0
12
2
2
16
5
20
31
0
-3
12
-4
-8
1
-2
0
7
59
31
14
36
-1
-28
38
-7
-9
73
28
6
55
-8
-25
54
-11
-12
113
38
23
87
12
-17
78
-3
4
1082
-777
-946
2000
-249
-1261
334
190
-389
2005
-977
-2009
3113
-427
-2383
1668
316
-1292
829
-437
-907
1735
-48
-1469
380
504
-592
-55
-36
23
56
84
129
-9
-20
104
33
-31
19
-89
-141
-83
-92
-134
-61
-50
-43
3
-119
-158
-84
-106
-156
-32
4
11
5
18
15
14
31
38
29
33
36
44
43
50
46
73
62
58
46
47
44
53
46
45
57
72
59
45
15
-28
-18
-140
-131
-44
-188
-134
77
10
-88
-1
-207
-194
-67
-272
-185
45
6
-85
95
-6
-69
16
-77
-37
-25
-35
-38
-13
-22
-19
1
-9
-15
-37
-45
-43
-23
-27
-26
-13
-18
-20
-32
-42
-43
-27
-27
-27
-17
-17
-19
-33
-99
-79
-128
-214
-76
116
125
245
-16
-164
-125
-77
-257
-161
2
-66
12
23
-75
-52
27
-121
-87
-77
-137
-64
118
62
-36
-40
-163
-63
-176
-179
29
181
163
90
-203
-350
-99
-360
-349
-16
71
82
-66
-43
-71
-12
-220
-107
59
-18
253
149
267
666
522
-1
445
351
-75
-120
-171
-192
-283
-285
-122
-185
-171
76
-95
-25
-62
-357
-244
42
-168
-40
-4
36
-2
-164
-158
-151
-102
-119
-82
73
56
98
-187
-256
-213
-113
-188
-92
246
229
222
-58
-135
-108
15
-72
-55
90
3
-42
181
83
18
17
53
111
185
80
-126
454
261
-22
129
20
-96
152
41
-151
350
151
-97
6
-69
-228
-55
119
53
-379
-672
-623
267
681
479
-253
-142
-182
-305
-745
-708
166
534
319
-9
188
90
-112
-322
-337
16
518
225
-214
70
227
190
142
60
-19
-443
-403
-101
35
120
302
167
103
-104
-521
-441
-131
-19
93
285
219
85
30
-336
-305
191
-219
-64
-62
-493
-339
-65
-396
-232
147
539
432
439
817
744
464
893
832
-352
-220
-253
-465
-274
-333
-522
-305
-327
24
85
62
-55
-52
-118
29
-104
-204
-114
-64
-104
-173
-177
-247
-58
-217
-334
-28
23
51
-18
-16
-46
69
-80
-122
49
86
-159
-170
435
95
-704
357
42
63
175
-293
-240
871
433
-990
750
310
141
104
-60
5
171
-46
-365
198
-79
-87
-89
213
-184
-389
52
80
-122
53
-222
-384
146
-217
-562
76
37
-262
106
-34
-108
110
-55
-180
103
41
-47
97
-87
128
66
17
188
83
93
216
95
-84
-10
-17
-156
-81
-131
-132
-128
-196
-89
108
138
-23
140
134
63
170
154
-264
196
-231
-91
385
37
-115
194
-147
-375
332
-258
-197
738
21
-186
374
-187
-184
223
-207
25
289
-50
-108
101
-134
126
134
160
140
151
171
187
198
215
-13
-37
-33
-67
-90
-81
-49
-82
-71
-103
-107
-79
-140
-148
-123
-110
-132
-110
41
43
118
33
-21
63
76
108
226
19
-8
41
-256
-378
-227
-216
-251
-108
168
139
265
-190
-250
-91
-111
-142
21
15
58
100
26
42
46
45
18
41
-11
50
75
25
38
39
64
18
33
-50
-7
42
-22
-31
-1
38
-21
14
46
49
44
24
34
32
18
21
24
31
25
26
1
14
15
2
7
10
8
7
0
-12
-1
-2
-12
-9
-11
402
261
169
-38
-328
-190
240
-255
-192
725
401
192
69
-569
-483
271
-469
-449
172
203
51
-75
-233
-121
192
-54
-20
28
-97
57
-3
-130
-3
14
-120
3
7
-108
88
-60
-189
25
-104
-200
18
13
-74
21
-19
-51
24
-42
-96
13
-36
-30
-32
-28
-25
-30
-16
-21
-23
-34
-25
-26
-24
-19
-21
-15
-15
-17
-20
-14
-15
-13
-8
-8
-7
-7
-7
1
77
43
139
251
223
191
304
278
-79
-54
-35
-107
-38
5
-105
-36
2
-75
-21
5
-98
-28
33
-68
15
73
-5
122
-132
88
308
33
-21
57
-91
4
215
-15
111
489
198
-164
22
-2
-26
81
-112
55
245
44
-59
-11
-45
-12
-15
-20
-9
-16
-20
-12
-20
-23
-11
-11
-16
-7
-11
-16
-12
-14
-19
-7
-4
-6
-3
-3
-6
-8
-7
-11
107
70
84
30
51
118
72
10
39
32
103
103
6
113
158
19
14
55
10
38
39
-13
21
80
27
-32
0
43
27
-125
65
23
-19
122
179
139
-41
111
1
23
258
232
-114
189
261
-82
58
-65
-68
108
117
-176
89
176
34
41
24
216
257
230
148
161
146
156
73
65
98
8
-2
105
13
9
-151
-191
-121
-291
-331
-270
-261
-293
-252
16
372
-194
473
235
-316
91
-193
-647
167
797
-283
964
587
-412
42
-423
-1213
-67
383
-200
203
240
-176
-70
4
-353
