-421227
117311
4645
188983
-460753
-13762
-191630
-203454
-277895
-238634
-301210
-162113
-196547
337264
-7945
-413515
-164305
-304162
279549
-191706
113083
-465223
-53727
-75533
14356
-141155
53232
-180030
36136
191663
178996
-465929
42163
-152392
-69889
-553436
57918
-362639
41026
-94139
-190608
-48647
-208874
195136
160373
-11941
-127039
-222328
-2123
198907
-244538
-90480
-415442
243342
-99840
6687
109217
-41881
-380140
-459525
-109860
-500198
-139715
128136
-188800
409696
-129311
-270211
-168446
32718
-220837
-99686
64230
16848
-262575
-125218
-231206
-103044
-53
-146821
92093
-330104
-121573
-320559
-62002
71714
-77644
-111223
113254
-249354
-271505
-58677
-180516
-18784
-180962
227514
142833
-19898
-174006
-36423
106502
-463379
-179273
144597
-60836
291778
-291522
-136794
-44678
-108330
-33660
-328043
-130211
37867
-62510
-133049
-27131
-433226
-404051
20021
9984
198639
24851
-4799
-87596
-108716
94684
-49197
-578721
311262
-83841
-127928
44147
-333958
190030
-70012
-120300
-77313
106930
-233806
29608
-82589
75675
264759
58529
-121880
260020
-20167
126408
-180116
-48576
-136296
122657
-653501
87892
-149904
-254388
-65954
-237376
144036
-242916
112083
-276961
-98871
-62768
-278498
328581
-135202
1071023
-179465
-436103
217305
-210272
-218149
15716
-199446
262875
248812
-121662
-91095
-60855
-86761
-132609
-219147
185574
79863
-427121
49773
-27787
-12900
-188099
-244251
-110675
151481
39327
94048
-74664
-219417
-164803
-326229
-78743
-267686
-64587
-17504
7511
15395
-59822
-70498
-31782
139061
137436
85004
-47024
-164047
97405
-61884
-115859
-578866
-137460
2554
-66468
-20935
-477750
58635
-55537
-304840
25935
132759
-312403
248176
-251482
15073
-57443
-219262
-254989
150642
262139
-22359
-113594
-126934
782323
-132077
-172820
-74902
-114901
-33735
-206098
-80596
-187731
-77792
-113488
-142417
-19476
16986
-555929
-174079
300437
-332497
-105855
65334
-52137
-36076
-131752
-1096688
161108
-417854
-275472
-416145
-387963
-71887
-535958
-265062
-399797
90209
-150895
-132001
43959
94941
116102
-80014
49962
437076
153435
203570
66037
-238325
-224258
-157793
-125114
-153047
-197537
-241679
-372806
-270108
-11513
82645
-59120
-58362
-57967
-69006
-498763
-62754
-207704
-596572
114437
69877
-120143
-100211
98959
-174743
-2997
-154171
-276535
174131
-307383
48760
156092
-102321
39577
-50255
-144655
-322467
-73725
-286289
42797
-120590
192650
-469518
-122593
-193740
-128350
94038
-120349
-115145
-114625
-92207
-11821
-221960
-368307
-408946
24297
-328679
188796
-335066
192236
-130216
-89791
145774
-89839
-218221
-202446
-178130
-167238
-85922
50355
-114972
-113089
-57935
-77788
-398050
295607
81401
56922
92040
-126334
-441582
-370563
-70494
-187948
-327261
-356585
-52857
-324496
108577
-138052
-482362
-260372
13185
16148
81612
-244081
-34903
-703268
-270204
-131557
-166495
763957
-50687
-70817
-192514
41427
-201858
-26090
-253854
6038
-235249
-633021
-51116
-426234
-238624
-535262
-72467
-121289
327800
-317758
-8081
-119461
-370538
22587
69078
-330598
49450
-61897
-374283
102954
-150632
31994
-230815
-149690
64920
-278648
-18144
-367807
76018
-127869
409809
-330644
-155471
179104
177378
-362405
-18890
-47068
101040
24674
311347
-139288
149973
29450
-174130
182667
-65953
-227673
150587
-39501
81495
-346322
-97967
-258926
-192439
-148029
-106848
42396
-81987
-193312
-4931
-100754
1017145
-187298
15446
-372679
-66754
-208018
-254552
-53989
-158151
-137738
32981
158268
-184444
153385
80471
-173222
-127793
-160339
-102859
27636
-13991
-102073
-467831
-135929
-104934
-97594
51861
-12563
-29006
-2254
-167438
-28702
-112939
-4276
-60862
30924
-335402
-176301
-13897
-265893
-161262
-39055
-36172
-49414
-224969
-285188
-176356
69065
-203317
-61298
-89113
-201457
-121890
342594
257288
