-781
311
22
-321
82
28
-334
-546
247
98
-269
45
-314
-1486
-361
-254
341
-160
-1385
79
-592
-118
97
-573
-128
-71
-194
-299
-154
-468
-425
-256
-384
-195
411
-54
-359
-213
126
447
-612
154
-528
-1097
-431
-39
129
53
71
-1214
-607
-400
-75
139
416
466
185
-23
493
31
176
-56
203
80
81
-1721
-60
215
-16
446
248
561
-1095
194
-607
123
16
17
-120
-341
87
241
-39
-70
342
377
159
-648
326
37
-686
-124
66
264
238
-1282
-1032
227
54
-163
-243
40
174
66
376
248
496
464
367
468
74
87
-434
-163
-25
474
-263
-535
133
-12
181
126
-109
-73
145
280
25
519
-126
-975
97
6
-425
-588
-1178
-67
-127
64
-300
346
327
-20
-1198
-582
932
-75
10
356
-124
-83
72
720
-4
-149
112
-293
422
-497
219
-231
-19
-831
372
268
-460
245
-521
252
-2498
-149
-82
148
-11
-243
79
190
-1456
873
-210
213
-1039
-91
327
330
-475
142
-589
361
-321
332
125
390
-594
164
610
-283
4
91
547
323
-710
-60
544
-121
-1181
-292
71
88
200
445
328
-124
-55
-148
-754
245
30
68
389
-437
-193
-605
-85
-630
-656
-190
-1227
-161
463
654
-95
39
87
172
94
-496
-277
233
318
-251
-1424
234
265
81
-354
-69
191
-61
228
410
244
290
-179
603
-89
-17
-1200
178
434
-485
138
211
491
-4042
338
-56
-78
34
-213
391
36
173
-68
-880
-494
71
-988
40
401
-232
-407
-1251
265
865
-332
-243
-165
125
347
-102
-366
391
171
333
-221
212
629
65
847
-530
-288
418
-6
-78
79
-827
76
30
-139
262
138
-235
-55
-317
-284
326
-849
297
-331
-1226
-408
337
-211
37
-403
-786
-282
86
-214
236
54
301
22
493
458
124
133
-181
-24
-51
-1032
-304
375
-137
-124
431
-319
-761
22
-48
-373
-137
292
-199
-683
-2
217
-287
285
-29
-1568
446
847
184
314
-224
-112
347
61
-11
-485
39
-769
664
52
165
-19
-922
1395
248
374
15
-92
-344
-30
400
-2596
343
-112
-20
308
293
-145
-550
-176
454
18
-483
-108
277
-83
-258
215
-975
-107
-48
-159
21
-1066
-405
-46
-637
212
-165
-731
-148
-77
-367
81
192
137
450
42
-284
380
-1446
-254
440
-35
-963
18
22
-89
558
-373
-1464
-38
-990
144
71
-743
-954
-77
329
-886
53
-52
-913
-554
69
-168
-30
-1077
130
-35
-128
75
-2911
145
-310
112
-295
-1
229
339
661
-264
-961
-103
-106
-679
315
85
80
-276
330
-609
142
-401
-53
18
3
335
907
174
-9
7
172
353
-56
61
-195
-850
-80
-441
93
-5
258
-294
121
-115
323
34
-40
-88
188
-1018
-113
-65
509
-1265
-252
