83
-696
-1465
-185
-442
-933
-197
-677
-1105
299
-148
-193
1173
-395
-1491
1465
-44
-1083
-549
434
-547
-752
11
538
439
599
161
-34
18
-64
-390
-180
-191
-642
-236
-25
1520
1898
762
2124
2211
1038
-291
1254
35
173
498
205
86
-1846
210
82
388
119
-295
93
-161
-785
-570
-197
-479
-106
152
-196
-215
-48
-510
-553
-310
-84
-401
-226
394
-28
195
723
357
372
85
-125
-235
-504
-177
-430
-393
10
-505
-536
115
-97
125
252
236
226
445
489
-40
255
245
6169
1324
-1987
1307
-1523
-4405
-476
-531
-20
-389
-363
-484
-249
-271
-411
75
-113
-82
-19
-339
129
193
254
-608
-148
721
-2
1392
-251
-260
509
-678
-755
958
-477
-788
-406
528
-1582
-2654
6189
1052
-782
342
-1184
-23
-181
38
-305
-414
-125
-23
-326
-256
-3209
411
-2856
1737
13077
685
-2128
652
-1469
-486
-327
285
-584
-482
-194
-152
-368
739
816
327
1074
-478
-918
310
-1014
-1859
-821
59
921
-58
-124
-2563
-185
-121
1608
-163
440
-4447
1259
-24
758
429
-52
1070
-447
54
244
-512
557
780
473
594
352
-25
4966
1443
-1769
46
-1679
-679
-811
125
365
67
450
396
712
436
1622
630
745
828
-263
-1597
-233
176
-289
229
1402
765
-277
-199
16
-100
-318
-229
-290
-295
-156
-11
-783
-555
-738
-560
-85
-377
-641
-377
-266
-2129
539
-1485
728
5334
475
-1281
1268
-2165
2554
1266
-1109
1019
1054
134
-1384
-239
-1110
-1466
-1380
-938
-1356
-1202
-971
-1689
-1569
-1052
-100
-109
-421
-366
-254
-455
-68
-131
-125
11
37
11
80
272
118
25
170
101
147
-597
-361
-30
-586
-357
320
-228
126
-34
-70
-19
-258
-265
-161
-333
-173
-34
1757
2531
1601
804
-771
-915
-351
-3415
-1420
196
1828
3005
252
864
2232
-199
-772
-1056
652
662
1077
18
-10440
1933
1471
2390
5572
-746
-1808
-495
-463
125
456
-296
2386
851
-340
689
-693
571
1821
-108
-517
368
-501
840
1141
1293
127
76
170
597
-62
-369
-817
4818
1437
11
2644
-583
-39
-1729
-1829
613
-1742
-701
-567
2446
313
147
225
-250
638
-1588
-1538
151
478
141
1096
123
531
86
152
-116
501
423
297
92
101
-33
-480
-1960
-2395
-1085
14719
-412
-1557
1545
-1316
371
1463
-1787
-1129
1503
-142
-21
-953
593
635
13
-637
2868
-237
-2729
436
-124
-116
124
106
-384
55
-208
-725
138
-203
-582
189
-635
651
-1917
4271
-1930
242
578
-1412
-226
113
-384
-122
51
-288
-205
4
-485
-46
-144
-172
-300
-388
-226
-236
-323
-195
-1666
-1605
332
-743
-118
1204
52
696
1643
-351
-313
-179
-590
-251
-66
-464
2
-122
-3
330
-168
360
-140
-1474
-435
865
649
-1051
2039
2501
-6559
254
1482
983
740
-378
-1452
-1569
-56
-657
-955
-25
502
215
968
545
-244
93
830
-320
587
850
-408
264
-197
1642
577
1
1203
437
-2058
-885
-527
400
3
321
865
811
244
567
390
-99
74
675
1156
-879
-127
510
-1272
-330
127
-1127
-1710
357
466
-581
-470
2529
3332
-646
-227
-268
-52
-260
-325
-157
-59
-56
-31
466
-77
-193
7
-1537
860
64
327
45
