-1433090
779187
1149490
574822
259881
-445258
-887012
2249357
-220703
23017
-1423954
-180012
-552290
1295874
-376988
-810916
-277427
706360
-1435767
-39767
-172789
936270
-121365
-1358992
-949036
-1100244
1269816
219195
474349
-731388
39679
-1234157
309685
-312353
375725
-744376
-807512
-835362
25740
-109831
1382113
-364379
-1526134
1348948
3143
-865336
261811
-429942
242687
-1429275
-1115748
-803234
574550
353005
554253
-1027419
203786
152219
332272
-41312
20030
1494
-104428
733874
152375
1048174
518722
-95264
309328
-527048
339847
-99777
1323230
-128694
1667836
-581343
-326440
788137
-231167
-282877
173113
345427
-307125
-719787
669062
-218937
-312200
1410252
281859
-79523
1435165
-91290
-206111
513704
206679
-1505328
1005407
615512
-276041
-954878
471250
63783
116375
810962
-345595
1446272
-212993
-238156
-899499
-35962
-332723
259347
598784
-66112
207942
-152513
-1006398
1498433
-384929
-173665
-58734
-889615
477362
225309
-660793
-539567
-874570
-797261
1840197
748953
53507
-371606
1260780
-1603682
-1223630
-575550
676036
-126843
-323976
100064
33472
-771721
1686318
-451176
-126271
502292
856375
-303147
-224302
139350
139212
320313
-652439
1115661
225910
177637
-80632
-601502
122971
361122
124883
1667137
314937
23644
-1022926
705899
1031728
-120739
3139605
491662
-1666711
-93210
735501
-941081
105955
441710
-1034108
943354
1250403
7010
-1251698
75295
108393
585264
-45130
45712
-1493638
297149
-888108
466486
-65666
-246758
-1337270
372450
-869130
522698
-277562
-137302
-277074
-67014
-1122777
-444649
-131910
-650415
1349767
-1637241
345224
-426101
748216
-986657
482686
1366189
-670706
-163096
-1838899
-257869
-851312
649458
212698
489660
604135
-762477
366426
792212
161701
106573
-1541603
-553580
314964
1017019
169892
278114
-230000
-438775
464592
-560988
1363616
772768
-134600
-875570
1700412
-458947
3944
710082
400828
-627776
-190057
-145078
-134697
-51053
-408306
-147124
902967
-249661
1600848
316964
-1416358
478747
-342962
-576201
252123
526893
-505184
-1721645
-1274686
107795
999931
204218
1686485
213474
-185082
71715
1009235
1207604
130975
480206
-1232486
570620
-716987
-883757
41797
442662
1467332
255189
1455427
-652084
-976598
225059
-409689
-82293
-1095165
-2562
157627
-155246
-639920
57824
484986
-793989
-169651
1312866
-1197549
-288504
-554671
1540071
945582
-1387562
200065
78458
-338796
234588
-365058
512034
339808
52543
-747506
-233465
-685983
186915
222667
1591578
-531940
-318474
130771
619594
933090
622671
1197545
99966
-126043
328150
-174476
785563
-842547
-483925
-459138
363195
-178224
682315
-426333
655686
1505819
-1163339
-208595
-1296435
-217965
167415
-586089
1595744
-49072
-371174
-508791
-785022
217750
1418564
1381182
292175
-695022
-410314
-455022
-817694
991542
91941
339434
483937
-89879
-1165524
-1088978
464655
399741
-282639
-875313
-284072
-1539248
-723208
-560476
-1045974
-34964
1383590
-302647
-55132
18512
-28979
-1274549
1189638
-370251
-125159
-1653019
-257445
440468
-157711
-721019
-121709
-183668
-1344019
33054
-738001
-106595
-1539662
-320248
911005
1521840
-1227088
-79994
-477759
-695113
26910
304317
277670
-1069165
554518
114630
355661
-915041
-898075
950422
-84516
-448336
-1125021
-463157
-293405
468342
1082600
-417814
-219670
249052
1176135
284200
-420776
575629
-1225007
-175280
-735351
57044
312151
-559948
1339031
14495
-1934029
-207122
680080
789894
1378545
-331486
626998
1246313
40989
667569
-1790172
1051218
-86181
-1015622
-442586
-1427297
237398
-148249
442676
-180377
-1811536
450482
1118672
-28614
686819
391416
70381
219694
-312928
-1274075
-1734862
436518
-1132882
1064250
-102268
-497503
-560530
-63196
-17434
126055
541449
-1248441
-999642
672853
-335370
-365326
346143
-701974
-79074
474699
304066
-496357
-15977
-849399
302856
-1386351
-232631
1332747
-219727
-100522
131659
-688723
30328
473642
274546
80806
1533223
619958
471983
-1129002
-462569
48082
311559
-1397902
1704569
