52
56
-7
23
13
51
20
-12
-24
35
-34
-14
-21
-4
24
9
4
-10
-3
13
9
7
6
15
3
5
-9
80
-12
-2
-6
-3
148
921
141
-12
-17
-8
0
26
-8
-13
235
51
109
-104
172
84
3
41
-49
81
-50
42
-51
117
-210
-587
-222
158
-289
-330
-116
94
-153
-355
9
-126
9
-1124
-2
-134
-77
-710
-306
428
-372
-745
10
163
478
-328
506
160
46
-3
-17
-7
7
52
-53
3
-2
63
-24
-37
-42
-82
98
-94
71
-31
133
48
15
278
25
147
-76
191
-12
-267
22
126
-31
99
-62
287
-68
41
84
114
-607
-1417
-540
126
49
-29
102
329
18
23
75
109
-33
-114
35
121
37
126
-203
-239
-225
172
99
-43
-18
427
-10
-101
17
-11
313
704
316
20
-59
-360
-328
-364
-365
-426
-93
-710
404
-472
324
-776
196
286
219
272
195
413
-130
-147
2
-95
-109
-141
-638
-951
-1
87
-50
-1122
-1035
-790
564
-97
707
-1227
-144
110
175
383
166
143
290
99
181
259
266
168
13
360
56
-64
68
384
-27
-134
142
-65
114
-146
-9
-184
48
-384
3
-258
65
53
83
-449
94
92
-96
-512
670
350
682
-572
227
-187
-207
892
-174
-154
-149
213
-112
-101
-115
210
65
-431
236
216
198
-519
-79
34
14
-23
64
63
78
-23
-146
-219
-143
-19
-1
-66
-74
85
-57
-109
6
-37
93
-294
66
-20
-36
839
542
-187
601
809
134
189
158
-37
192
236
-18
8
143
-218
144
14
47
-17
28
26
19
-7
-3
50
-33
22
-34
39
-1
29
-15
34
-22
39
-11
-5
-23
104
-30
-11
33
2
-21
-3
-12
2
8
22
-188
-1367
-168
57
2
69
-1
12
-1
77
150
44
122
114
103
94
-2
-45
7
391
33
73
91
-67
-339
82
-273
-78
-127
62
142
260
174
24
176
125
-904
-443
-828
86
-169
-1155
529
441
501
-1268
-144
135
1146
-477
1133
11
10
104
-226
-47
-371
105
48
133
155
-332
197
177
-31
-134
-103
355
-143
-151
359
-9
-391
-509
-392
23
-228
-490
-356
-2183
-363
-582
61
494
107
-186
230
437
10
-53
63
470
55
102
-44
-52
31
54
-8
-31
178
129
66
74
65
143
4
54
146
-147
189
20
63
34
330
57
340
39
100
89
-28
-386
-50
98
20
258
609
1665
665
263
124
27
79
198
83
30
36
-202
350
-99
334
-178
57
84
-101
-8
-161
101
-129
-1
-84
-178
-112
-132
23
-306
1199
1089
1144
-353
7
241
114
376
166
221
-227
75
-28
-329
-54
-37
-22
67
110
-497
109
83
4
32
-28
-88
-33
-1
130
-112
-9
-36
14
-124
-117
-39
-70
-153
-52
-139
97
18
-43
90
-59
3
-87
-86
-103
-160
-120
-73
94
-126
453
-195
470
-119
0
76
379
1305
342
82
20
7
-11
23
0
19
-34
-2
-26
9
-23
-20
7
18
15
-67
-2
27
-30
34
-297
-353
-295
31
3
35
14
-30
22
19
19
25
-15
-36
-27
40
-8
12
26
-30
16
-6
-13
-85
45
-104
41
-135
-8
-234
36
-141
17
-233
-97
-19
-138
-233
-199
-18
-47
-222
30
-144
40
-225
13
-36
158
847
142
-50
231
375
874
301
909
392
-136
103
-163
-439
-138
8
-53
22
51
-28
29
-31
38
48
3
49
-25
78
29
-72
1
72
-26
-39
-23
-9
23
-7
-3
33
-6
-46
-46
-71
-60
-66
206
90
-139
-302
-181
148
-59
410
807
566
789
412
-6
29
19
-33
-24
93
134
244
100
268
77
302
87
-140
244
88
269
-230
305
412
-133
-249
-110
456
324
1390
248
-465
269
1541
-452
-618
-180
-475
-238
-731
24
-147
83
-10
105
-357
-2
190
-152
48
-54
197
-27
-123
-75
293
-48
-197
33
99
45
78
21
125
72
88
445
241
531
101
-21
-552
-21
-869
10
-530
-182
-698
-586
-1033
-610
-721
210
215
245
-378
207
283
5
21
-1
-60
2
28
24
-1
-46
76
-8
-25
4
56
10
18
-8
62
24
-44
-24
-76
-17
-7
-1
103
120
117
146
88
33
-56
259
518
250
-64
-26
-76
-14
-16
-45
-66
51
-137
209
-22
244
-40
104
33
13
109
-16
73
-136
119
-47
-1
-17
14
44
-86
177
114
164
-55
-58
-425
964
828
903
-484
-161
282
-641
-55
-646
277
28
215
288
303
290
186
120
-25
110
207
112
-55
19
-35
-23
-149
-1
-2
64
25
-139
-86
-134
-7
28
-32
-292
520
-281
-28
127
-123
-51
741
-62
-113
-35
72
-136
-393
-143
30
-86
86
92
91
7
65
-115
-117
-215
49
-155
-150
-152
-373
-314
-307
-380
-416
-282
-599
-495
-710
-603
-535
-140
-320
-15
-1306
-12
-408
96
120
-169
-372
-198
163
194
-122
96
219
125
-131
-39
195
-124
-123
-56
212
-46
-107
112
45
18
-47
-68
-105
-329
-203
-410
-100
-72
-18
0
-255
-5
-91
-176
378
676
1131
689
254
35
-10
109
-87
147
42
-61
-26
-44
-379
-32
-110
-83
-59
23
-231
13
-125
5
-85
-1
132
12
-55
9
39
36
236
47
42
-77
141
241
237
231
92
113
54
284
414
319
76
-45
-30
29
-51
41
-44
-29
-20
-26
2
-13
-39
56
11
28
-22
34
-10
-105
15
30
-32
136
47
-8
-84
-86
-33
-56
-83
133
456
378
390
355
509
245
486
564
415
593
502
-244
-191
-271
-38
-265
-263
93
254
-52
75
-69
242
-105
-185
-41
388
8
-228
38
162
153
239
174
223
226
199
367
245
283
289
155
430
428
317
500
403
113
228
145
-85
172
285
85
66
494
-104
531
81
-79
54
107
230
77
94
40
-63
-38
88
-62
-77
154
-21
75
134
125
-13
-45
-54
100
137
61
-97
-37
-82
-32
-218
-43
-5
-12
44
34
-207
27
-8
16
43
-314
-418
-363
52
-13
5
-319
-468
-340
-39
116
300
-746
-284
-710
326
-105
-132
-71
-32
-82
-106
-217
-29
-204
377
-193
-126
115
70
127
520
176
-16
-14
6
-257
423
-245
-7
-137
-140
91
-386
82
-175
-142
-59
-240
-950
-226
-76
-95
-287
63
1024
58
-259
15
43
9
80
-56
64
-13
17
186
-174
156
61
-64
21
116
-479
127
74
59
461
-502
-588
-458
493
-43
-29
-111
-542
-124
-3
-8
86
-96
-209
-109
49
27
8
30
-57
12
-23
-150
45
165
-42
146
-14
-87
-142
61
-234
74
-204
-36
116
-310
-580
-265
139
60
394
92
417
137
387
-57
123
-235
772
-183
141
52
5
-149
604
-179
-15
-28
29
153
339
142
91
-6
-33
11
-137
38
-89
76
-38
-165
-281
-196
35
-49
-73
-156
102
-168
-77
186
109
-177
-30
-151
182
46
-79
-333
-633
-294
-83
-95
-164
306
225
353
-215
27
-616
-39
1408
-61
-701
71
126
134
39
165
233
133
283
343
329
383
298
83
249
270
145
299
314
122
106
-173
-74
-189
120
43
-14
23
-120
21
-30
8
145
20
105
-13
172
87
83
-39
-51
-56
42
12
65
4
-60
50
5
-95
129
152
237
114
114
127
-163
-576
321
-560
-116
59
-408
-7
641
-109
-498
153
139
-170
-129
-154
102
-65
14
-78
-8
-85
98
48
39
-66
-172
-26
62
35
137
218
208
258
195
8
365
484
418
505
291
-43
239
-22
-638
-5
310
-56
123
130
87
152
127
181
168
-130
796
-56
178
-86
-191
-177
-441
-214
-127
-9
-192
70
140
31
-37
93
-72
14
28
72
-70
58
178
46
157
93
159
-181
210
-189
143
-217
165
-55
101
-145
-404
-186
91
-136
-265
-240
788
-234
-254
92
342
-1285
-78
-1263
356
49
431
71
-503
18
346
97
146
-124
454
-98
246
23
41
-297
-305
-275
-64
-7
166
-220
890
-315
166
340
404
2447
1205
2558
470
-99
123
249
1819
96
112
-123
316
15
-712
64
192
75
75
-244
-206
-117
298
46
-64
-82
42
-68
-10
63
-44
50
48
44
-20
24
-189
-82
302
-53
-127
10
-133
827
550
792
-128
50
13
18
-159
-19
13
-71
-111
250
104
236
-63
-19
7
-13
-83
-24
-7
164
194
224
241
248
210
164
178
-58
-156
-14
237
51
-33
-118
-59
-158
41
-172
13
666
1004
716
-64
90
-234
-59
1378
9
-248
13
-121
-183
-81
-190
-149
8
46
-159
63
-197
32
-29
105
205
137
178
185
154
237
282
-84
310
343
181
168
738
53
734
214
-235
-473
-595
-229
-590
-477
-211
-91
-147
-245
-120
-229
-265
-151
287
68
289
-224
-292
-17
106
-198
48
-20
-40
65
-172
-149
-178
2
95
-214
-162
-60
-157
-120
91
39
-22
-149
-22
83
221
508
-355
-316
-332
522
170
-487
251
-261
329
-444
-135
-1210
825
612
856
-1209
82
-666
-623
1002
-680
-666
23
-12
-33
-10
-6
-26
70
-2
-54
10
-40
13
23
40
-40
-65
-31
7
55
-60
-173
-252
-175
-20
-17
-101
-364
-397
-357
-107
-89
-36
37
93
-2
-62
-81
58
1
-48
22
35
-267
-90
228
-89
244
-219
-49
125
4
322
98
91
106
107
226
34
239
143
104
832
-261
-455
-265
930
-119
-314
-40
1028
-24
-396
147
-41
-456
57
-520
20
283
-33
-12
-284
-27
18
14
10
1
-1
22
20
9
6
-34
-7
-25
22
2
-16
-32
-36
-21
-3
-16
-44
167
357
174
-35
19
9
243
866
227
-8
24
-20
3
4
-12
-10
23
9
16
41
25
-4
-59
-64
-13
41
-27
-84
-4
0
-12
-10
-35
-20
28
-18
0
-93
-4
-15
44
-23
-332
-474
-323
1
-34
-12
-33
-52
-50
-30
35
24
39
-19
34
17
-23
30
42
-53
36
33
-90
-104
24
4
-16
-120
-22
-48
79
22
114
-78
-109
-36
-170
-27
-186
-1
61
102
-409
1366
-389
81
16
-114
-50
-399
-39
-128
-42
37
-42
-23
-10
-9
-29
6
-22
-60
-38
35
-96
-56
-22
174
-20
-36
-14
40
75
-24
50
0
-33
52
-131
15
-84
71
9
-79
68
129
36
-39
11
96
-122
615
-110
137
249
817
532
1187
575
863
172
-2
-505
93
-539
77
-28
-119
67
-136
44
-115
99
-105
-77
-95
-87
-96
18
142
-135
56
-148
111
74
-853
-894
352
-961
-797
172
33
225
42
265
59
-56
137
-9
200
16
193
139
9
152
137
77
6
-130
-233
-248
-424
-227
-233
-141
-197
-275
-371
-284
-261
325
86
547
476
579
184
-29
268
750
592
722
199
22
81
-107
21
-64
89
4
46
-18
75
19
-27
-102
32
104
-94
79
29
115
3
51
109
48
84
62
105
42
179
94
122
102
189
198
212
203
146
8
-84
-635
-980
-657
-78
-75
61
-133
462
-208
88
72
-172
-36
249
-36
-179
-63
-78
165
177
155
-88
-8
-1
15
3
30
-25
22
-20
25
-37
25
-7
12
4
-33
-12
-43
10
-59
-69
30
221
20
-90
33
51
318
295
330
47
6
43
3
-38
26
33
12
-8
48
-32
33
-30
-51
51
-103
6
-115
14
0
99
98
319
83
90
-6
78
255
638
236
85
72
100
42
115
62
107
-36
2
-22
-54
-35
-3
23
-18
-83
72
-96
1
8
-21
38
-93
51
-1
-3
111
-64
-87
-18
-35
-71
-117
-292
-35
-290
-75
-66
-20
371
450
339
-82
-118
79
336
883
308
63
76
-11
211
441
241
-52
16
24
-219
-173
-245
48
-84
-47
77
98
49
-62
-337
-80
-264
-363
-132
-265
-348
-288
-652
-408
-659
-430
-430
-509
-331
-139
-366
-652
-71
-330
-22
193
-155
-436
189
59
-371
-170
-352
145
135
161
150
561
201
174
-6
59
65
69
95
56
209
49
143
-135
126
-7
-37
-89
17
1
5
-140
-157
-76
164
186
189
-172
-88
317
140
129
175
212
17
-8
391
860
437
-3
-39
121
-416
-38
-388
38
35
-782
-910
-132
-910
-765
-3
239
-68
119
-166
216
-54
-42
-134
0
-152
55
151
49
-5
-31
12
123
61
120
114
104
96
115
20
-225
2
-240
38
-257
-167
-381
45
-338
36
-391
216
130
-2
-2041
-49
258
-59
182
-21
-88
-15
102
-25
-36
35
68
8
-89
97
-148
-62
18
-78
-136
-83
0
6
-148
49
-49
68
-139
124
442
87
-133
-80
-87
373
1315
375
-164
122
106
10
-161
92
118
-9
-142
-125
253
-144
-135
-14
141
-90
210
-125
97
-140
33
-29
-39
-50
-34
-12
-115
115
-406
114
-160
-10
221
-231
-282
-226
281
8
480
944
-514
966
424
-145
-82
-535
102
-537
-31
214
523
-188
-835
-213
576
192
650
-134
-1874
-39
629
1
-155
-125
-76
-74
-157
29
-41
40
0
32
-87
17
-183
150
-297
161
-182
21
165
39
1
37
70
116
104
-64
-194
-43
24
119
165
-98
18
-51
65
360
164
-1023
-1884
-999
370
-121
469
-155
-1356
-139
458
65
1005
162
-516
196
982
129
-458
487
-275
592
-454
156
-282
221
-16
197
-148
327
272
-179
423
-138
277
144
730
290
266
348
739
64
-1306
-1045
890
-1164
-1299
-442
-695
202
-65
205
-821
260
73
226
278
173
137
-63
196
-13
152
25
198
-38
-4
141
-50
123
3
6
33
134
-72
145
-124
20
-78
36
340
-1
21
-182
-61
-113
372
-103
11
-233
31
5
-66
-14
-46
-285
-25
21
-549
-13
-108
193
-871
408
-44
383
-769
94
1119
114
-459
37
1200
100
556
-425
-338
-406
594
-530
-532
552
821
518
-770
-854
-868
488
1262
400
-1029
-694
-799
103
316
53
-849
99
-79
22
113
37
-79
-61
-83
70
39
64
-156
-82
-13
-4
421
-76
72
-8
-70
104
-38
201
-83
-35
-159
-117
-86
-159
70
139
402
207
338
299
314
-15
-129
1010
1071
1028
-123
51
801
-691
-639
-653
812
75
-573
-48
113
-133
-553
167
-81
221
156
263
-10
-164
179
-98
138
-173
183
-78
-147
166
143
135
-209
32
43
-37
157
-25
16
-54
222
26
-85
46
275
59
64
-78
160
-91
5
-112
122
153
110
131
78
-251
58
382
689
410
-7
-126
-1182
-510
128
-587
-1296
164
93
68
-15
80
48
84
-126
-223
423
-427
-208
263
-272
-659
1352
-604
-143
150
-601
-154
233
-274
-491
-107
-493
800
758
726
-463
221
-26
-675
277
-693
8
-149
-352
-20
-109
-115
-236
-40
-12
-41
-5
-42
-58
0
5
17
-35
34
17
58
4
-26
-12
-12
8
4
-17
-112
-277
-94
-7
1
19
25
-508
37
8
31
71
-3
71
-13
82
-6
42
43
-60
36
30
-245
198
0
74
20
139
18
437
204
160
329
71
-162
-33
440
-203
394
-26
37
-104
458
-37
524
-123
167
39
-694
-954
-727
85
27
-128
-232
-1566
-160
-174
75
56
-234
-256
-194
8
-127
-111
564
-824
547
-208
-230
55
606
-2111
550
19
18
-32
-231
-223
-185
61
110
1
13
-280
-18
-61
60
-116
-214
40
-159
-1
101
-117
76
-59
34
-83
84
68
-255
4
-205
97
49
90
107
149
127
91
-22
-77
10
-245
80
-75
5
234
-117
-775
-119
157
-47
593
-804
-958
-794
598
-22
-268
230
272
219
-213
-45
145
67
26
53
145
33
60
33
-194
55
89
-143
3
123
-36
212
-103
-63
-4
-77
-318
-119
-6
38
-159
-473
-450
-453
-64
-97
-222
222
1007
173
-241
-161
148
-38
970
-101
71
-224
126
-57
-113
-102
213
13
181
-73
47
-56
167
-229
126
-128
-4
1
78
-68
-267
10
-335
-50
-321
-166
-212
-223
450
-251
-185
-35
485
588
-319
445
412
144
-725
-835
2296
-830
-690
18
-227
-624
-42
-706
-112
50
235
-106
-86
-96
298
-229
-320
41
174
-28
-352
-50
-155
221
-256
203
-231
30
104
398
74
391
146
-165
824
-425
-337
-430
884
-246
-1317
-390
-38
-394
-1427
81
-249
27
-360
-13
-217
12
332
-170
-508
-90
294
-28
12
9
-8
6
12
11
37
12
-13
21
20
-19
-15
-12
24
4
-14
-18
41
-112
-332
-110
29
-8
27
-3
-558
-6
42
18
14
60
-70
60
34
15
-2
-8
-21
-16
2
-71
22
187
21
202
-24
-27
-217
55
297
68
-154
63
-373
5
-42
-41
-392
218
762
-236
-908
-162
813
166
437
-167
-317
-120
433
155
-187
220
-207
232
-191
116
-166
183
476
166
-111
10
18
1
-43
5
36
1
-26
-27
3
-9
-32
-4
-7
-7
-12
-13
-11
-48
39
-82
-152
-79
34
-80
-28
-7
5
-12
-37
-25
-1
-184
-1102
-164
-4
-40
25
-16
-31
-34
7
-41
-61
-121
1
-157
-19
-163
-67
418
236
401
-79
63
-321
232
632
203
-342
-22
-255
-130
1210
-175
-271
-37
-62
302
211
321
-116
-34
234
-266
-72
-266
179
1
-17
110
-234
127
20
75
495
161
-81
130
469
299
711
266
100
309
712
339
707
311
17
345
764
-64
111
-230
404
-220
154
-35
-235
-147
-51
-155
-232
77
249
140
-345
157
235
24
-86
-101
-217
-142
-209
-75
92
-76
118
-154
109
-28
4
-222
342
-104
-19
-12
-186
35
208
10
-162
63
-9
160
-71
205
-71
25
-36
244
1276
223
-28
24
115
-546
-1299
-529
96
-6
-82
119
150
92
2
109
247
152
126
113
279
10
20
74
-174
36
30
96
183
16
-95
20
248
90
600
14
265
57
549
-7
541
-530
-66
-576
569
18
85
-371
874
-381
16
95
-91
122
61
159
-114
121
-228
73
69
-8
-245
-48
-38
85
-67
54
-43
-61
-37
-59
169
-44
7
-56
50
-162
-285
-181
43
-65
-43
-202
55
-207
-65
-64
-160
792
-594
854
-182
145
206
540
-113
587
145
16
-134
44
34
46
-105
-70
-200
147
302
201
-276
146
-217
-515
853
-529
-259
120
-330
-656
192
-691
-330
45
-138
178
363
123
-110
-14
-28
237
15
209
8
-108
-48
-13
-239
-58
-73
-24
200
269
-307
206
178
-70
-264
193
-320
248
-331
-131
346
371
163
322
388
130
51
8
358
76
54
-289
-96
-489
940
-625
-65
371
506
116
-635
54
570
647
1177
835
1377
820
1249
82
125
-23
4
-52
207
-156
-344
-122
-125
-149
-320
-154
-229
283
-57
293
-253
-19
-2
31
-326
17
-17
-44
293
925
-168
919
286
-81
-56
301
-16
300
-36
-3
45
117
-57
37
25
-23
-31
-87
-31
-77
-49
176
-170
-121
-20
-152
-193
163
288
517
162
535
336
279
764
1017
-379
1009
815
12
-126
-146
299
-106
-80
-122
151
72
68
112
146
29
95
27
105
19
159
-11
-82
16
1
-13
-79
26
59
197
156
266
35
45
69
124
-91
196
86
-20
-174
-38
32
-28
-148
-80
-73
274
-270
252
-132
-111
-131
474
484
410
-136
190
-177
-720
-1213
-717
-149
138
-49
82
-95
128
-48
-10
-58
-54
45
-95
-68
-171
-28
136
288
80
-70
-62
-96
31
862
80
-141
-102
75
1016
-487
987
-18
-90
-76
-324
208
-328
-84
1
-81
129
79
124
-23
87
220
81
116
184
174
-62
161
-3
298
-6
163
-98
210
202
-164
200
213
91
106
-190
537
-181
99
-126
62
894
-241
885
32
-469
-721
-306
-859
-314
-703
37
534
488
-444
478
485
28
-21
26
27
-5
17
2
27
12
-3
17
45
3
25
-42
-27
-48
41
-28
-116
-369
-532
-369
-108
47
-50
-22
-6
-30
-34
34
60
5
27
7
54
-20
85
-38
19
-21
92
10
64
-38
-61
-44
107
64
132
198
1
232
187
96
80
0
-111
40
51
-123
-1055
266
41
263
-1064
40
185
-120
-1048
-33
221
-150
-238
674
125
669
-330
103
215
-119
-35
-159
255
-108
-110
-11
74
3
-227
-122
192
140
388
172
195
200
-65
504
26
593
17
338
700
-1004
-1232
-1019
725
39
88
-75
-277
-77
160
120
296
166
422
138
288
102
255
15
630
-12
270
28
65
10
2
28
59
-60
-207
-229
-300
-250
-240
-5
-189
-133
-156
-125
-222
-60
-19
18
-12
19
-18
-11
26
-3
-34
1
24
-39
24
-16
15
-21
9
-105
7
-1
74
-1
-31
-110
84
227
-174
272
99
8
13
-8
437
30
-7
143
168
84
-145
134
144
-141
208
146
598
111
127
4
122
64
1067
76
118
120
-396
-660
-785
-762
-320
-197
-280
-80
133
-15
-306
49
126
238
241
250
159
24
-17
222
578
214
49
-39
-518
18
-492
7
-513
-383
158
319
1024
308
194
158
178
558
-305
608
220
-241
-101
-436
236
-515
-73
-95
42
-244
-111
-223
54
30
72
-111
150
-130
97
-79
-5
4
-163
53
-94
39
261
-14
-228
-9
239
208
38
-924
-161
-910
38
-4
-162
-17
-542
-32
-162
190
122
-117
29
-103
110
122
48
246
124
220
190
487
350
167
342
88
653
362
259
515
489
480
534
528
610
-16
197
-20
885
353
183
-67
412
-100
316
222
434
-262
-273
-288
492
428
134
107
55
112
330
355
537
60
1034
188
534
-5
-33
17
24
1
-30
-37
28
2
-5
8
13
14
28
44
52
40
44
37
84
233
252
238
86
-27
6
-15
-17
-10
15
27
-25
-7
2
-15
-15
19
-5
26
-6
18
4
39
-48
30
20
23
-45
61
28
-34
-23
-29
40
1
-16
81
73
77
-24
58
88
-65
91
-75
123
43
229
-241
-1067
-206
245
-36
113
-35
21
-31
109
-29
8
-20
81
-11
-20
153
172
14
1
31
232
3
-67
275
108
202
-82
-18
-12
11
-71
4
-10
67
-13
213
-88
197
-8
132
42
-132
107
-114
81
82
-261
-201
-1268
-180
-299
7
-133
-252
-164
-333
-131
317
31
-106
103
-46
67
283
-262
-395
1705
-465
-263
-67
536
-35
-799
-45
638
-129
419
-283
430
-250
411
131
274
645
-6
588
358
-14
380
381
-423
358
353
289
524
326
-354
282
539
79
82
9
54
32
151
-62
-24
69
-35
79
-36
-1
109
92
-63
52
94
71
-32
131
421
107
11
110
56
-384
760
-376
72
306
294
686
234
731
300
-147
98
78
-279
103
35
12
-110
-260
-11
-252
-98
-6
-18
-16
90
-32
-25
-76
187
-24
-66
-28
135
-31
-268
361
808
346
-308
-63
-755
-470
662
-495
-753
-28
-53
-141
2
-148
-46
34
-206
-62
-19
-41
-229
184
102
-298
-280
-363
150
-75
155
-1093
-839
-972
58
-49
186
2142
1366
2277
127
243
-391
-1222
97
-1277
-341
128
-375
-96
543
-108
-504
264
263
-272
96
-105
285
-143
280
-27
349
-9
208
-119
159
-68
451
-82
117
12
-31
8
341
36
-19
240
264
430
651
404
419
-134
67
-6
903
-134
72
-269
-467
692
-444
655
-547
-240
-983
6
11
-49
-1048
-315
48
-325
292
-405
36
-192
-255
-30
86
-48
-327
-242
-204
49
-134
-16
-300
-52
-147
-61
61
-20
-239
-59
-71
-30
21
-17
-41
52
517
196
-1430
213
554
-4
-74
8
-212
4
-109
135
31
9
-282
29
61
-78
32
153
49
130
32
-70
69
22
-46
38
94
88
106
100
-29
140
157
-45
-120
-64
223
-35
-143
63
114
-107
56
-76
128
-52
-567
-471
295
-512
-559
-278
555
1064
-475
1087
552
-220
-113
-389
-961
-406
-124
-6
71
-473
-945
-424
-55
20
-28
-56
123
-81
-4
-164
170
110
-175
123
174
-21
-186
365
684
385
-192
-39
-213
-113
331
-221
-208
24
-105
-349
223
-337
-153
79
73
132
-125
129
49
-53
-69
38
-5
71
-34
-54
121
21
280
25
128
100
-266
159
-123
153
-287
-125
50
244
-149
294
44
35
-276
-544
356
-529
-268
-186
659
1439
-365
1517
655
81
-103
-2
-375
-12
-94
92
19
47
-165
0
81
37
108
-75
622
-152
162
19
-73
141
1762
107
-20
-71
-72
-398
-8
-393
-44
-5
-73
44
-327
34
-119
71
18
95
-318
29
94
173
-15
-25
-169
-17
31
25
90
-64
159
-58
151
-159
-52
66
-33
88
-91
-3
35
-12
-110
45
10
-77
313
242
-486
179
388
1
-168
-60
-561
-50
-203
258
-408
1076
1044
1085
-391
150
103
69
-38
47
-52
-276
365
-332
-195
-311
376
166
-189
-799
-114
-883
-175
81
-276
-168
-974
-166
-261
134
-401
-454
557
-484
-324
34
34
96
94
94
-29
-78
-30
10
-14
40
-50
11
3
-112
-48
-172
-4
-1
50
-90
104
-137
26
-55
21
75
-272
61
-18
-3
-80
64
-233
75
-118
8
-296
-83
-358
-58
-303
67
525
295
723
293
523
153
352
-696
-458
-666
348
167
195
440
341
168
-152
491
669
568
294
686
850
460
1391
549
578
625
1474
565
429
806
2252
954
377
-49
284
29
-240
35
307
-152
-107
-119
-276
-203
-189
19
225
-545
98
-593
321
87
-4
55
-80
75
-101
-125
-47
33
-46
-1
-92
64
-99
50
54
47
-87
64
-188
-178
-44
-194
-156
-132
-95
-16
-8
11
-21
56
533
241
-1683
293
513
-12
-185
94
221
128
-176
42
64
-74
211
-36
32
11
-42
121
49
83
-58
-10
-65
-88
-64
-71
-96
4
-395
-132
463
-144
-454
-91
-122
-664
-46
-655
-99
-25
-36
187
921
246
-58
-89
38
46
64
0
39
28
-59
79
-24
120
-172
-83
227
-82
139
-13
99
-105
268
-267
-208
-252
289
-144
-204
305
-1489
352
-277
-216
-204
313
718
284
-183
-214
-52
-133
-150
-155
-216
-26
1
82
-91
74
-6
-257
-136
-165
-248
-206
-114
-246
-60
-99
-242
-114
-145
95
52
-454
-859
-497
142
-26
17
445
-1026
468
7
-144
130
773
153
776
17
122
105
114
267
164
13
-12
169
192
-385
183
108
-72
-66
-143
-89
-63
-10
160
-27
-20
47
-19
-15
0
85
-21
181
-22
104
6
-87
433
651
414
-98
-33
-127
252
695
235
-110
120
108
204
447
198
108
98
63
66
24
37
28
-24
75
-7
36
-34
95
71
-12
-21
14
-12
-29
119
-40
-30
6
-2
-4
-69
41
-377
-1072
-379
46
13
28
15
-56
24
-10
7
46
-21
161
-11
41
27
9
66
-104
48
10
-226
117
-138
-3
-30
90
-196
-267
154
413
299
-283
272
-31
-239
441
-191
-8
73
216
-427
-1015
-278
229
399
-246
-335
128
-268
-380
-616
1116
1616
-2023
1671
1100
306
659
600
1338
571
695
39
-43
16
230
9
-6
-235
7
108
-156
73
-9
94
38
-417
263
-390
10
-32
-668
488
881
508
-658
-244
215
-59
-34
-192
175
22
-97
64
407
93
-99
-41
99
56
-111
73
103
-58
-224
41
189
17
-274
37
-45
28
-20
22
-33
-108
-34
87
16
106
-81
-99
-150
79
272
134
-157
-49
347
-751
-1033
-747
431
204
43
352
-541
385
21
-118
197
-46
-253
-81
170
-30
-3
43
31
66
-22
63
55
-67
5
-5
36
15
98
-39
-257
-44
53
-94
150
112
22
112
67
-102
-59
-24
70
-70
-37
35
-59
334
1305
266
-41
-192
187
44
-293
84
170
-44
-8
-114
86
-119
-32
0
-20
144
-93
145
32
23
27
-209
322
-192
69
49
273
-334
-389
-358
291
-82
144
-223
-820
-216
172
49
-58
24
253
40
-66
61
232
85
-3
95
231
-133
2
28
35
5
-100
38
15
68
66
50
-84
69
-15
-7
75
15
12
-2
-67
-31
33
-34
-115
-69
-28
-107
13
-108
26
53
180
137
420
139
211
-100
208
-332
-1802
-322
264
20
-80
-252
-125
-195
-200
-116
-27
80
-119
17
-28
-191
-179
16
320
-48
-163
-105
-90
355
1301
206
-90
125
-147
328
267
307
-138
131
-31
-105
56
-124
-50
37
122
56
58
37
79
156
-163
-54
262
-49
-87
136
305
414
-76
416
171
-12
-189
35
209
-10
-202
-351
99
551
350
514
50
169
-119
349
-448
373
-71
-71
155
-997
500
-1050
128
-210
576
361
833
388
589
-30
235
78
50
71
167
79
10
80
111
95
80
-67
56
-124
23
-131
47
102
220
227
-641
257
233
-35
86
171
632
174
48
231
914
-235
-542
-124
950
-36
-54
79
211
-23
28
146
24
-59
-96
-70
82
38
-37
-56
-137
-19
27
61
50
-88
-199
24
44
36
138
120
-192
151
198
-60
-240
-124
305
-196
-279
-95
-418
720
1337
704
-417
-83
68
-39
97
-4
96
-71
-143
2
-189
-71
-224
-239
-240
-8
-299
-239
-268
101
-339
-405
-436
-406
-311
37
-118
-249
-876
-273
43
-43
-262
-2739
-1891
-2514
-195
-229
-165
31
-134
-13
-224
96
160
130
-345
108
146
-23
-24
3
-61
0
-53
-17
73
-72
-37
-54
53
-3
-21
43
42
70
-23
49
14
-318
-640
-336
18
-62
35
222
-408
238
-13
4
57
-30
68
-20
26
-21
-26
-20
156
-21
-25
257
162
-202
-58
-186
204
-67
8
30
6
80
-8
157
128
221
118
208
210
-25
152
478
547
377
181
-37
-404
-268
68
-266
-401
174
-68
388
-1581
367
18
183
-98
-366
-78
-368
-185
-5
1
-109
-66
-59
83
-67
-39
-235
517
-289
-56
137
-449
-650
1143
-603
-414
-48
20
-137
429
-104
75
-88
-34
130
359
98
-59
-81
34
118
-217
68
72
-65
-53
-139
190
-92
-19
-22
30
40
54
76
2
-9
67
-12
-20
-7
45
-50
-2
-70
-182
-93
-6
-59
-217
-446
-137
-497
-204
-49
-344
-146
344
-121
-347
139
-42
-142
-507
-158
-32
-6
-2
-80
164
-137
84
44
119
-48
-43
-73
122
24
16
-53
22
-5
32
-1
189
88
149
112
176
99
363
279
333
307
405
60
27
28
-74
31
-5
-29
74
-73
115
-83
105
17
0
48
27
60
-23
1
-10
-22
35
-20
-17
-30
12
6
-5
13
-9
-15
10
-1
-13
-18
3
-5
-14
2
-6
-13
-29
-2
-33
36
-82
39
-35
-28
-29
175
765
145
-35
-7
-11
52
-35
63
-29
-61
-34
-72
26
-89
-45
18
67
60
125
122
128
67
336
264
1195
280
253
56
117
605
504
592
156
48
46
-366
-111
-357
43
-77
-27
-129
-16
-57
-94
42
30
32
-172
-8
-1
82
-68
-164
123
-179
81
-382
-551
-188
109
-161
-636
-189
-522
-95
-217
-185
-594
-192
-203
135
338
55
-204
36
45
48
583
-9
53
-86
-67
-181
-293
-195
-76
-288
-40
157
-49
113
-110
116
93
16
-118
11
91
65
205
172
-280
141
232
83
61
106
-93
150
69
-49
104
-1267
-519
-1253
140
111
364
297
-365
331
400
-78
92
193
67
205
111
-123
-322
-39
50
12
-257
71
330
2
-54
53
353
162
2
-287
-83
-251
33
-8
-285
310
565
276
-244
24
-129
-288
56
-317
-105
-236
199
612
605
612
165
-81
-304
-284
228
-258
-357
-25
25
-114
221
-117
-18
122
-72
105
-276
130
-74
373
74
243
-58
288
182
-314
481
-98
-325
-69
423
-161
139
-557
-287
-582
124
273
109
-457
-371
-474
229
-268
-176
1127
1394
1090
-243
-223
321
144
-718
108
467
36
-367
-139
-3
-56
-400
-89
107
-176
96
-206
52
135
244
511
562
540
264
94
201
587
732
601
193
-138
61
-571
-255
-616
-2
101
285
-202
-545
-153
229
-33
-58
76
-158
71
-26
-21
45
170
190
187
54
148
29
-218
-399
-203
137
51
-218
555
808
513
-153
-35
-400
664
614
688
-375
23
223
85
205
95
198
-237
-89
52
183
24
-69
107
-91
19
-81
54
-103
20
-23
-5
-20
-9
4
11
-15
-11
14
-16
-26
-54
-20
-38
-109
-53
-31
0
-56
-225
-215
-231
-54
-24
-32
-20
37
-18
-44
-24
-17
-13
12
-14
-9
-10
-39
-18
-1
-19
-29
-47
-76
-38
20
-45
-65
8
22
-35
10
-33
-35
-102
48
-76
-257
-82
33
0
31
-96
22
-100
43
-4
88
-34
290
32
63
-104
-400
283
1102
266
-410
41
-40
-156
82
-180
-84
-62
-83
-71
-93
-81
-49
69
-34
-45
-152
-2
-94
-34
7
126
195
117
9
-33
-195
154
1731
170
-235
-108
-246
73
-172
68
-275
25
-41
-66
-54
-71
-9
-78
116
173
21
168
119
-251
79
60
-305
25
-57
-363
-69
-383
-1021
-364
-260
38
-162
-315
-607
-269
-145
-68
-197
118
246
107
-259
13
38
192
16
107
48
131
102
24
-190
16
158
-151
51
104
145
112
64
-96
44
-34
-242
-33
-65
-152
70
110
-54
63
49
-86
-79
163
48
148
-172
-12
16
-92
-735
-56
-37
56
469
-601
-1037
-586
463
-26
158
-171
947
-186
263
-35
-12
34
-79
36
-94
104
-168
-22
-424
-79
-146
-68
-366
-191
235
-242
-422
-47
-487
-37
1177
-3
-520
138
-481
183
-16
152
-357
228
639
84
-629
167
699
128
432
-462
-3
-483
463
50
398
121
-1025
117
412
71
-148
-17
-77
-39
-72
29
-57
22
-82
-24
-74
-144
74
185
172
183
56
40
299
201
665
188
362
52
342
-338
-592
-315
314
393
292
-164
-171
-148
364
522
428
-461
-230
-442
566
42
-7
34
79
122
33
92
100
24
75
-13
153
0
96
-133
30
-156
119
96
-116
56
-304
68
-48
-48
145
130
-350
165
122
-293
-716
-1125
572
-1215
-814
24
69
273
68
243
68
119
12
160
64
240
103
78
-31
-55
299
-47
-31
57
247
183
-1420
264
225
-14
-282
-806
-684
-767
-285
159
87
17
93
46
42
52
69
-70
-164
-136
156
-59
-21
107
258
143
-1
-256
-129
-139
22
-176
-86
73
39
-91
-94
-107
6
97
132
-26
402
37
156
-70
-225
-63
17
-68
-250
240
315
-141
-112
-122
317
-160
-237
-71
-247
-131
-208
-13
-353
-1904
1031
-1903
-467
31
-1
-1
167
-55
31
8
-18
70
-89
-30
4
-90
163
-67
-20
-95
166
17
-187
-386
181
-401
-168
-94
134
59
-3
83
129
-148
4
319
796
299
-43
169
-349
77
1160
114
-299
117
-15
16
31
-2
-25
-30
-4
-50
60
-66
-16
4
-15
70
35
100
-24
-408
36
112
-728
73
-42
-354
-387
-192
-3260
-168
-480
59
-84
46
104
67
40
-166
444
-17
-220
13
168
-46
-149
-25
19
-7
-103
43
244
5
-113
4
247
72
-215
139
173
137
-141
-9
437
-65
-418
-56
472
344
727
-744
-280
-706
796
51
-237
112
292
97
-214
122
-76
-24
41
-13
-30
29
-2
-247
-203
-297
-14
-123
-98
-118
8
-193
-103
50
-576
-339
410
-360
-561
-179
-243
431
-291
446
-256
-89
97
289
542
352
154
121
48
-1096
45
-1142
48
-42
132
464
-294
470
161
-131
-73
-119
-233
-105
-8
-132
-8
276
-11
250
5
-75
49
1449
-1037
1379
41
84
43
-262
463
-225
-31
40
-28
-138
-323
-141
-64
-14
172
55
16
81
157
17
28
100
75
115
93
-10
39
-149
-226
-119
47
-32
-201
-104
204
-95
-232
29
80
476
668
456
76
25
70
35
-16
54
69
-5
46
60
-69
63
34
-41
38
-10
-93
-35
77
-45
33
-66
-86
-54
70
-245
47
-197
-85
-236
-119
-106
162
20
98
51
154
124
55
163
-718
172
56
193
530
-891
-1458
-841
542
-57
175
-132
-32
-89
132
3
-2
45
-16
18
87
-53
151
142
-28
115
197
85
12
80
-69
133
1
28
32
108
-340
58
102
-14
192
-246
178
-257
184
-95
-121
-577
-773
-605
-124
23
-165
468
392
533
-188
-111
241
-286
-348
-311
201
74
-139
6
237
13
-155
46
108
89
192
151
178
15
-13
-217
188
-252
10
-199
-240
-376
-481
-425
-233
56
-465
-322
-383
-323
-482
193
-26
289
2693
351
33
48
-150
343
525
186
-61
-168
-242
250
541
270
-352
-27
-4
7
-39
18
-48
-61
7
23
-9
40
-24
-16
22
45
-24
31
30
39
12
8
-88
3
5
31
-34
-4
-117
-8
-13
60
135
-217
-1158
-201
146
28
-62
61
10
44
-17
34
-60
50
14
-52
10
-70
300
-46
52
-60
229
-288
399
361
-546
348
351
123
1745
-368
317
-333
1746
-152
314
-130
-484
-67
224
-116
107
6
-205
39
42
0
-255
-2
296
15
-151
125
319
-41
-642
-62
336
256
718
1047
-1379
1059
795
-110
479
-16
-255
-5
473
-63
-88
-102
-246
-35
-109
104
-25
-56
-23
-35
18
15
-53
-30
-36
-27
-50
320
81
31
-98
-19
280
17
-23
-30
-56
-85
13
57
-36
84
-42
60
-4
43
1
112
89
136
23
-93
261
597
478
609
209
9
-60
-47
3
-50
-77
7
-12
15
114
5
-1
48
-63
45
19
65
-70
-48
110
-86
134
-36
-21
-47
290
71
329
158
233
126
194
244
60
242
122
-22
201
-366
-1484
-355
248
42
92
-23
-20
-16
-14
-36
-83
-124
-280
-88
-96
-75
4
-113
448
-70
22
6
4
-32
262
-3
9
22
10
-270
-981
-244
6
-37
29
-75
-162
-54
29
-104
-21
46
-59
45
-21
-33
6
-58
-33
-22
-18
22
-32
-58
-109
-62
-6
-58
67
-28
9
-56
48
93
45
-184
-133
-240
168
116
-449
-150
-91
-328
-424
-146
-288
585
1654
504
-283
271
599
153
194
182
619
51
394
-484
-201
-557
390
-354
193
-226
-128
-202
202
-7
-231
-185
50
-203
-306
-12
-54
11
5
2
-59
16
22
-12
33
-13
18
-17
-5
1
22
0
15
-7
-24
0
71
-1
-35
-25
5
0
10
0
-2
4
32
-107
-723
-100
36
-20
-32
-3
33
-15
-7
-275
-206
-32
-154
-82
-301
-173
-227
-287
-358
-293
-236
-185
-283
-289
-191
-328
-328
-93
-141
64
-97
50
-166
27
-75
221
113
223
-68
15
-12
164
-288
213
-38
-12
47
24
135
-25
-27
255
403
8
198
-18
378
-216
-98
-138
240
-119
-194
127
176
78
558
68
218
64
-257
-59
264
-47
-200
-10
1925
2678
1825
2694
1949
-25
257
178
217
285
278
92
244
224
225
226
284
-46
41
-44
215
-82
-25
79
-16
127
-52
134
-56
-54
66
107
-161
22
96
-44
47
11
186
103
9
64
-24
-908
-97
-948
4
-20
3
-201
684
-257
43
122
208
121
-360
176
172
-153
-415
-146
-498
-158
-431
-296
-677
-477
-641
-478
-760
-3
-33
-360
196
-386
-16
217
-234
-98
339
-134
-234
-205
-10
85
-371
18
-19
107
165
4
-342
84
170
-56
-107
179
253
209
-116
-23
81
73
179
91
53
114
215
70
330
-14
225
75
108
164
33
147
128
27
-159
-470
-487
-425
-95
77
321
647
77
556
454
-1
49
267
1099
286
13
106
185
206
-271
294
243
-37
-48
-63
-82
1
-186
-9
-103
93
134
76
-90
29
74
155
5
204
39
39
172
-452
-111
-416
158
76
-416
-532
289
-481
-437
-212
-224
788
674
777
-258
62
26
488
-666
507
52
-168
14
88
-24
-22
-50
146
47
-63
88
-40
4
42
-14
-416
371
-400
161
55
79
-74
-636
-31
90
-12
-236
-72
412
-68
-204
254
203
-24
-309
-39
202
117
286
-444
-1721
-445
316
61
58
27
77
41
72
14
14
-64
-45
-59
42
-4
8
-14
0
-18
-15
-16
5
26
-109
33
16
136
600
-120
-304
-91
670
44
276
69
-61
81
283
-23
30
-38
-104
-40
25
-14
14
-144
-39
-90
11
141
-199
39
89
-19
-114
144
-68
219
233
239
-9
-97
38
234
71
382
-44
-7
158
-200
-3384
-331
145
-153
-155
-51
-499
-81
-170
85
23
249
298
257
1
-68
6
-71
-82
-118
88
-85
-70
-5
-3
-77
-54
-139
-141
13
-72
57
-188
-51
-330
-552
-1376
-557
-331
-35
-60
-282
-185
-341
-85
93
-27
-50
242
15
-22
4
167
-93
-131
-91
193
66
133
166
-156
248
75
95
290
-107
-9
-16
273
-49
195
30
88
55
189
10
-9
216
898
114
7
-41
34
212
100
255
-11
-141
-570
-856
307
-939
-652
27
-131
293
-36
340
-190
-11
22
-21
71
-3
12
113
60
161
387
184
88
-15
79
140
94
127
62
-10
59
5
-22
3
50
6
19
-41
-32
-48
26
2
12
35
-10
42
28
-32
-11
-18
-94
-14
-25
-77
4
131
229
115
112
-5
-240
43
141
-65
-282
155
38
-194
138
-168
-11
-183
-212
-145
176
-190
-276
358
803
196
-1076
260
796
-16
558
-64
-643
-14
587
6
68
-231
688
-225
52
64
111
59
91
71
119
16
12
49
352
34
51
-11
171
-348
88
-379
101
-191
-1637
-149
796
-274
-1593
-2
-171
-146
577
-195
-319
73
-14
-196
261
-103
30
135
306
-27
164
-6
317
2
18
64
117
33
127
-33
22
27
283
103
71
-247
-2
154
-96
144
-103
3
-1
-171
127
-154
-5
157
85
-152
-200
-85
48
-23
-96
137
121
115
-112
-71
-201
-1304
-265
-1333
-97
54
40
-183
-69
-124
100
90
78
-68
-95
-84
165
141
92
275
206
279
106
-16
-130
-48
-50
-73
-122
-19
-32
105
112
171
0
179
-407
-325
-498
-319
-437
42
48
415
141
438
90
-100
-105
69
-142
87
-123
12
-6
24
-96
19
-1
55
59
139
85
198
155
72
765
330
70
339
787
166
-443
-399
-44
-387
-428
-51
5
-165
-38
-174
-20
-149
-56
-49
-9
-61
-60
18
-60
-28
51
-18
-40
-32
-14
-22
27
-20
-40
-29
-31
96
100
107
3
39
325
388
250
419
316
1
-17
-12
42
-9
-29
-87
-17
-30
-41
-12
-60
-24
-45
-14
-17
-27
-41
-6
-123
49
198
50
-38
227
-28
81
-62
99
15
139
148
385
85
427
166
185
389
-714
-321
-750
450
8
-252
-670
962
-711
-205
-108
-74
348
-131
333
-75
-60
59
57
13
2
26
4
86
-36
34
-68
121
-50
11
0
13
-7
61
116
-181
21
59
-23
-136
-65
-54
245
-173
264
-16
115
120
-124
-46
-96
87
240
821
638
-252
664
853
9
-229
171
244
180
-235
98
4
-110
295
-91
-20
-103
-22
39
-80
11
-70
35
-279
116
281
123
-303
-104
-49
342
-1334
384
-35
69
5
199
207
236
-28
120
-90
-182
-251
-128
-128
21
42
73
-105
35
78
-55
-70
29
-310
69
-58
133
-46
8
-692
1
63
-12
-224
688
1238
699
-372
-80
12
596
898
562
-23
137
72
-151
807
-137
60
98
-150
-299
-362
-255
-176
-64
91
-121
-215
-178
71
-141
-201
-299
-151
-256
-246
-279
-243
-295
-233
-290
-310
996
1401
-267
-327
-124
1670
16
173
48
71
14
172
-62
187
-30
-280
4
171
133
-53
-62
106
-98
9
-56
-35
-213
-231
-222
-145
-80
-20
-79
0
-125
-36
83
-163
-80
429
-51
-96
-50
-201
80
92
102
-232
-130
54
291
271
263
23
39
65
526
497
533
99
-36
23
66
595
32
72
-21
-78
-43
54
-35
-85
188
-195
-64
-170
-136
-121
37
20
34
11
-4
30
-179
-157
-161
68
-249
-144
10
-470
59
-18
31
-500
127
-71
-499
730
-502
-62
49
-159
-458
1367
-551
-145
130
-318
-81
1078
-3
-253
21
74
-5
-428
51
-20
36
-13
-61
-138
-75
52
-43
-23
133
136
194
-89
0
-35
-329
-298
-322
-93
174
-358
121
-106
125
-437
-162
-767
812
1134
780
-835
11
-165
164
202
192
-151
110
72
12
-69
-2
170
45
-37
182
102
157
41
35
131
15
-37
16
156
89
47
-32
410
-55
35
3
29
-267
-116
-269
24
55
69
-74
-1546
-21
47
-79
-162
92
-89
29
-148
-126
24
-24
-68
-63
25
-126
-60
-42
34
0
-86
48
52
221
-331
235
25
-162
689
626
-271
641
676
31
136
239
316
236
89
-34
-145
-130
-124
-135
-147
101
48
37
20
107
64
-199
109
-132
-124
-142
85
-35
236
55
78
109
239
-61
-31
312
-167
334
-161
141
-59
347
105
364
-64
-536
122
400
139
331
132
143
-437
-104
1721
-160
-523
-64
-87
-460
-1572
-397
-88
210
333
-8
-256
4
425
136
-17
-384
433
-311
60
138
323
-380
-504
-321
267
-235
500
69
-89
68
460
-230
31
-1466
-446
-1438
80
17
677
103
-991
204
544
64
-42
1060
-270
1144
-43
179
175
95
17
-110
208
192
89
-179
189
-145
270
78
-309
-21
-105
-97
-254
223
-53
-212
-311
-194
-69
-30
98
117
206
102
79
-367
441
1630
-1028
1570
363
-292
-598
48
-224
53
-728
-18
-8
-54
34
-55
-44
-50
-31
0
85
13
-15
15
24
-24
-82
-34
24
-33
-35
81
622
75
-39
88
-48
119
533
135
-34
70
95
-66
-11
-60
97
27
-40
-12
-32
7
-33
26
74
102
-206
105
13
-221
278
220
146
192
222
-21
17
412
450
414
44
85
-1
548
844
553
0
105
-176
1083
1047
1195
-80
-36
223
-334
-531
-372
241
56
87
63
49
46
20
83
-267
-559
-114
-537
-215
-47
-20
198
-186
166
4
-111
623
769
-616
742
615
98
171
-500
-296
-403
220
347
-96
103
36
43
102
260
-314
-313
288
-250
-421
-240
-633
-79
-770
-60
-718
71
49
222
178
130
40
-26
5
119
-62
90
38
-4
175
85
-181
122
134
-104
122
-144
-501
-145
113
-7
46
-415
-532
-464
110
58
-64
455
885
464
-34
111
131
80
678
11
116
30
-13
1
7
0
17
-2
-3
7
4
-1
-1
27
-21
13
-15
3
-27
-11
59
-174
-547
-157
80
-13
24
8
-133
6
22
8
-33
-6
-2
-8
-14
28
-7
22
-15
23
-13
287
86
136
-63
61
288
107
61
24
201
44
93
33
128
42
-127
95
139
-46
9
149
553
180
-16
38
236
469
448
466
214
17
99
124
363
106
110
163
117
93
-104
47
150
-204
0
-141
-37
-208
-23
-196
58
6
-250
55
-7
-27
-77
228
74
227
-106
-144
1
-620
-747
-642
-15
-181
-286
-190
711
-209
-317
33
-337
-333
-434
-399
-307
-31
151
36
-500
15
209
25
-4
2
14
-1
56
-12
-167
-30
-56
-50
-175
-16
-123
-247
-162
-162
-176
13
-43
222
1270
206
-71
-29
178
-91
-553
-125
187
-85
-121
-43
-447
3
-150
109
210
-77
-132
-63
248
-39
-121
-106
-4
-73
-182
33
-148
17
125
-5
-102
-2
-122
-120
394
-162
-121
149
324
54
-1221
33
316
144
-128
296
543
320
-94
-72
17
-114
-5
-67
0
-63
-44
67
89
25
39
9
-30
79
25
75
0
-11
40
-61
-27
-44
30
-28
107
-49
-15
-35
114
44
11
-126
-2
-131
75
76
-66
131
240
108
-29
-80
897
772
-512
811
934
-94
95
-263
97
-358
168
-210
0
-152
184
-273
-103
-186
170
-55
-968
-34
109
-221
-111
253
-745
274
-113
-163
-60
-538
-18
-585
33
57
-224
-159
-1224
-130
-163
179
-80
88
284
165
-195
58
-142
104
102
88
-147
-333
-438
-312
-258
-345
-538
-111
-251
-120
-57
-152
-319
-13
16
-210
-313
-276
60
-36
-131
-158
-309
-170
-163
66
-347
-152
-341
-126
-341
36
10
62
40
68
35
-115
-89
125
441
109
-69
-32
96
-30
-17
-66
24
52
113
-17
-76
-28
112
-3
-46
85
567
97
-28
-192
-299
614
1000
648
-284
102
126
84
-171
54
92
113
-30
35
-19
55
1
30
-35
-33
-10
-34
23
272
-227
-363
-176
-361
-132
-66
32
241
529
296
-80
108
156
458
923
436
172
-120
-188
-292
660
-309
-261
-110
-90
-623
502
-622
-169
-33
91
-117
-756
-177
125
5
117
-15
135
-20
198
-54
-20
-57
34
-45
-25
-36
-65
21
-21
8
-59
-35
-34
1
114
-37
-38
4
115
135
170
106
189
43
433
382
226
388
478
-81
141
134
179
135
141
78
137
129
-88
152
106
75
115
-90
-139
-89
-1
-7
94
-130
148
-145
210
-117
-125
74
-413
46
-157
-46
-146
-24
-422
-4
-207
86
416
941
507
906
456
-96
119
18
733
24
81
82
-7
-20
-144
19
22
-94
124
82
47
71
105
111
95
96
0
53
99
59
134
121
140
104
82
-61
12
-35
-69
-34
46
-197
-139
-22
136
-16
-132
140
-116
132
746
156
-44
-19
-244
639
1477
560
-206
52
153
76
-14
-83
285
53
-74
9
-158
-2
-12
95
195
-18
196
-105
164
-58
-339
43
-72
18
-285
96
-217
411
238
344
-225
-260
-66
1625
5915
1431
66
-598
-18
-271
-705
-228
-60
62
108
-83
-61
-50
70
266
502
811
670
825
590
315
332
98
-897
131
366
-146
-180
-342
-255
-294
-257
-57
365
-42
8
43
319
-6
273
287
-721
301
263
59
227
-11
-43
19
152
-90
-41
44
54
24
-31
163
96
-44
-79
3
128
-19
181
-272
-862
-276
181
-24
116
535
-1863
513
182
192
194
65
120
135
218
-106
-157
-44
207
-33
-182
90
2
147
-15
159
-66
18
188
-29
-46
15
202
41
43
-57
-539
-82
62
148
122
243
-149
299
196
10
-742
-631
225
-662
-758
-172
292
315
-478
324
291
-184
194
-211
343
-132
154
-22
20
-350
157
-261
35
-105
81
105
9
111
34
-35
31
110
219
98
60
113
81
372
325
410
102
-12
-67
165
137
181
-83
-57
-5
-270
-509
-275
-7
29
-25
108
483
142
-40
-145
-6
-60
54
-40
-37
-55
-343
-280
-345
-338
-137
219
-61
-365
28
-302
105
-167
293
-97
-158
-145
207
-12
49
-181
51
-179
32
385
169
128
905
126
276
79
-911
-1490
748
-1547
-835
-120
-94
307
-99
303
-166
46
-12
35
12
44
-57
-8
-5
25
-28
22
28
73
66
-107
70
-107
106
62
103
60
-454
53
145
22
0
-200
-1055
-195
25
-29
68
39
-142
28
101
-6
40
-22
-84
-41
41
-109
-93
64
5
66
-82
55
21
-32
-88
-32
45
-34
46
26
-257
17
10
-16
-1185
13
994
-54
-1145
95
24
408
247
413
70
89
-1
-35
145
-9
21
48
48
-1
-82
12
98
-185
-33
66
135
-14
-163
-72
-236
-191
-104
-214
-174
-22
7
-207
-60
-190
-79
66
-68
-25
18
-9
-113
-69
93
-213
282
-245
115
-152
45
-656
-773
-720
59
-143
86
537
1664
632
55
-20
-2
-14
36
15
-14
21
-11
22
4
17
-6
5
20
-4
-10
8
1
29
13
19
7
30
5
-21
-22
12
-29
7
-21
38
-98
115
795
97
-78
-20
31
-1
27
13
28
-15
79
-80
-43
-112
106
111
155
-109
43
-66
196
-41
96
-76
-257
-102
119
-58
212
0
709
0
173
34
402
-405
-899
-427
429
-41
41
-170
326
-155
64
-2
126
225
270
226
140
211
-85
158
78
199
-36
199
21
4
553
-45
89
-107
-641
-139
2630
-225
-611
183
-49
242
317
195
37
127
-30
-18
316
-38
67
9
5
273
-166
211
25
-10
-14
298
-304
334
-37
56
-90
73
32
51
-95
-6
-51
63
-108
52
-21
-112
18
-118
77
-76
20
-13
-70
164
-68
137
-83
-168
-4
60
-65
73
-35
22
212
-80
-2103
-108
244
59
151
5
173
22
205
22
42
159
-7
128
102
49
94
90
81
98
97
5
-50
54
6
75
-7
-65
68
-3
11
-23
72
39
115
45
63
87
77
55
-641
-255
-244
-244
-646
-16
-452
-569
1675
-624
-503
-89
69
-57
-177
-68
39
-73
145
128
-104
135
141
-102
-73
-202
10
-219
-42
100
-738
-548
623
-567
-711
125
-223
240
-98
212
-160
6
126
42
-58
97
87
-23
52
98
123
89
48
-72
-85
-71
-320
-34
-92
-261
86
166
-296
142
-4
10
60
209
-183
165
19
-163
178
4
104
16
177
132
410
-700
1099
-642
442
31
-57
-131
260
-153
-91
225
184
-66
-305
-77
142
47
42
90
-51
30
-53
-27
-4
7
-114
-95
22
-117
-213
380
648
369
-155
-33
-558
680
828
679
-589
5
-183
72
186
-5
-170
-42
-69
-147
-63
-131
-76
43
-62
-44
-12
-92
-38
56
136
11
-44
-31
258
-50
138
259
-238
180
123
49
229
103
61
231
228
248
296
64
-186
89
293
-266
-602
502
-48
461
-663
-315
-744
-271
264
-259
-810
208
721
-183
146
-186
813
-209
-11
2
49
-38
-132
-32
-154
20
-5
-42
-129
55
-88
54
401
32
-60
-6
-99
421
903
395
-99
77
153
-75
7
-48
153
-17
-91
-172
-111
-160
-59
-65
125
-69
-49
-74
137
-53
-67
-44
107
-87
-83
-118
14
-79
-194
-23
-26
38
-67
0
-192
-9
-79
-39
-17
5
-73
13
-48
-49
-114
-183
166
-145
-183
42
-205
-293
-1355
-277
-237
-44
218
-53
100
-73
201
-49
0
14
128
41
-82
1
-69
36
-48
15
-83
-88
-72
-151
147
-119
-218
2
-318
75
544
51
-312
-176
-205
402
607
430
-239
218
411
-614
-993
-615
461
-101
-334
-352
-244
-281
-378
-1
-50
-194
156
-186
-22
-140
26
-122
-131
-177
34
3
147
-214
-239
-203
91
-414
-160
-218
527
-247
-151
60
184
-402
-1541
-299
176
-113
-346
272
-228
230
-353
-52
137
351
371
362
66
69
131
59
48
89
152
33
33
65
-49
40
24
-201
-52
-124
-295
-177
-90
31
331
567
289
598
286
56
232
525
570
520
236
-149
-67
222
-29
231
-70
-48
108
-49
-204
-71
31
-5
-4
12
-17
13
-4
-36
-2
4
-9
5
-4
21
19
-9
32
-4
9
-20
-4
-79
-335
-79
5
3
19
-44
-288
-40
19
0
-7
-1
13
-3
-8
-13
-5
-2
2
1
-7
84
109
118
-151
201
119
-23
-50
67
313
208
-137
-95
42
53
145
22
4
3
89
-385
233
-385
88
225
23
210
657
252
19
-78
-254
-167
58
-160
-128
-84
-245
258
1950
204
-170
-170
-247
-295
-188
-225
-279
258
239
520
-545
644
199
-219
254
713
-1643
734
288
131
-42
128
339
170
-46
-9
4
8
-139
37
59
30
89
-51
-319
-59
93
-112
-20
-91
-26
-63
-65
93
47
84
-86
97
-26
-103
-73
-45
147
-34
-130
-5
-63
-77
111
-101
41
-4
-2
137
85
88
-23
-9
56
-1075
-832
-1112
78
-34
-4
157
-240
82
25
37
-45
-30
-57
-21
-24
-39
10
74
60
47
41
-72
50
30
-104
10
6
56
51
96
80
119
30
11
54
121
394
58
35
10
77
-398
-1283
-406
70
-44
-33
-57
158
-52
-49
-1
-15
62
98
57
11
-87
-66
45
33
65
-94
79
84
-36
-16
-5
106
-1
-29
-42
-28
-47
3
49
-3
-101
204
-77
-29
118
32
-306
-200
-304
65
147
731
210
619
240
740
-211
-38
486
238
457
-119
199
99
-34
-370
67
-21
237
140
-268
170
-109
50
-108
194
-135
-94
-145
57
71
-39
-187
-365
-132
-36
155
252
-190
155
-74
263
30
-533
558
953
468
-485
-36
231
1200
-695
1246
196
-129
-239
-202
97
-253
-390
-204
-711
14
238
-30
-753
62
722
37
-210
141
685
452
615
-44
465
-24
734
-254
26
467
-416
324
58
-77
-39
-127
-14
-124
-103
164
-205
175
-260
-19
-123
-214
-389
-362
133
-273
-413
35
140
320
209
257
220
-244
439
364
-82
294
383
-83
-621
22
1150
-49
-613
-75
-211
-99
914
-84
-255
-196
244
170
-543
153
103
-140
-368
-161
-110
-114
-230
-62
99
106
-70
169
4
-67
278
-115
-131
-104
211
49
-61
-583
-900
-562
51
85
-25
-1019
48
-1012
0
14
27
94
203
165
6
33
-203
-1
35
-60
-196
-58
155
-37
-21
-47
170
-44
-130
-55
-115
-36
-149
180
-125
119
-75
143
-61
28
-231
-7
8
-56
-240
-136
190
257
-234
251
185
-57
-329
-179
394
-152
-337
-177
148
803
143
708
152
60
584
1083
-380
1120
570
11
46
-169
-259
-11
99
-143
162
-241
-185
-226
97
27
173
65
-158
95
181
67
-232
-141
-48
-135
-251
81
153
193
10
227
142
-135
-719
-555
-253
-645
-713
54
425
983
-400
1034
427
9
-10
-80
127
-105
-44
-83
-74
-77
156
-89
-120
-35
6
150
-260
153
16
-79
-66
-448
-408
-472
-26
-8
144
-459
-500
-441
179
-38
20
-4
-191
9
86
66
146
44
-354
13
147
5
-44
-105
171
-171
-99
-194
-104
-19
-245
-35
-126
186
-91
59
-87
88
-54
63
-112
233
-198
237
-120
27
1
6
298
71
-9
-46
-495
679
1727
615
-494
-75
179
-232
-182
-221
113
-165
14
-144
-142
-375
117
7
3
217
-1388
214
185
142
-22
-384
-701
-256
-74
-45
-102
132
-516
78
-237
95
83
278
411
318
44
-90
290
-2892
-5233
-2753
277
-160
-152
22
-326
126
-171
35
37
-20
-67
48
29
-67
-107
-145
300
-229
-24
62
162
286
87
255
200
61
176
193
513
241
201
155
57
-523
-957
-579
152
26
-150
-229
-595
-182
-180
-80
-14
-20
303
-74
20
-13
23
11
-30
11
18
5
12
18
2
10
12
2
-3
11
-54
6
-6
-11
-35
168
521
152
-32
9
-17
27
84
26
-13
12
-1
-10
6
-9
-6
-22
17
-4
0
-9
17
283
416
289
523
435
498
214
100
31
20
43
88
-84
-143
-239
6
-217
-120
197
289
-174
129
-68
303
65
-34
472
-10
459
187
-292
-479
-315
740
-360
-599
-234
-1383
-767
74
-743
-1574
-85
188
100
-185
10
234
-96
-150
-16
284
35
-200
125
31
-55
-168
-64
77
4
-86
-117
84
-214
-68
5
25
295
110
329
-39
228
137
-1271
555
-1282
159
-235
1162
77
168
96
1150
64
-76
-39
-174
-49
-140
0
-66
-57
-63
-29
-77
92
-10
-61
-223
-1
34
108
-12
309
818
283
-18
-27
166
187
444
155
191
12
-223
-245
-255
-231
-213
-37
7
109
131
136
2
-26
22
-108
-57
-135
48
26
25
66
-12
32
21
21
7
21
-27
-10
39
75
49
338
184
375
8
157
223
-438
-1492
-392
198
23
-5
141
155
75
120
25
-36
217
-106
198
-5
8
281
210
-229
281
265
-24
-450
361
76
295
-482
-345
-1262
148
293
94
-1361
-6
310
-65
-148
-68
366
168
-114
-60
105
-62
-94
-240
119
78
35
63
89
-92
128
106
294
156
80
19
-118
166
160
86
-65
125
80
-169
-90
-124
77
56
-84
-65
148
-88
-34
-280
180
201
-262
189
163
92
-215
-196
855
-238
-132
172
-812
-891
778
-857
-759
-196
-734
520
1046
431
-713
4
-5
-3
11
-3
-2
5
3
2
-12
4
-2
-8
-3
0
-11
-5
-2
0
-5
43
142
45
-12
3
6
7
30
3
7
0
-1
-6
-3
-7
-1
-4
-16
6
-6
9
-11
148
98
-27
53
-25
62
-129
5
148
266
69
-5
-130
-110
-46
32
-56
-152
-22
250
-83
-745
-49
274
73
38
-342
-149
-380
116
70
-218
-127
-444
-122
-256
227
1101
717
538
700
1223
-189
308
56
184
244
222
-101
-277
-188
-144
-89
51
53
-358
-217
1509
-186
-277
-65
325
-2145
-4124
-2153
193
108
180
341
711
521
113
-299
857
476
18
396
617
-148
199
129
249
208
70
68
56
-150
-156
-150
33
-82
187
73
-47
134
164
227
36
-483
-170
-501
114
74
-599
-717
-1306
-703
-552
64
-40
-70
-143
-27
-80
139
66
51
-27
101
38
53
20
-1
-48
-30
175
0
-922
-567
-349
-571
-955
144
540
-134
6
45
436
85
386
-483
-936
-696
443
1036
1281
650
3129
627
1160
-347
-682
210
1686
167
-635
-441
-91
-410
6780
-549
-289
471
186
-499
-1485
-503
-86
-139
-165
-193
186
-252
-236
293
167
-5
-357
79
264
-165
-53
29
-414
43
5
-303
44
-570
-2033
-561
-16
152
-62
-219
-16
-179
-129
11
-232
-611
-569
-714
-256
27
-76
-123
6
39
-128
231
-95
-105
-85
-104
-5
331
-151
-275
227
-347
-60
-66
277
416
537
444
209
-199
500
545
276
599
331
289
324
160
-177
120
360
-585
-1079
124
534
90
-1151
21
-322
182
350
241
-285
-27
-173
-69
993
-56
-61
41
-29
1947
1585
1802
-96
-60
116
234
467
313
83
117
59
-43
-267
-28
30
-39
-34
-108
-116
-99
13
6
94
128
167
127
96
176
-330
12
109
-39
-227
258
-8
-44
-147
94
29
-204
-17
-71
141
-36
95
140
-117
-51
543
-30
-154
-209
-67
-117
104
-242
-105
-32
-70
347
2295
343
-82
-12
226
-175
1110
-9
194
142
375
-234
-261
-256
432
-71
78
141
39
83
97
0
152
4
-224
7
152
172
-251
-260
-484
-237
-139
-292
-496
-683
-1112
-748
-470
-100
-572
-247
-1216
-327
-544
114
-79
-81
-153
-112
-15
-65
43
-213
155
-142
-57
-27
-76
33
-73
28
-85
-16
-26
27
-45
28
-17
21
30
-4
11
3
27
-13
-19
-49
-169
-60
-8
8
3
-165
-775
-151
2
24
2
30
64
25
-18
24
-8
2
65
-6
-37
121
-18
56
71
69
-49
-16
-40
1
25
1
-18
-12
31
-53
37
-77
68
60
30
-183
16
-208
23
-89
-145
107
1061
108
-179
-41
41
-147
-805
-137
29
-32
5
-12
-115
-39
9
-96
52
5
17
13
71
65
199
8
-32
13
217
106
103
62
-489
44
71
-35
-107
-1000
-979
-1027
-162
-96
-86
209
-812
273
-104
-2
35
-104
116
-141
53
18
208
-111
111
-133
145
-6
11
-26
-18
-18
-14
10
-28
-49
16
-57
-58
-54
-10
4
20
-8
11
3
11
315
396
321
-22
-15
31
3
8
0
40
59
-25
-21
50
-31
-4
4
-2
25
-11
16
6
145
-155
-55
215
-82
-91
85
39
-65
57
-75
117
8
233
71
-1175
60
267
96
12
-360
-717
-349
54
-180
93
104
-396
113
31
-5
2
6
177
-34
-12
-154
50
-53
229
-81
7
245
236
-16
-214
36
277
-36
316
234
706
298
183
211
462
392
858
428
478
43
163
-268
-806
-293
142
64
69
-245
47
-280
172
-75
-171
-79
-264
-85
-159
-64
235
114
-113
103
236
-33
220
-68
107
4
171
38
487
478
434
545
532
131
203
268
-39
282
231
8
62
21
-454
48
-6
-161
-63
53
494
38
-53
-104
-90
39
125
50
-117
-153
11
35
-82
66
9
-29
-103
-26
-87
22
-116
-13
17
100
87
56
4
-16
19
18
131
35
78
51
141
59
-174
97
140
-90
-221
-217
-819
-222
-310
-119
-21
555
130
521
-23
-148
-14
213
-19
227
-50
16
-13
-38
-121
-23
-7
80
-36
-2
-92
3
20
-23
-29
-14
42
-4
-34
-15
4
59
58
40
17
70
-11
0
22
14
0
-8
50
78
266
88
46
-11
37
161
-1163
171
43
-18
130
55
-83
43
19
66
25
28
-162
41
78
87
-33
132
111
113
-5
-76
284
-8
129
-22
197
-6
257
164
-115
188
258
-10
-202
-4
460
18
-257
-92
-116
-325
-1817
-295
-135
-105
-101
-101
23
-91
-92
-43
176
95
338
135
131
-82
126
-98
93
-110
95
-4
53
142
182
178
27
94
102
-579
-2243
-514
158
-33
59
-22
291
18
44
-198
-322
-135
849
-104
-299
-14
-88
-40
8
-8
-131
42
75
108
92
133
86
24
-54
-147
-350
-190
-50
-78
-319
-438
-504
-482
-289
-36
120
-385
-356
-405
111
-45
38
96
20
79
11
86
-19
59
-97
82
-28
80
-202
-150
76
-204
-45
16
-75
-235
-68
-226
23
112
406
532
850
491
386
-71
323
416
529
480
388
-176
21
-62
75
18
-6
-19
-272
-234
-71
-264
-215
59
-25
-115
96
-79
51
6
148
-26
202
-40
191
22
-48
-71
371
-101
-9
198
133
-16
1
23
75
202
376
562
1122
617
324
-39
213
-25
44
-90
161
-8
-65
171
-39
112
-18
-122
-38
-69
-173
-32
-39
-68
-36
-160
188
-182
-45
-19
-149
-51
-163
-61
-180
-15
14
128
-379
159
106
-41
908
-445
-1602
-398
842
92
203
-47
-38
0
185
-8
-42
18
-81
57
-65
75
61
17
31
89
-12
-353
10
514
398
461
-8
12
138
824
818
797
180
-304
-465
-94
147
-63
-639
-44
-122
32
626
-63
-126
111
-117
-203
-38
-206
-141
-214
-323
96
-105
73
-326
238
59
-140
-166
-80
130
-7
-25
63
37
24
-8
-38
154
161
170
124
26
-135
119
607
-319
717
156
48
591
-778
-1279
-763
512
56
42
133
30
140
157
-81
298
47
-398
125
138
-107
70
97
9
74
108
-19
-104
-30
77
-19
-111
114
29
112
162
136
83
163
111
257
167
247
131
-79
-30
459
811
487
-84
-10
-190
7
209
-61
-150
-20
107
-148
68
-117
83
10
-148
-93
133
-102
-145
-41
-169
34
-44
33
-233
-80
-58
0
-121
6
-120
47
148
-157
-402
-106
192
-122
309
170
341
148
266
60
-255
-337
-104
-354
-226
-33
-288
248
659
291
-321
233
-69
-1726
106
-1766
-90
-512
-598
39
298
-100
-778
-791
-1241
-10
171
-25
-1674
1063
1296
-97
-190
-16
1705
103
97
6
-340
65
219
-67
-78
-23
155
-30
-136
-43
-262
151
97
165
-254
3
370
-246
168
-273
469
-12
-433
408
219
432
-432
-220
-836
334
24
343
-1013
-695
-1243
26
77
-45
-1440
30
477
-143
30
-196
431
-21
132
-108
-149
-45
87
-19
26
36
-189
40
37
194
-85
215
362
208
-90
-63
54
-99
-105
-78
69
181
-33
-121
163
-179
39
-25
-37
-84
-366
-68
-72
-41
-9
75
119
64
-4
185
-94
-132
-270
-149
-72
-75
-98
630
512
629
-80
48
35
364
916
351
48
33
-5
-148
134
-53
45
-227
66
205
-230
118
65
81
253
84
-1057
144
312
-335
87
141
-1039
145
46
118
18
165
464
182
66
188
50
-254
-35
-243
136
-82
-83
-36
44
-18
-136
81
-63
195
-24
139
26
14
-9
-2
-163
16
-13
-73
78
61
-5
42
15
-14
-114
-125
-6
-204
-45
-8
104
-98
-1678
-168
125
61
103
59
-44
42
81
23
-129
21
42
30
-147
131
70
-42
-1
34
66
-35
-34
28
228
51
-29
45
24
-104
-138
-72
33
-118
27
-215
637
-223
-12
79
39
401
545
389
96
84
345
89
507
34
256
-56
-286
352
893
344
-211
104
80
-51
49
-61
110
-7
180
-94
-326
-10
180
14
174
7
62
-66
161
56
-711
203
493
232
-694
-268
-1144
-600
765
-598
-1209
-61
280
301
700
358
303
-46
-108
-60
-48
-96
-134
-80
-88
3
-54
46
-165
-66
-211
-143
-160
-154
-263
-120
-114
-203
-151
-237
-144
-80
-119
-38
-73
-20
-185
6
-57
69
149
102
-72
-134
-85
-17
87
-16
-115
108
97
-50
96
-23
121
-64
90
4
-56
-64
-71
-17
-61
-55
67
-45
-84
-94
-4
-20
10
-49
-18
-45
-4
1
-34
-20
-6
-97
102
-64
52
-123
147
124
146
477
1768
469
146
39
67
-119
22
-94
35
73
3
43
-112
32
25
-78
214
83
599
129
171
175
533
-82
-30
-48
536
521
888
-562
-94
-557
1056
47
291
122
336
133
299
-143
87
106
-483
123
79
22
65
-43
515
-69
161
-6
-154
163
104
132
-59
111
-82
168
183
119
6
-4
-148
3
198
32
-211
39
235
-65
-131
-49
150
-33
-119
-402
-118
-405
-119
326
108
619
870
653
141
-53
105
486
509
622
35
-23
-112
-93
248
-202
102
17
257
166
-197
283
25
-36
-81
-360
-51
-278
-141
45
106
-549
-2059
-562
217
-320
560
68
-9998
320
514
-780
653
186
260
194
655
-195
551
-146
-683
-52
795
91
111
-1
-94
-46
209
-8
-125
-14
-276
-28
-36
69
94
98
384
68
93
37
-68
-152
-410
-122
-58
-7
-44
-122
-829
-116
45
-170
-444
551
-409
481
-415
76
213
-342
-659
-294
138
21
28
-11
9
4
36
-16
0
-1
6
5
3
-1
-9
2
-37
0
-4
30
-6
-36
-26
-32
5
-15
17
3
50
-5
20
38
-20
124
910
109
-28
-4
47
47
-1
23
29
223
105
-336
66
-364
146
156
271
-89
-1511
-123
285
102
-189
135
124
200
-139
234
1
-543
-527
-579
79
95
181
481
-158
532
142
120
-45
-510
-64
-477
-108
249
-14
-10
-539
86
102
-7
158
-308
-82
-269
210
173
133
-56
-1120
-72
46
28
140
154
51
177
171
23
65
-384
-499
-325
61
154
69
343
723
373
113
-39
159
-607
693
-606
181
-167
-79
-389
1451
-310
-60
28
155
317
-20
396
101
-6
-13
-273
-386
-333
1
37
-385
-495
124
-485
-388
-77
187
141
155
122
214
-115
-156
167
444
203
-169
66
127
114
-535
137
88
-60
29
535
530
473
-80
126
50
-166
-52
-207
22
4
93
114
-35
33
139
-46
-360
-637
-976
-688
-342
-74
-405
-484
-477
-486
-405
-66
-268
515
140
555
-375
77
159
118
-347
123
132
-52
193
206
196
221
192
63
-90
54
-62
40
-46
-155
-103
106
-82
108
-206
164
-47
-232
315
-200
-123
58
439
-379
-211
-302
458
327
946
-25
-351
39
1050
198
28
348
176
356
48
14
-46
-224
-343
-233
-40
-16
-158
24
-120
5
-65
-163
-245
-11
271
-44
-284
53
-158
-31
273
-60
-82
-155
-102
-694
-934
-722
-100
322
81
454
-28
397
117
-150
40
202
42
207
-30
-111
-19
-150
-182
-158
14
157
194
194
132
216
216
-43
-76
-104
-90
-54
10
-110
149
-381
450
-390
106
109
705
-510
-1140
-506
747
-55
-345
-547
-2101
-597
-328
-163
-132
136
168
77
-92
-22
198
552
-145
396
144
182
-17
114
-1
134
97
-185
28
61
197
11
-35
25
-38
47
-426
48
-15
13
-67
186
211
169
-56
56
245
462
-636
443
290
21
83
-578
-413
-604
56
28
283
-41
-145
-67
290
46
45
52
-236
39
270
422
902
354
304
496
1033
249
94
-214
-330
-203
193
-16
-103
14
15
18
-138
74
91
-19
159
-21
119
-7
-16
18
73
17
11
-9
-86
-93
82
-109
-87
-146
-122
66
12
64
-184
20
-136
-235
-15
-243
-138
-9
-120
84
-207
39
-31
73
-145
587
-199
568
-156
-88
854
678
-388
756
872
79
214
-5
-350
48
178
9
-164
-25
-8
-7
-143
13
-32
-73
177
-62
5
-2
-3
-19
-48
-8
11
-25
179
-248
20
-273
155
-60
490
-233
474
-241
498
58
110
0
-41
22
99
-6
-30
48
28
48
-30
-8
76
25
12
20
103
-75
109
109
67
110
-33
-79
117
-77
-16
-35
134
-63
94
-59
-185
-58
49
-54
129
-128
34
-194
177
-256
-491
410
-459
306
-523
0
1558
-263
-132
-190
1654
121
-217
60
133
70
-217
34
-50
74
2
36
-1
49
-94
-125
-75
-150
-45
23
22
-80
580
-103
30
-37
-109
419
626
414
-145
-83
316
52
-1314
56
297
-10
-7
-313
220
-304
32
-68
-143
201
-63
142
-117
16
0
-27
-7
-21
-15
14
0
-14
12
-7
4
9
-12
-17
21
-9
-39
24
42
21
20
21
53
-25
5
-7
-82
-23
6
47
83
-126
-759
-120
109
-28
17
21
11
12
13
12
-45
49
31
17
-45
76
-5
24
74
29
38
28
-104
20
-120
-40
-31
45
-299
-524
-100
-567
-220
-8
-37
-125
0
-143
-3
-27
-205
648
1334
620
-191
-44
66
-28
12
-8
15
123
123
-91
-452
-56
222
-158
-196
-187
353
-215
-252
410
-281
-114
-186
-208
-129
-355
-62
-147
181
-128
-74
66
-135
-87
49
-138
-86
243
1429
183
-404
312
1497
289
459
-918
-192
-898
516
-12
-77
-198
13
-218
38
-109
-135
-269
-88
-249
-172
61
74
-28
-662
40
75
-109
-216
407
485
399
-270
232
197
243
1089
283
153
-102
70
104
-757
117
68
-135
-264
-110
-269
-97
-331
-67
127
-28
23
-16
128
-129
90
87
123
64
-18
-26
-15
-17
-146
-56
95
-46
-568
-354
-66
-318
-426
-114
-553
-741
115
-727
-578
58
-299
-248
324
-225
-222
193
356
1
-649
50
268
37
-164
-44
2
-67
-139
-61
-42
98
6
72
-34
32
2
-67
-23
-91
9
-8
-33
-125
-377
-132
-22
113
130
-10
386
-1
181
29
-352
-774
395
-787
-340
72
-11
118
83
92
-22
-61
17
20
18
23
-15
-26
-60
-10
59
3
-71
-45
-7
28
119
44
-33
62
-42
80
186
74
-30
42
53
60
144
46
37
-23
68
-150
-1011
-146
94
-47
-1
3
51
12
-3
199
-4
105
74
94
21
-130
-27
-11
99
-38
-55
6
-86
-119
-65
-152
-74
-4
65
219
495
196
32
-124
-487
122
-56
143
-508
-42
-726
-68
446
-94
-763
-51
-309
35
-407
10
-312
-140
-319
30
192
-215
-122
-505
-1061
-1357
680
-1466
-1054
-744
-968
-86
-144
-100
-1197
112
126
-96
-471
-94
184
437
12
88
143
154
56
326
276
172
-270
100
426
1
56
13
120
18
37
-290
-197
-272
125
-331
-304
131
-542
-376
1032
-364
-556
-179
-31
210
609
202
-135
28
104
56
26
54
61
-23
-151
-90
33
-105
-115
102
-74
-105
130
-99
-21
-70
306
4
-57
10
222
120
116
74
24
3
167
143
-193
37
239
-57
-110
240
-103
-492
-584
-494
2
-5
711
-1096
965
-1048
676
-7
215
420
392
492
235
396
-104
450
279
512
4
-110
360
-52
-508
-103
343
78
310
290
-61
324
339
75
27
-40
-197
19
86
-25
-25
-213
-110
-182
-38
64
10
-254
-55
-256
56
-166
-114
-122
-1089
-186
-66
-65
6
550
-222
602
6
80
125
-725
1422
-683
51
66
-77
94
-178
108
-3
-37
63
88
-21
49
116
-83
-52
-223
-102
-194
-60
166
75
96
714
84
148
-11
91
-161
431
-203
81
-136
13
-370
-1166
-363
-42
45
118
-519
-446
-433
124
374
370
247
259
192
600
328
372
183
553
186
456
225
309
-63
-26
-6
306
-8
266
176
426
165
306
124
167
88
172
131
181
87
99
102
196
99
77
23
115
-74
138
-95
56
41
4
-54
-203
-25
20
20
-120
-126
28
-117
-112
-109
27
44
247
62
-73
23
125
33
-87
33
128
-98
-208
-63
726
-156
-168
54
-176
83
1672
86
-198
-232
-180
-155
-183
-100
-171
-78
-74
-243
-135
-157
-72
128
53
59
-670
68
84
96
-180
-416
161
-402
-209
-127
76
-131
-74
-124
81
-154
-366
35
194
-12
-341
-85
124
1001
354
1007
41
165
151
-66
906
38
121
-92
-245
43
94
7
-236
-43
67
-12
-60
17
26
-7
50
244
415
248
-13
73
-310
635
-738
690
-384
181
-7
206
-2159
240
-64
118
217
-279
-941
-297
264
94
148
-82
-177
-140
168
-53
8
24
9
32
39
26
-118
248
-102
257
-50
-312
-29
-86
-140
-156
-25
-44
-116
-83
206
-115
-148
197
1294
-674
-520
-651
1315
-108
14
-5
-24
-55
66
-10
-78
-237
191
-183
-20
-42
18
134
-79
71
36
73
72
-56
-158
-59
101
27
82
65
-206
75
44
-80
69
-439
-487
-414
61
66
262
-525
-1118
-505
285
79
20
16
-279
-5
-26
-51
59
68
-164
-61
112
505
101
128
181
-36
442
632
636
110
-395
90
932
382
504
266
74
358
721
235
-226
-275
-75
-268
-105
-20
63
170
360
143
67
-149
-35
-220
-533
-197
-128
-40
30
86
-81
-15
8
-5
88
18
-109
22
186
-123
417
54
328
-80
308
153
-116
4
-105
-73
-59
50
-276
-172
7
-152
-263
7
-554
-43
400
11
-579
-448
-28
-631
-3607
-560
-14
-179
62
77
103
17
44
-13
-7
14
8
20
-13
-44
-26
17
-12
13
-12
34
6
6
19
14
3
16
-129
-249
-395
-253
-113
-25
-9
-100
-70
-103
-8
1
22
12
9
10
0
6
1
-18
6
-26
16
-70
9
-16
-62
30
-3
-103
24
14
-160
10
-4
24
-227
83
-109
71
-261
-11
384
532
1037
554
320
69
43
348
267
361
51
-75
-113
31
379
-17
-135
-132
-238
40
-87
20
-286
-15
35
51
21
71
10
-170
78
7
-104
7
52
71
-85
-33
-24
-25
-45
-53
-116
12
-110
46
-189
15
-343
-312
1571
-320
-308
-3
-76
381
117
365
-21
161
-155
-159
132
-182
-64
50
-185
-133
74
-107
-84
-15
188
95
303
144
131
76
135
94
305
117
124
31
-149
1022
1684
1000
-125
-139
337
496
294
492
347
202
236
-38
398
-22
261
140
9
70
68
120
107
15
16
-140
-235
-60
101
51
-43
-79
-95
-73
17
255
143
-314
-33
-265
202
154
859
-168
-254
-147
854
-109
-171
-333
-174
-334
-250
43
-184
17
-384
5
-180
-29
49
-9
-235
-11
134
-90
30
38
-202
-7
52
113
37
171
-339
188
30
-63
350
-1371
-569
-1372
356
-30
4
11
185
27
-33
-184
-173
105
50
70
-270
-92
66
3
84
22
37
-104
37
120
-111
118
-7
58
76
29
-220
92
-129
123
103
-119
-112
-88
116
-52
-295
-104
-160
-102
-322
57
27
371
310
383
9
7
-63
550
898
595
-104
-50
24
53
139
-2
60
109
-19
-157
-38
-126
24
30
13
-6
-24
9
-20
-14
69
11
-38
13
83
11
5
-52
-5
-42
4
4
-288
-527
-50
-535
-297
8
55
103
-105
119
36
39
51
50
11
51
81
-19
-51
-63
58
-65
-29
-171
160
-238
136
-278
123
-39
194
107
-372
146
176
390
-262
130
-79
176
-237
20
1227
-126
-414
-113
1289
-244
-348
-414
-672
-416
-395
158
-100
175
-22
127
18
-12
106
-28
326
-8
64
178
0
-73
-119
-52
12
159
377
13
-413
41
342
-76
-340
907
-809
799
-308
-55
349
52
-68
37
280
53
206
730
324
695
291
-106
-459
397
877
354
-426
210
-64
44
90
39
-168
34
-1
-9
179
25
-43
-256
53
-30
-147
32
-62
-51
-74
-43
32
-74
-51
82
194
242
1440
251
196
69
-2
-292
-421
-256
58
-136
91
65
-56
30
10
72
-58
45
-59
47
-147
7
59
-207
-49
-241
2
-204
-83
52
172
-93
-76
-121
-4
-150
16
-101
-62
132
-108
102
524
97
-55
18
174
661
678
666
182
-82
-270
99
1187
73
-322
-43
-3
124
1609
146
-9
-1
-36
-152
30
-69
0
-42
-143
-119
-304
-98
-105
-184
266
-324
-383
-332
292
24
-805
-837
214
-833
-787
-86
-261
-113
272
-147
-192
154
65
71
-19
131
69
-49
-172
201
185
169
-113
-147
-129
83
-287
84
-88
81
-87
-244
15
-186
-100
127
-176
-257
-24
-256
-119
0
-68
-532
-17
-506
-99
-26
136
-256
-304
-312
145
82
-26
-368
-878
-344
-51
-69
89
-327
-346
-383
41
11
47
-28
-22
-11
41
54
55
-23
-71
-19
83
-62
-5
-15
-31
-7
-37
-23
18
-36
-65
-31
31
-9
-27
-27
-64
-20
-31
-25
-5
-184
-997
-198
-11
-10
4
-15
-101
-34
23
-40
-198
-9
-44
-92
-197
301
203
85
63
42
237
599
906
-206
-189
-160
985
-210
-600
-290
439
-405
-634
-325
-614
284
205
277
-702
-144
-182
-90
58
-75
-227
-65
-129
-41
-222
-48
-110
7
-1
33
97
88
-62
-230
-159
23
-22
-35
-266
104
-24
-43
-142
-2
-66
66
151
-41
811
-53
77
-44
-75
-204
1123
-248
-75
48
-11
46
-131
41
-24
36
-97
-11
-165
0
-191
61
219
-82
-467
-69
213
-11
-89
534
1165
494
-106
4
104
269
431
285
95
-52
-44
13
-278
-19
-70
-23
8
32
-179
54
22
-131
76
-41
-126
-79
27
-54
27
-7
-28
-24
10
-236
-61
-22
161
-73
-92
84
71
-67
-83
-50
82
65
-245
108
-68
73
-201
-5
-82
-13
141
-36
1
-181
-262
254
430
301
-357
-103
1376
-89
-722
-41
1383
-9
101
242
338
225
58
-80
-206
-386
-330
-213
-301
-13
-96
67
70
-21
-49
138
39
421
258
428
91
131
576
547
879
539
576
80
193
357
7431
507
222
-322
87
-55
-285
-103
45
107
-181
-79
-122
-43
-224
-1
176
94
-130
105
168
53
-54
-345
-418
-352
-1
30
-6
-40
6
-20
35
15
-21
-43
-1
-39
-34
27
4
-48
64
-57
8
46
-41
-4
114
-29
-25
-28
17
15
-22
3
-3
78
77
125
-112
136
57
46
-40
73
43
88
-34
98
58
-96
-133
-92
90
77
-88
81
3
42
-43
-6
211
-95
-1567
-74
186
29
63
44
15
23
89
-48
29
89
-37
113
6
-61
-63
-245
61
-279
-118
117
219
-64
63
-23
233
43
-114
144
58
131
-70
83
-80
189
377
194
-95
155
275
-26
-1665
-6
328
141
192
-584
197
-559
200
-200
213
-343
-51
-343
212
108
114
11
-118
-7
50
63
85
-106
110
-126
100
-102
-67
97
253
118
-86
-79
16
-434
-370
-418
17
-106
75
152
-1229
184
45
122
234
-138
79
-125
221
117
-126
71
36
44
-116
52
-146
188
80
171
-109
19
-187
-27
9
-92
-182
81
325
-126
-593
-48
398
173
556
-170
-655
-136
600
288
563
1097
-405
1173
639
-112
584
21
368
126
440
-56
-145
234
739
116
-184
-14
-53
-76
103
-105
-85
-46
39
128
-120
155
32
25
13
-87
318
-172
31
169
-56
43
-64
60
14
71
137
186
-48
193
71
105
634
679
423
697
653
-148
68
277
16
222
91
-35
-62
67
94
2
97
-292
-46
16
-33
71
-60
276
193
634
2911
602
286
230
287
1060
1447
881
400
-255
94
-329
175
-208
58
66
114
45
-217
65
90
163
52
-139
-75
-114
75
16
26
-81
158
-134
-29
-25
-108
193
32
160
-93
120
-102
105
77
111
-157
-115
-140
85
34
53
-77
249
240
30
82
73
270
136
-931
-999
461
-997
-946
10
-366
-60
-4
-110
-364
228
-95
-171
-101
-140
98
8
125
88
22
129
63
16
56
-39
385
-64
96
46
50
-176
-382
-145
-10
-21
-258
114
-783
106
-289
-89
-472
-1092
57
-1147
-474
-135
58
-275
-824
-217
89
-23
18
2
-238
-88
120
257
345
-229
102
-204
311
-43
169
648
685
602
217
-9
403
509
759
524
406
-266
-207
-1170
-1604
-1472
-180
-181
-5
-301
-59
-259
-177
-157
112
-53
-102
-68
190
33
1
6
-147
2
10
26
183
391
715
414
158
2
-8
-18
184
-3
25
9
-24
-3
-77
-11
-16
-33
6
-11
-44
-12
-11
48
-14
-61
34
-63
-23
-23
-3
55
-57
49
21
194
54
8
214
10
109
-42
280
157
-141
200
205
89
-38
323
508
396
-108
-90
-417
774
965
706
-382
-33
77
-198
-580
-191
37
-42
26
155
303
81
84
-31
-106
-276
-223
-298
-133
40
-10
-19
0
-24
-7
35
-4
10
3
13
14
-23
-27
1
40
0
-13
10
193
300
420
299
172
39
-14
75
254
79
5
42
-48
3
-93
-6
-50
2
71
-12
-38
-21
74
-106
155
164
117
217
86
-1
118
-69
41
-61
107
-163
82
-101
185
-83
68
222
35
242
199
238
39
-97
0
-56
-152
-63
-64
-151
-126
121
1803
184
-171
-183
-65
-209
-954
-258
-106
-30
-213
107
249
14
-204
-79
-62
-134
-232
-146
-49
22
184
138
592
271
68
189
1
455
66
426
-25
-183
-466
-40
594
-111
-481
766
1032
-391
-244
-356
1076
265
65
433
79
445
126
22
-125
-41
-168
-31
-20
6
70
-69
-136
-28
120
50
-3
-73
-305
-52
-2
-72
-220
-357
-2167
-417
-144
3
-227
-71
-689
-74
-233
-137
116
-704
-1358
-653
75
44
-12
-41
-144
-13
31
6
18
155
141
189
-149
-9
-122
-124
193
-104
-100
-31
61
86
495
95
-46
22
314
1522
-336
1508
236
101
541
-14
-952
-93
500
128
43
116
-19
172
65
275
177
-193
-539
-209
236
58
105
-82
62
-60
89
-8
15
31
-40
38
-5
-42
-38
-13
-9
-34
-29
-7
-71
124
-82
80
-41
-130
34
-213
-89
-205
14
49
26
-343
-790
-320
33
-14
-106
68
-106
66
-71
-88
15
49
-160
106
-23
8
-43
-29
-24
-47
-12
67
-23
10
24
3
-3
-29
289
-16
-159
11
281
-127
171
-301
-529
-354
153
89
-282
-775
445
-808
-285
-167
-62
-323
301
-361
-48
-97
107
328
295
298
52
-152
54
155
-432
140
-58
69
143
162
314
133
172
146
223
-563
-310
-554
247
-59
468
413
-762
421
459
-43
-49
209
316
97
-41
7
-265
16
762
3
-401
-118
-68
-219
461
-175
48
27
-468
97
170
172
-484
-118
23
425
194
364
52
141
676
-103
-69
-23
601
-531
379
1115
293
1093
295
223
-27
-798
-226
-775
-38
36
18
-570
-355
-597
76
95
76
-66
224
5
63
-8
22
91
-107
75
99
-117
131
51
174
32
135
-2
-67
-246
374
-255
-84
-243
-800
-232
1098
-312
-785
70
24
-62
-58
-33
4
-50
114
-108
156
-98
-42
-134
406
-349
-171
-159
199
-257
480
558
986
613
335
216
569
254
-80
354
563
718
533
3277
1434
3508
506
116
-152
349
-421
207
-157
-61
172
-538
-313
-458
275
-329
273
150
-61
44
205
-135
-74
-3
-27
17
-171
-84
-125
-188
-232
-197
-217
-55
-213
-248
-150
-285
-217
-166
-126
167
52
176
-203
-32
-79
-87
-22
-101
-113
-24
-8
-21
53
-44
-4
-143
-42
-38
4
-58
-94
0
18
182
163
238
-58
115
102
90
188
119
147
-180
42
85
200
47
-179
-241
-116
555
1337
617
-135
8
-373
-84
318
-121
-419
-63
92
-378
-76
-340
82
-123
72
335
-36
177
87
-46
19
123
65
-95
-17
-143
-24
-242
242
-265
-66
-127
-217
-318
200
-369
-261
-79
452
-500
523
-466
544
-60
782
1262
-495
1249
762
180
-142
-63
-492
-84
-93
-95
13
-190
27
-122
4
-5
2
2
3
5
-5
-11
-7
13
11
9
-2
10
10
9
-19
1
10
-14
8
83
278
80
8
20
-33
38
261
33
-24
6
-8
-6
-10
-4
-21
0
-6
15
-5
14
-11
-49
-541
28
935
-9
-432
-19
-593
-129
1441
-204
-601
3
-150
16
550
-18
-66
2
97
-130
-236
-127
102
-179
-133
-194
116
-134
-216
-51
27
66
192
16
20
135
65
-42
-38
-83
116
-1
-3
206
258
179
9
-84
-160
429
660
413
-266
-35
217
-141
-1691
-56
193
50
-141
-100
-618
-60
-159
48
-200
-282
476
-228
-166
-38
21
47
-108
24
12
-253
-55
-35
-197
-60
-87
-88
-225
-94
-152
-220
-226
80
111
-48
173
26
-6
-315
-124
124
-259
82
-134
303
1322
-49
-309
-67
1417
138
360
-128
0
-115
406
44
-18
-111
-187
-199
41
-71
-17
93
-177
69
-61
-92
-158
-147
-70
-122
-137
-12
-267
-245
-52
-297
-247
53
89
-48
72
-70
209
82
-57
370
-431
286
-87
465
1144
142
-596
265
1201
133
176
-368
-276
-334
239
10
-169
227
-339
231
-192
-167
-107
-87
74
-61
-165
364
-273
-219
198
-216
-148
621
1389
55
-285
166
1544
202
447
20
-543
24
450
-95
-52
-204
-47
-191
-42
-195
17
-73
82
-39
35
-393
-171
95
-305
35
-257
152
-150
-7
-28
-22
-26
109
-134
-109
-72
-145
-40
-43
107
232
280
233
110
-38
72
155
1000
153
129
36
84
157
-797
174
91
-83
50
11
101
12
11
168
109
-70
-302
-15
56
-45
-61
-12
20
-69
-18
-16
21
44
-32
59
-19
38
145
124
96
163
175
72
246
244
467
266
250
116
57
52
184
93
35
8
-26
64
98
72
-2
45
11
-163
-38
-120
-13
-152
-316
-136
-473
-163
-389
-37
-69
-243
-374
-193
-139
-94
-79
-276
-501
-256
-99
41
33
577
314
608
45
4
-133
-96
-19
-78
-158
-9
29
320
846
296
31
7
205
519
292
528
135
-21
271
-24
-133
36
130
31
-4
19
49
40
1
-45
-132
-56
111
-42
-114
47
-59
53
-71
59
-61
-152
72
-149
-148
-224
63
-53
283
-302
-900
-226
258
-151
-248
610
1782
519
-147
234
299
121
27
66
523
894
780
506
910
525
1093
376
404
361
559
352
604
394
530
-18
-264
-3
639
286
190
84
177
116
252
181
34
108
-208
165
58
190
69
-87
-83
-79
237
221
48
-47
144
5
83
249
375
407
-331
438
461
27
-31
593
424
598
22
99
102
48
227
104
122
-64
40
-32
442
-41
34
94
-8
57
80
56
52
48
20
75
10
54
40
18
-211
-86
-199
-83
-116
48
540
470
950
449
559
133
128
755
275
784
182
-148
-182
538
-182
546
-123
-317
-96
-242
-887
-276
-8
262
600
565
-1477
505
628
59
128
-119
-112
-132
-3
286
53
-14
333
-135
103
-64
-71
100
265
64
-157
127
-44
-33
148
-35
-5
-73
-138
101
96
147
-166
-78
120
81
-373
97
95
202
912
-474
-48
-451
931
7
-962
-759
-251
-803
-913
-58
273
278
437
245
26
-184
196
207
163
79
-13
-74
83
132
370
301
49
192
-64
-429
-7351
-320
181
378
554
656
-5680
739
524
291
217
-2521
-496
-2303
377
294
418
148
301
161
521
90
15
-4
110
22
40
-37
-252
194
246
213
-198
-54
-183
633
1336
639
-204
-102
66
165
-339
123
-28
190
-134
-211
-193
-240
-40
70
213
160
423
119
230
98
155
82
168
109
191
-30
-67
42
-72
14
37
-19
-137
9
-622
31
-241
-40
-35
-49
15
-48
-97
-11
104
-8
201
14
127
-58
-208
-692
-803
-693
-218
-40
914
-266
380
-240
924
-139
190
-293
192
-161
209
81
-5
-22
204
-10
-6
4
59
246
608
233
38
62
41
-134
-231
-119
77
19
75
-75
-84
-95
86
17
-42
-6
111
6
-49
-37
-19
-52
55
-41
-27
6
-65
-61
26
-27
-72
-118
149
-103
-130
152
59
52
229
411
573
404
397
-45
474
647
764
626
460
181
489
343
-427
467
476
89
125
295
62
325
70
-90
-153
-6
-692
15
-169
19
-46
45
252
-36
-14
-7
31
104
86
109
36
6
-99
26
-118
47
-79
-37
242
-77
123
-78
214
133
208
-111
-195
-155
241
-2
-213
-187
-522
-158
-235
-238
-903
-505
-293
-541
-930
-46
77
328
671
307
62
16
-296
178
49
174
-197
100
-315
-50
-80
-74
-266
-242
-407
-242
-335
-261
-553
-244
-305
-257
304
-298
-337
250
-268
15
650
-13
-113
261
679
-428
-748
-456
785
22
588
227
-881
233
661
-261
-129
161
237
102
-442
-304
-454
-453
-869
-438
-551
-161
-349
-493
-578
-481
-433
-305
-718
-478
25
-581
-779
-450
-200
146
-48
128
-347
-13
179
2
-16
-16
157
47
350
548
6
527
303
-1
11
-29
-7
-54
27
-7
24
8
-50
4
-24
-22
8
-9
25
-10
15
10
-54
-91
113
-94
-60
5
-163
218
770
218
-196
-9
-13
53
126
42
-5
-50
8
19
-17
2
-3
17
49
70
44
36
62
5
36
58
110
89
56
45
31
-28
-75
-63
92
23
85
-105
82
-117
75
-64
-139
-548
-460
-568
-123
141
-122
-389
532
-384
-106
19
-46
72
-127
79
25
-213
66
-87
94
-46
2
-62
-189
-51
-61
-24
-102
97
-28
298
-170
216
-83
182
350
480
347
502
267
-98
-16
-1415
-1475
-1384
15
-393
-1
-55
-212
-45
118
-92
74
261
507
207
11
-70
45
61
-138
80
33
-34
226
455
347
451
163
41
55
-68
-282
-15
77
-8
-22
-173
-587
-178
-11
-4
-105
-65
-149
-84
-70
76
51
-46
9
-34
76
73
-63
-26
-157
-9
-62
26
-13
-52
86
-13
-31
-5
-257
23
-120
40
-197
-19
20
-118
-276
-124
53
73
-172
398
1283
366
-113
42
50
45
186
51
57
-59
-289
-1
4
-6
-245
-51
57
-142
-40
-176
39
68
-4
-9
-128
-12
93
0
163
-34
30
-33
131
-45
169
368
-55
414
174
204
550
840
265
848
574
-100
-288
-160
193
-162
-261
-185
224
-43
134
20
62
9
31
-10
38
33
-8
-58
-58
41
-1
25
-60
-73
19
100
-47
86
6
-28
-4
-15
-52
8
-51
27
74
104
0
98
75
7
-1
-47
-196
-36
3
-35
-56
-168
-1122
-142
-110
26
-16
8
100
12
-64
-31
-158
1
95
-1
-170
46
-44
131
238
117
27
-14
-81
-192
-330
-152
-68
100
17
392
634
466
-21
-107
-66
420
1032
377
-72
64
-340
-109
-901
-102
-371
-38
-136
43
-119
79
-131
-36
-73
25
-132
55
-121
72
-22
16
-61
19
-26
85
-292
-239
211
-227
-285
16
-272
323
952
343
-230
69
121
-471
561
-464
106
152
102
219
179
236
115
123
-4
-23
-3
-47
51
105
-65
-53
222
-34
-34
23
-39
-50
152
-49
-56
-108
-26
-6
108
-10
-28
-79
-40
372
1394
337
-35
94
19
49
501
54
4
-32
0
-31
-181
-54
-2
70
-65
-24
92
-58
-44
28
55
-7
-434
-136
-104
-74
-341
71
-281
23
-266
-74
-124
-29
299
-24
-138
-272
35
-92
-368
-66
-39
22
-373
227
983
243
-385
87
50
-408
1807
-362
88
-29
-214
-161
70
-100
-272
-2
18
235
-19
248
26
135
59
-3
-98
28
34
-63
238
6
97
-41
210
-50
120
15
165
28
118
121
-28
-352
-13
-415
61
-271
-454
-369
1202
-361
-512
43
-262
926
418
902
-232
248
116
-220
-250
-187
367
81
106
-79
-630
-97
180
532
321
-50
-309
54
418
55
178
343
338
415
111
437
260
-359
340
-290
372
167
-375
-251
4326
-268
-305
-466
-355
365
112
493
-379
74
-353
-52
263
-27
-212
232
53
161
-63
200
41
-135
-122
156
10
76
-178
-167
-76
-29
17
-51
-19
144
-13
-366
358
-323
-45
-5
-61
737
100
720
-27
96
160
-1475
-480
-1421
158
-27
-155
-76
-165
-78
-88
7
-97
-190
128
-150
12
-220
219
607
518
589
366
-143
658
675
-244
607
736
137
429
599
656
660
422
-92
-132
-47
-147
33
-216
122
-3
-55
92
-59
3
69
189
23
-69
-5
150
23
67
92
-33
113
86
-154
214
-25
-169
-12
96
-132
628
-194
-427
-162
603
100
497
-421
-387
-416
469
93
33
-16
-206
17
34
-64
53
22
-111
34
-15
-11
4
48
93
23
101
20
43
105
183
107
100
94
-63
37
509
26
-90
209
-350
-694
-1149
-686
-303
-70
749
-372
-213
-383
669
-52
137
59
47
103
58
5
124
11
-134
23
107
-18
-11
24
-31
24
-19
-30
16
12
54
1
7
20
8
8
22
7
7
1
12
18
-6
19
13
22
2
-11
10
2
-1
-20
10
-92
-775
-82
8
36
-14
-18
2
-19
-6
148
127
-21
-78
129
-18
57
72
39
148
98
21
-27
45
-123
287
-118
24
106
-5
14
194
63
-14
-64
111
-280
-66
-276
94
-7
112
95
-2256
183
103
54
296
330
231
297
376
-14
-6
141
-138
106
-5
-65
-117
-104
-28
-193
-126
46
-230
277
-304
280
-223
-58
330
370
-456
416
285
205
1112
294
-729
444
1154
27
-712
-845
-19
-834
-696
31
188
35
637
120
137
313
162
10
-18
-4
329
76
172
59
-98
22
258
-99
47
200
22
231
-13
60
175
-150
-454
-142
163
-5
-199
-453
-718
-431
-181
98
233
-201
-273
-148
256
46
60
-65
-468
-57
58
28
10
1
78
-19
43
-5
-11
18
-19
9
-19
-27
8
-9
32
-21
8
47
6
1
28
0
4
18
10
-1
89
4
-15
18
15
194
903
177
27
39
17
-77
48
-86
6
3
-154
-129
-172
-214
-324
112
-261
-154
-289
-23
-220
-292
472
769
-200
899
448
807
1519
892
-561
905
1628
-318
-432
-244
-330
-313
-481
32
-553
-64
5
7
-461
-93
3
15
-149
23
19
151
32
194
-6
216
-4
-181
-62
-100
-99
-59
-87
15
-43
43
-261
7
-134
-11
101
89
-595
98
115
142
394
403
1051
396
401
0
-575
223
446
278
-568
70
-58
395
381
404
-4
66
32
59
-74
87
89
40
-170
86
-46
50
-93
-67
-283
-114
33
-121
-362
1
-252
160
428
177
-267
16
22
137
-64
131
-2
-190
-397
299
-997
222
-421
-144
385
437
535
411
334
79
-81
-6
38
42
-36
-95
-69
45
219
1
-60
48
-33
242
42
274
-39
17
72
-22
65
-21
65
140
95
198
-1799
232
175
62
-21
-152
-49
-119
12
-43
-49
-173
-131
-141
-84
-88
31
-64
-181
-54
-71
-133
-157
52
-138
56
-205
136
-52
-48
6
-24
31
12
-257
-148
-218
-131
-281
-66
-207
702
1242
722
-276
-22
-219
-14
128
-25
-128
-21
-72
3
167
42
-107
11
25
-12
21
-19
14
2
-14
4
-5
12
-1
-10
22
-7
6
-9
31
-53
1
-5
-31
-1
-10
30
20
3
-21
-5
22
-14
23
-119
-710
-100
21
39
10
14
9
20
14
-31
-42
-43
-219
-86
-39
20
82
106
-279
133
139
48
355
-352
-278
-307
280
128
998
780
-445
802
1098
-22
164
429
-406
398
174
-96
-303
-208
-147
-198
-343
-127
-32
13
-89
24
-26
5
27
16
-24
-3
57
-2
-38
25
1
6
-37
5
20
30
-21
38
8
22
-39
-29
-22
-19
-33
-6
-19
-45
0
-43
-24
-7
65
191
882
191
48
-34
23
15
-47
14
44
-19
-61
0
-258
-35
-42
65
-32
-61
-491
-91
67
104
91
331
-603
362
109
26
199
-169
223
-218
245
25
50
748
91
731
57
46
542
-793
-288
-769
608
-52
-31
-179
196
-89
-23
-294
-130
-183
-220
-161
-308
-348
-272
-248
30
-269
-377
-259
-343
-359
-275
-340
-476
-180
-187
-522
-896
-607
-212
-207
-130
-108
468
-134
-167
-201
-196
20
284
15
-186
-197
181
-7
58
41
106
-2
27
83
13
85
61
-18
-10
55
50
26
-50
-32
23
2
-66
-31
5
-30
104
-267
-884
-297
116
-13
51
56
-105
51
49
51
66
51
4
62
84
-9
62
-79
85
-99
1
7
19
-3
-36
13
29
-19
1
10
18
12
5
34
-33
-23
-116
-23
-30
-19
32
-192
-505
-181
35
48
18
-33
-130
-38
36
-23
2
-11
-12
-14
4
51
-16
-9
-2
-5
-10
150
98
165
78
58
50
-150
-72
-90
17
-164
-192
20
-52
-201
147
-131
-60
-68
180
0
297
-75
117
-127
-28
-242
-796
-215
12
196
836
998
606
1069
838
-16
221
127
-141
-82
275
-60
153
94
116
109
95
34
-64
-36
-179
18
-140
129
50
-105
53
-54
79
155
171
64
-1344
82
225
88
176
-153
666
-110
181
153
270
-154
-786
-183
325
55
-222
-119
21
-93
-238
-2
6
77
-110
77
33
-48
-54
-72
56
-58
-62
36
-34
48
5
86
-42
75
17
-98
-10
-83
17
-25
-98
-23
73
-8
-115
39
-41
-99
-138
-96
-26
3
-76
-303
-884
-302
-53
117
-82
-105
-227
-88
-79
145
126
69
-41
67
151
136
-20
30
-159
25
-4
26
96
312
228
354
114
155
337
-790
-186
-778
413
111
17
97
-241
149
28
104
81
-51
182
-53
107
-37
77
-78
-136
-106
145
28
166
-770
-677
-674
289
23
-128
-621
-906
-629
-123
-1
185
-205
61
-197
164
-242
-195
-129
-138
-199
-227
19
-24
6
397
28
-40
-124
-76
226
89
129
-41
-17
-20
8
-15
4
-30
-12
55
-25
-13
-15
42
-20
-48
26
90
20
-44
-7
-105
314
643
316
-112
33
1
65
14
75
4
-4
12
11
4
1
23
18
-5
2
-31
-10
-1
56
112
45
-16
58
156
-14
84
-43
-47
-44
123
59
14
51
-20
47
6
-27
28
-234
-244
-214
55
-7
-26
-207
-959
-215
-20
-41
85
-11
64
-3
100
-39
26
-13
-104
-2
3
-149
-42
-163
-359
-124
-17
204
270
192
95
147
188
-73
-544
45
635
6
-337
-7
-803
882
494
812
-864
-256
-132
-240
-124
-150
-253
-76
158
-10
-81
-26
240
-71
-118
-184
-178
-176
30
261
313
94
-36
160
365
150
281
402
505
395
385
219
154
235
295
282
180
182
249
-138
193
-139
315
249
65
-354
-3
-308
108
123
-63
-80
-320
-97
-70
85
81
-17
-2
-13
101
-54
-157
-10
7
-35
-98
68
-19
102
-202
56
16
96
-34
183
239
204
34
-46
-256
-110
946
-116
-305
-39
-89
114
120
112
-50
48
336
81
244
114
371
37
744
572
-920
671
711
-6
-28
-30
10
0
-63
6
-19
-9
-69
-16
-18
-45
-38
-43
-63
-49
-52
-14
-74
81
452
57
-51
64
-220
122
1053
144
-217
12
-79
-110
-18
-122
-74
-21
-31
12
-31
14
-39
98
209
-20
67
-2
303
148
0
-79
-198
-86
146
41
357
-763
-876
-805
326
-7
40
-150
-425
-145
33
30
-113
195
232
251
-62
-58
-116
222
-4
138
-158
7
57
-111
221
-124
98
-71
-51
-98
80
-40
3
-50
76
44
39
144
43
15
-127
-98
219
-155
-177
42
205
69
-405
13
280
-66
164
446
2758
496
104
-143
54
-293
51
-216
23
-217
-118
-146
-878
-259
-73
-4
49
-63
40
-46
147
107
80
-138
-11
-117
148
152
-120
160
230
172
-85
-37
709
-887
-38
-879
687
91
-104
-16
465
-9
-126
-87
32
63
-100
82
18
-152
-48
-97
-183
-125
-81
170
156
71
255
94
44
7
-273
-30
46
-22
-290
-196
188
20
140
40
172
-17
-117
-154
121
-148
-139
129
25
921
-1146
918
157
-305
-460
608
887
675
-542
-24
129
40
-102
43
49
-26
-26
12
-32
-3
-5
25
27
-9
-8
-2
20
-1
-10
24
5
22
4
-29
-28
165
543
142
-48
-7
-3
4
87
-4
-6
5
6
-27
0
-16
-4
7
29
-17
21
-22
53
-128
33
100
230
42
75
244
-16
142
172
144
-59
-137
142
62
-271
57
152
-106
21
184
-393
208
-22
-101
-79
198
205
162
-97
-270
-982
-527
-89
-580
-1054
53
-80
-23
343
-57
-1
59
0
5
-61
1
51
108
47
-57
-60
-78
108
50
151
-136
-61
-131
194
40
-210
62
-27
60
-244
-116
-76
355
-1
302
-96
15
-582
-3
-272
22
-642
-235
-240
-403
-251
-455
-288
7
158
-11
-47
193
11
13
240
227
-15
256
301
378
326
256
606
378
387
-807
-1301
-883
376
-960
-1384
-158
-287
-629
36
-649
-342
210
-34
226
693
229
-67
-75
-102
-246
-501
-222
34
23
68
55
-51
108
100
65
65
-38
304
-60
92
23
-8
-198
-298
-206
26
-92
-142
-511
-806
-518
-84
-23
65
131
-63
144
27
-91
8
-19
77
-59
-37
-57
-138
168
199
140
-132
84
32
-162
111
-179
70
35
98
-52
-245
-85
164
86
3
-12
-122
-63
79
9
78
104
425
144
30
-165
-387
-207
-801
-218
-460
-107
-747
-376
506
-400
-771
55
-412
-140
360
-85
-481
-35
300
-60
-127
19
381
-310
210
588
-27
396
41
-92
33
-664
-681
-812
115
-242
-1036
-607
544
-749
-1012
-185
307
141
-1114
114
264
357
147
609
381
509
352
286
-19
-178
-639
-148
145
22
-15
-111
54
-48
-73
-53
-74
153
323
127
-72
21
11
-189
151
-203
16
34
29
5
287
5
3
-221
-95
38
-237
-16
-87
-103
22
322
-1729
239
21
-79
-55
-966
251
-895
-54
-93
126
41
-18
60
117
72
108
108
83
108
165
-60
-71
7
30
-35
-87
-202
-6
40
-7
17
-34
30
80
-2
212
44
0
-103
-329
315
1988
233
-256
-199
32
39
-281
39
-55
52
81
53
-66
89
21
171
225
118
-127
140
277
121
243
99
-301
185
263
-44
-110
-45
-251
-24
-86
70
384
172
639
153
395
81
343
-344
-12
-343
463
-89
220
650
443
615
292
-17
-15
-36
-8
-20
-12
-22
29
4
52
-14
47
34
41
40
52
24
38
-41
319
310
96
303
317
23
-76
32
-48
30
-71
20
-56
18
-31
8
-48
-16
-14
-55
-1
-50
-5
-61
-88
-71
61
-127
-37
-23
-88
108
224
98
-72
93
257
-24
-884
-4
296
-30
5
-448
-742
-473
35
1
-86
-65
214
-75
-39
-39
40
33
-8
42
39
-33
146
1
-81
31
98
165
238
378
485
343
308
121
215
327
354
390
184
182
365
344
125
461
451
161
242
65
184
134
209
253
208
114
100
119
224
67
143
51
-11
90
216
125
226
-120
57
-134
212
131
9
72
193
58
31
-142
-32
98
36
91
-63
126
76
-71
67
-68
141
77
47
7
100
-8
24
42
97
56
-37
53
53
-87
-28
-154
-785
-171
-21
71
41
-362
-479
-354
74
138
53
-28
244
-91
274
199
441
653
459
729
510
376
738
-247
-349
-245
914
-131
-172
-86
-346
-128
-232
-61
-61
41
660
-2
-112
-46
-367
250
619
182
-368
-70
182
82
118
84
176
-33
-88
293
384
318
71
-112
185
738
701
798
225
-64
387
680
457
640
459
-127
45
-177
-345
-185
54
3
-38
42
-205
68
-82
-26
-26
-205
568
-199
55
-92
244
-49
-157
-10
148
45
95
-201
-151
-198
185
-39
116
-133
-258
-112
82
43
121
754
905
723
80
64
87
315
205
308
108
-126
-432
-637
265
-695
-499
-51
465
-862
366
-828
485
164
123
445
423
487
202
186
385
127
-825
166
465
229
698
764
-604
773
717
-179
-194
-345
-83
-370
-168
61
10
-309
-10
-339
51
22
-5
-56
-56
-70
-21
-15
-11
20
16
22
-54
-26
24
-54
96
-72
-19
-93
-68
-73
38
-48
-110
72
214
115
-193
173
215
18
-129
161
-18
153
-94
125
-1324
-329
98
-354
-1279
-131
731
441
-718
424
761
-9
96
-125
-216
-116
79
-149
-80
-30
19
-8
-140
-51
-66
-92
-170
-76
-111
-129
-227
-228
-454
-244
-285
-121
-245
74
148
45
-296
23
-7
281
141
292
2
-25
-55
172
90
191
-28
12
8
-102
219
-128
38
-28
16
-5
74
12
34
-98
-30
93
-90
61
43
-102
48
122
-50
156
10
64
25
-2
329
20
94
112
182
-374
-93
-355
204
21
328
214
-1391
291
303
263
153
-13
-561
-18
261
277
29
-89
-347
-105
76
58
76
19
17
31
80
45
-39
41
-67
20
-17
-19
77
74
-24
71
55
56
59
58
425
67
92
-7
-23
242
946
211
-14
-5
-54
79
365
91
-56
-8
-34
28
42
16
-51
-136
272
-109
166
-88
390
-258
102
471
986
415
-47
137
211
161
-247
155
285
102
326
511
880
554
477
-235
1552
2493
1021
2530
1470
168
243
26
33
-73
118
113
190
344
351
423
-43
4
-171
45
-66
65
-184
22
58
3
-224
-37
108
-15
-280
-670
-349
-673
-284
-7
181
-135
-706
-120
151
-45
-23
284
-99
257
-46
-63
48
9
133
29
93
-26
-159
-279
-289
-265
-182
-26
147
-7
-153
85
77
7
56
11
-160
11
55
103
-85
26
-148
-26
-81
-42
-37
190
359
190
33
85
53
256
612
266
77
11
214
347
621
374
162
146
167
-201
-1986
-82
228
-70
18
-214
-400
-237
15
-105
9
106
-363
91
23
72
-224
-17
62
1
-283
-85
-380
-134
1375
-118
-450
-74
-102
195
-452
173
-100
234
-84
-228
-5
-153
-136
-142
-131
-15
305
-23
-85
-101
132
113
38
112
116
18
162
232
35
167
152
86
1005
83
-391
95
1067
267
345
-67
328
-42
425
-134
-191
614
96
690
-239
48
355
428
61
364
356
192
-111
-64
-833
-86
0
308
195
72
105
65
358
56
164
-95
-189
-44
211
378
399
85
-245
79
645
428
512
106
56
142
730
-19
649
189
-212
217
633
47
-13
-102
160
-87
9
32
19
209
50
183
26
-55
-94
350
-143
301
-73
21
156
524
826
525
135
94
297
-176
-373
-153
284
-157
107
-165
-206
-177
130
59
-207
47
-402
82
-200
-87
10
-356
-106
-332
-19
69
48
64
-46
70
101
-96
-88
-81
-76
-2
-149
5
-24
-286
273
-198
7
-94
-769
18
1373
-110
-807
-232
173
-50
258
-61
121
-270
-268
-667
-175
-739
-381
17
183
4
145
15
181
274
-122
-181
109
-252
-72
62
161
-162
-342
-143
258
67
277
-230
-873
-240
273
192
-149
205
362
276
-193
-12
26
91
255
90
162
-313
-143
-720
358
-763
-285
241
-279
-538
-1113
-508
-248
-99
-390
557
86
567
-467
-14
27
-391
-9
-401
136
53
139
39
91
51
134
122
-97
311
-258
278
-31
395
471
-103
514
-81
622
56
43
630
-743
660
56
52
261
262
565
304
250
-34
-191
-233
987
-250
-175
-194
-132
8
236
13
-203
-173
-59
-262
128
-228
-162
39
-184
-80
-155
3
-300
-275
323
-38
-577
-38
331
329
1163
-307
-463
-173
1217
256
952
-332
-120
-279
1093
-65
138
-458
98
-416
31
64
-4
-49
-14
-46
100
104
83
4
42
44
69
47
144
-30
-230
16
117
66
-68
268
262
244
-130
-68
46
487
1071
457
4
68
-42
-44
-155
-93
-32
131
-14
289
-104
360
18
-66
184
173
-6
148
169
-37
-245
-285
-497
-223
-258
-31
-175
-397
-474
-378
-170
25
166
279
513
288
137
-134
-10
40
-10
47
-37
-56
83
221
-13
214
100
-112
-48
94
-392
58
-52
16
-6
5
-25
10
2
-19
59
5
-25
3
61
38
23
42
79
54
30
37
64
206
313
210
70
2
20
93
26
88
43
-18
-16
-13
11
-19
-9
13
-31
-28
-31
-27
-34
69
294
191
-248
192
149
103
-273
-208
-282
-263
-169
215
-247
-74
-82
-96
-286
-104
-62
95
-353
21
-88
-112
-201
-485
702
-477
-244
213
173
808
3184
1036
159
-262
-473
-155
-34
-91
-418
-97
-79
122
222
92
-70
-50
-206
-123
-195
-162
-193
-42
-120
-561
-604
-572
-103
50
-84
-133
-594
-118
-32
37
-158
-81
-25
-111
-143
78
-24
131
-347
160
-40
-6
-9
117
-93
90
26
-50
-24
84
-141
73
-23
-78
-126
52
-180
23
-98
-12
-82
-63
-205
-42
-75
-128
-36
-356
49
-372
-24
-40
-290
416
1363
456
-327
52
142
-53
-386
-43
136
-156
121
84
230
129
71
-234
-327
-10
-248
27
-248
501
622
1024
997
1083
571
-374
-661
422
-475
346
-656
-204
-397
78
-353
53
-418
-206
57
-98
-138
-79
121
107
-93
-400
-804
-339
-49
-94
-56
-410
-175
-537
-97
180
69
45
-176
62
47
404
338
90
313
57
333
-608
-1105
339
-194
303
-1205
225
1252
-320
175
-310
1213
-40
64
60
128
48
51
151
31
118
103
58
103
49
-68
-150
227
-184
-91
-75
9
48
-48
68
13
66
-7
62
76
73
-16
-8
-45
51
168
77
-9
-65
-148
-114
-236
-109
-182
-114
-143
-52
-328
-49
-172
138
165
153
105
170
201
17
-18
569
1130
515
15
27
21
-59
39
-53
-78
-126
-166
-121
2
-123
-209
-238
-26
-244
359
-267
-56
174
60
-76
-1317
-47
93
-16
298
511
-1273
521
323
-178
488
23
-451
33
476
-153
57
-95
-326
-48
48
-60
24
57
-241
57
4
14
-12
-98
224
-52
6
-68
-155
55
377
44
-191
-15
537
-604
-790
-546
506
181
2
-81
-844
-40
6
71
59
145
366
165
42
2
-72
-32
58
0
-53
28
159
-20
188
72
245
59
-131
-108
76
-72
-111
-95
-243
-167
54
-208
-351
-101
7
-437
626
-354
-36
72
-13
351
745
291
58
63
205
243
-966
248
227
-258
-129
454
-1822
614
-231
-137
-213
-539
-366
-514
-238
-327
-1097
-767
120
-765
-1184
253
697
839
128
914
674
113
165
-113
142
-77
166
-53
-25
168
-113
150
1
-71
209
139
-129
88
215
-225
-104
17
12
5
-2
-53
-11
42
90
75
97
55
22
-104
73
-106
27
39
-18
84
-59
97
-47
95
104
86
-142
198
152
-192
-86
-102
29
-122
-108
235
-430
-94
-386
-113
-432
-558
-1216
-117
-198
-160
-1263
24
-149
132
65
118
-139
-8
188
-82
-47
-86
197
55
242
-69
-23
-79
253
89
5
-494
-834
-510
55
-30
313
-171
-589
-195
278
19
218
-248
-747
-238
255
-58
-72
70
192
53
-101
-110
-130
-2
331
-6
-82
-48
73
-69
-220
40
117
24
294
-593
-1208
-589
303
137
-33
-102
-1185
-114
39
36
321
132
679
137
286
-271
94
-126
277
-100
-9
-272
-308
184
18
273
-326
14
14
5
-14
23
11
-16
-21
-11
-10
-38
-38
-53
27
47
126
33
-3
-17
-1
203
554
190
-4
-25
20
-29
152
-16
8
15
-11
7
8
-5
-1
-3
-27
-10
-13
-40
-1
-14
-96
-51
111
-65
-52
83
0
-91
129
-143
40
151
-208
162
851
174
-183
-80
48
770
850
716
30
75
217
-299
-523
-276
306
221
-21
-92
-68
-118
-40
-72
-111
52
17
93
-203
260
214
-320
-552
-342
323
536
799
-769
-386
-747
927
175
415
-215
-488
-282
390
66
60
-92
-359
-79
126
118
22
-99
44
-123
29
-118
7
-27
39
-68
-1
-50
22
45
109
29
38
0
-9
-56
47
-98
-31
-1
59
55
-45
-2
75
39
8
-32
97
-30
63
39
35
-269
63
-251
-8
113
154
103
138
101
165
133
-872
-808
431
-830
-819
27
-515
-442
240
-421
-506
15
28
-25
-7
-13
1
-5
-3
26
-64
26
0
-23
-27
-6
-29
-18
-43
-14
-13
-30
189
-31
-4
-8
-21
204
594
192
-21
54
-20
26
-71
25
4
-9
14
18
-100
29
8
-255
-201
59
-94
-2
-258
-138
-81
-83
-41
-85
-182
-53
-79
13
-195
0
-85
-33
99
-110
44
-85
78
-5
-215
-339
-56
-394
-197
-98
-125
-187
-475
-183
-147
-18
-171
-6
27
16
-174
