-33738
37721
10901
3386
-16076
3582
-6417
19341
25084
-53382
-9154
34462
3899
18069
16370
12301
11759
-42733
-5811
2799
19732
20565
-18143
3434
25749
5686
32617
-19464
50861
50098
4596
-2507
30212
23463
50959
12032
25742
4634
-779
-9499
-16020
18911
26466
-3242
-24705
-37215
13226
22376
-2101
-18581
5495
-927
27070
21866
32851
-62485
-7455
14846
-9154
-21667
-11461
1983
-12031
-6764
28487
24966
21970
-13582
17464
8156
-14071
-31112
-46443
-26828
-34161
-23087
25122
-37374
-23180
43350
-7128
-21785
-855
-54435
-21440
-37761
-18888
27008
-18471
37203
53778
9108
6123
-37874
-8691
25698
2162
-4069
50377
-12832
-9038
34912
-37082
-4044
-24192
-29808
1453
42923
-20098
-48082
-13066
29871
21750
16688
-44114
25535
-34148
-14566
-6270
-17254
-24882
26875
6844
4764
-37924
17396
-36069
26339
