-0.318581
-0.030045
-0.565391
-0.042630
-0.293123
-0.324505
-0.298804
0.359292
0.634878
0.202166
0.409903
0.423326
0.521548
-0.313513
0.071300
0.560084
1.028780
-0.067602
-0.243646
-0.517479
-0.012078
0.153976
-0.210870
-0.149255
-1.013699
0.437880
1.508945
0.342637
-1.116413
0.201725
0.003940
0.194182
-0.392724
-1.040493
-0.487255
1.067306
-0.252979
-0.434045
0.472905
-0.141892
0.057400
0.065259
-0.091025
-0.549848
-0.015569
-0.022052
-0.150833
-0.522238
1.332891
0.144799
-0.295200
-0.810925
0.250655
0.308455
-0.028630
0.428856
-0.068925
-0.032185
-0.154798
0.412812
1.186076
1.391168
0.150375
-0.236621
0.646820
-0.245180
-0.102590
0.176604
-0.235886
0.719689
0.038217
-0.117175
-0.207263
-0.209356
-0.021824
-0.095269
1.073103
-0.486599
-0.061917
-0.121456
0.060060
0.076748
0.152839
-0.785659
0.529359
0.706156
-0.678171
0.299092
-0.169715
0.351578
0.274539
-0.004472
0.139919
0.413649
0.305370
-0.140776
0.049614
-0.560238
0.095721
-0.848288
-0.158914
-0.377999
-0.293563
0.425690
0.359620
0.009104
-0.356593
0.079408
0.974568
-0.289722
0.149780
0.157808
0.181944
0.155682
-0.043016
0.333721
1.539669
0.023108
-0.165015
0.601082
0.138031
0.341775
0.009327
-0.101727
-0.896539
-0.792365
0.683388
-0.082695
1.241074
0.445547
0.275505
-0.502896
-1.445686
0.786169
0.191361
-0.272304
-0.997506
0.271684
0.198991
-0.044582
-0.194428
0.503171
-0.264641
-0.292224
-0.112609
-0.435915
-0.534238
0.075453
0.042600
-0.346357
-0.050368
-0.012470
-0.182158
-0.337577
0.129161
-0.196269
0.026719
-0.130303
-0.315193
0.185073
0.042898
-0.293482
0.025447
-0.224666
-0.174473
0.287068
-0.129448
0.010211
-0.047721
-0.449359
0.114963
-0.061331
-0.404749
0.257938
-0.530864
-0.250951
0.515698
1.393878
0.486832
-0.177124
0.031818
0.138054
0.152919
0.911136
-0.383705
0.645732
0.142274
0.099426
-0.010032
-0.262783
0.088603
-0.083152
-0.072420
-0.637269
0.345839
0.283472
-0.458219
-0.637844
-0.095236
-0.346661
-0.088256
1.162193
-0.121342
-0.348166
-0.243544
0.229452
-0.102395
-0.099083
0.142618
0.021490
-0.458991
-0.061942
-0.374699
-0.307534
-0.323099
0.252548
-0.311098
0.110302
0.134650
-0.665824
-0.464763
0.717094
-0.689729
0.257165
-0.261268
-1.062343
-0.830017
-0.088901
0.287570
-0.692122
-0.041141
-0.018649
1.268848
-0.331258
-0.193377
-0.415942
-0.197995
-0.267379
-0.263237
0.365355
-1.207077
0.323290
-1.054370
0.146091
-0.398042
0.643105
-0.320318
1.475297
0.091709
-0.074424
0.078383
-0.023067
-0.509180
-0.241250
-1.056820
0.727598
