-0.254764
0.317835
0.377811
0.473863
-0.160516
-0.407685
-0.888283
-0.257318
0.113115
0.594593
-0.136201
-0.654776
0.314510
-0.508675
0.240185
-0.617062
0.041418
0.180453
0.074688
-0.135462
-0.239502
0.373461
0.801713
-0.407445
0.546429
-0.709875
0.018881
-0.369428
0.496360
0.472227
-0.322013
0.060928
-0.002194
0.476831
-0.447866
-0.198344
-0.438010
-0.048984
-0.420403
0.288001
-0.742354
-0.693674
-0.529700
-0.032515
0.713078
-0.028076
-0.325105
0.088164
0.685936
-0.253500
-0.772092
0.272918
0.130073
0.424102
0.204663
0.286344
-0.311078
0.027826
0.319242
-0.074937
0.243868
-0.471635
-0.154003
-0.264539
0.180582
-0.096121
0.314237
-0.233093
-0.235813
0.465349
0.488521
-0.115167
0.231253
0.209051
-0.182776
1.066861
-0.050321
-0.638887
0.112517
0.769585
0.044430
-0.627818
0.523554
0.055955
-0.226447
-0.233907
-0.270589
0.427379
0.036563
0.338965
-0.122627
-0.936678
-0.302975
0.043497
0.299987
0.496633
-0.452675
-0.004345
-0.477005
0.404994
0.807466
-0.142851
0.646669
0.277056
-0.573278
0.438978
0.593811
0.074179
-0.071195
-0.426365
-0.382877
0.350320
-0.456353
-0.215669
-0.476514
-0.030206
-0.009921
-0.031350
-0.117047
0.508962
-0.303359
-0.354104
-0.645257
0.407077
0.410303
0.498035
-0.186739
0.305681
