-0.958424
-0.016212
-0.812668
-0.308172
-0.319363
-0.743104
-0.027001
-0.579681
1.347587
-0.440569
-0.218850
-0.428939
-0.220106
0.166657
-1.254196
-0.762414
1.001460
0.045176
-0.684203
0.064044
-0.322951
0.807024
1.311950
-0.543051
0.040362
0.018120
-0.528577
0.217960
-0.999123
-0.037338
0.546106
-0.604653
-0.587230
-0.399048
0.801444
-0.079525
0.999371
-0.567801
-0.466692
-0.138395
0.558558
-0.863720
0.048790
-0.543248
-1.010387
1.367681
-0.733469
-0.614164
-0.938202
-0.736332
-0.076915
-0.021991
-0.207150
-0.046980
-0.462547
-0.740229
0.101922
-0.629006
-0.929303
-0.013851
-0.269615
-0.869228
0.265046
-0.404190
-0.086847
-0.610861
-1.032598
-0.520761
-0.046484
-1.116790
0.074648
0.045109
-0.142758
-0.303183
-0.902980
-0.425068
0.296936
-0.035774
0.439037
-0.922337
0.053679
-0.050930
1.586959
1.166830
-0.380996
0.393135
-0.706972
-0.374129
0.153542
0.525150
0.971302
0.620643
1.466698
-0.039450
-0.377980
-0.354857
-0.005553
1.182566
-1.550759
0.986163
-0.269989
-0.317439
-0.425915
-0.658022
-0.094847
0.178484
0.669048
-0.428491
-0.557930
-0.050004
0.693788
-1.057493
-0.558394
-0.269305
-0.614088
-0.392418
-0.089399
0.032788
-0.463479
-0.882203
0.004894
1.624004
1.062807
-1.037287
-0.858990
-0.901259
-0.385643
-0.725103
-0.254999
0.864681
-0.075179
-0.199141
1.534353
-0.388983
0.744588
0.684242
0.743160
0.450730
-0.642045
-0.995088
-0.532892
-0.865101
-0.313846
-0.942188
-0.652120
-0.346709
0.661756
-0.689054
-0.605551
0.057711
0.012260
0.734830
-0.509123
-0.375532
0.038452
1.106969
-0.312662
0.696927
-0.987995
1.798652
-0.588890
-0.310716
-0.481688
-0.308698
0.080308
-0.869865
-1.600497
-0.872230
-0.436566
-0.034396
-0.249498
0.944595
-0.908579
-1.010605
-0.676143
-0.505642
1.017709
-0.045608
0.722335
0.157336
0.906504
-0.104136
-0.276006
0.007806
1.255289
-0.001503
-0.192147
-0.012389
-0.010622
-0.768763
-0.693825
0.248344
0.404491
-0.007125
0.285666
0.258662
0.690751
0.748995
-0.880341
-1.199923
2.012219
0.543786
0.078389
-0.696499
0.454548
0.597339
-0.772210
0.091427
0.997269
-0.691176
-1.027616
-0.326273
1.669401
0.242006
0.162854
0.080901
0.008230
-0.445292
-1.546278
1.076667
-0.290486
1.891678
1.496997
-0.738165
0.130496
1.999582
-0.853092
-0.683075
-0.471134
-0.167593
0.157059
0.566333
1.095740
-0.545921
-0.156832
0.256979
-0.810786
-0.498005
0.058555
0.612582
0.760770
0.694885
0.036568
0.198212
0.115383
-0.957821
-0.984497
-0.009352
0.092672
1.142244
1.212010
0.423111
-0.240210
0.657714
-0.847827
-0.531510
-0.541964
0.292278
-0.644936
-1.045666
-0.298667
-0.569305
0.188888
1.657015
-0.256536
-0.555430
0.045197
-0.991134
-0.444209
0.650399
-0.283471
-0.473487
1.402074
-0.134593
-0.009081
0.987310
1.127705
-0.709675
0.175192
-0.023958
0.499474
0.103663
-0.596415
0.529088
0.376007
1.601529
1.449751
-0.378391
-0.671697
-0.351584
0.312446
0.005528
-0.131132
-0.099042
0.042339
-0.608001
-0.531655
-0.445303
-0.151145
-0.792715
-0.564272
0.177069
0.659334
0.297367
-0.829904
-0.262302
-0.663062
-0.031874
1.166171
1.066331
0.656583
-1.118223
0.159745
0.249193
-1.063826
-0.579028
-1.108459
-0.695205
1.783287
-1.261768
-0.768425
0.096625
0.335066
0.563728
-0.453713
0.397323
1.394219
0.433545
1.928595
-1.138678
-0.912110
-0.522129
1.157297
-0.078297
-0.074148
-0.222876
-0.485240
-0.882707
1.005260
0.067452
-0.200611
0.095228
-0.713035
-1.329535
-0.302446
-0.540322
0.982460
-0.221948
-0.382881
0.163220
-0.235390
-0.547680
1.157776
-0.188067
-0.361381
0.305374
-0.049127
-1.205103
1.472335
-0.470961
-0.300631
-0.838084
-0.915650
-1.843004
-0.489797
0.054149
-1.319784
-0.530190
-0.819801
-0.044114
-0.122063
-0.951961
-0.857180
-0.067286
-0.088618
1.290398
0.112126
0.920290
1.146117
1.352442
0.466921
-0.326383
-0.729882
0.011408
1.040629
-0.519577
-0.726594
1.562163
-0.696761
-0.471068
0.136528
0.101180
-0.554780
-1.026241
-0.270520
-1.384472
1.836039
-0.078073
-1.116253
-0.014026
1.978643
1.091974
-0.536860
-0.362623
0.836851
-0.675062
0.195277
0.072189
0.638619
0.364611
-0.573499
-0.607051
-0.256705
1.196794
-0.454545
-0.740389
-0.267651
0.923458
0.904769
-0.021802
-0.828983
1.577151
0.894588
-0.685207
0.250564
-1.010291
0.731977
-0.195430
-1.063611
0.015223
-0.409048
1.608244
-0.341591
0.724407
-1.135212
0.113003
1.451173
-0.038011
-0.464009
1.405455
1.282493
-0.390273
-0.626969
-0.072587
-0.104319
1.046091
0.392343
1.419966
0.976831
0.062662
0.093504
-0.752230
0.005705
0.085360
-0.646991
0.115308
-0.335343
0.262887
-0.032660
0.131791
0.248813
0.073765
-0.116822
-0.129069
-0.264709
-0.630882
1.462544
-0.623069
-0.713395
1.087040
-0.036693
-0.342226
0.235469
0.243258
-0.921118
-0.988682
-0.573275
-0.427543
0.043692
0.140359
-0.376343
-0.305281
0.514868
0.385829
1.216387
-0.044145
-1.038034
-0.760486
-1.044874
0.376126
-0.587591
-0.237281
-1.126635
-0.626884
0.356046
0.465154
-0.234752
-0.489065
-0.252538
-0.608969
-0.527405
0.978272
0.525513
-0.530680
0.584508
-0.235277
-0.478116
-0.629290
-0.241099
0.369029
0.018853
-0.052732
