0.233899
0.387968
0.045159
-0.159784
0.280022
0.355770
0.367110
-0.676169
-0.065142
0.040551
-0.017171
-0.726406
0.871513
0.703081
0.189964
-0.174462
0.013459
-0.763214
0.646682
0.228243
-0.277534
0.028065
0.453969
1.318822
0.244850
-0.001333
0.966421
-0.481753
0.118290
0.409854
0.259395
0.545576
-1.150095
0.551439
0.003488
-0.549807
0.132688
-0.308804
0.027914
-0.673845
-0.604488
0.332755
-0.412047
0.701933
-0.786326
0.087563
0.508624
0.287104
1.453719
-0.457719
0.009992
-0.667310
0.195443
0.571876
-0.445183
-0.003296
0.479388
-0.469352
-0.114289
-0.349876
0.554184
-0.536618
-0.211726
0.362417
0.697457
0.391154
0.462213
-0.105725
-0.003059
0.357000
0.068118
0.293383
0.645960
0.323614
0.558425
-0.413995
1.191381
-0.392505
-0.259750
0.178683
1.358488
0.317517
0.616095
0.470718
0.465372
-0.332285
-0.023878
0.472572
0.500069
-0.276681
-0.415442
-0.045762
0.365349
0.800480
-0.425659
-0.665307
0.258501
0.248975
-0.632478
-0.303656
-0.555082
-0.373564
0.373043
0.269444
0.708957
-0.080170
0.614737
0.316512
0.594714
0.194708
0.191107
-0.557615
2.016149
-0.100867
0.351281
1.172233
0.513874
0.654249
-0.166816
0.587896
0.563870
0.466733
-0.285920
-0.048461
-0.462488
0.020687
0.710297
-0.379036
