-0.556450
0.485341
-0.513377
-1.201520
0.810834
-1.085438
1.350336
-2.668616
1.370756
0.104248
-0.485957
0.187286
-0.449495
0.273965
-0.423928
-0.428992
2.749480
-0.316458
-1.246763
-0.012860
1.099149
-1.031419
0.032859
0.976438
1.431907
-0.378402
-0.748824
0.294313
2.278180
0.278026
0.497158
0.908654
0.413786
1.107012
-0.464649
1.093935
-0.025086
0.386208
0.032532
0.421673
1.746274
0.361069
-0.339872
-0.376561
-0.217655
1.118108
0.516465
1.158739
-0.991374
0.082796
-0.944156
0.275179
-0.611253
0.229735
-0.751165
-1.021949
-0.790708
-0.147056
0.850116
-0.239326
0.366656
-1.062187
0.357707
1.573772
-1.151245
1.640593
-0.537276
-0.659062
-0.546466
-0.062368
0.301114
-0.045207
-0.609296
-0.248396
-0.614988
-0.667006
0.829059
-0.647605
0.095574
-1.226031
0.117009
0.007832
0.701990
-0.000793
0.820011
-0.226409
0.810639
0.760876
0.208079
0.725165
0.809494
0.382955
0.892463
0.315222
-0.298042
0.287404
-0.643865
-0.818383
-0.667998
0.773615
0.565376
0.774864
0.106851
-0.478131
0.038914
-0.679841
-0.785611
-0.704818
-0.233305
-1.142838
-0.272177
1.865795
-1.719454
1.954362
-0.688311
0.712056
-0.707260
-1.246268
-0.700438
-1.227668
0.488789
0.182790
0.574480
0.255913
1.330307
0.212954
0.334321
0.794506
0.282634
-0.255251
0.210726
-0.234398
-0.840802
-1.148818
-0.941511
0.267928
-0.016076
-0.315290
0.775983
-0.000194
-0.779469
0.574338
-0.031331
-0.604983
1.053585
-1.016000
1.086041
-0.299678
-1.053517
-0.425822
-1.169247
0.585466
-1.301159
-0.326363
0.008725
0.322293
-1.106497
0.033427
1.102144
-0.355145
0.014063
0.338856
0.551889
0.921364
0.619085
-0.243840
-0.021093
-0.336858
0.495210
0.633659
0.526413
-0.227576
-1.036472
-0.167643
0.340998
2.104448
0.273531
0.234307
1.677083
0.235465
-0.197372
0.144914
-0.209202
0.124497
1.829289
0.124509
0.041521
0.372774
0.058546
0.237168
-0.987383
0.216476
-0.229208
0.244456
-0.242828
0.724821
0.802670
0.749205
0.286362
-0.870551
0.329467
-0.265335
1.712322
-0.312059
1.177994
1.754922
1.209795
-0.354994
-0.556727
0.800444
-0.682339
-0.002978
-0.359019
0.209301
1.929806
-1.186611
-0.075112
0.249413
-0.121286
-1.291734
0.502353
-1.380249
-0.708466
1.742605
-0.752862
0.223552
-0.138435
0.253783
1.345811
-0.848977
1.240181
1.050293
0.265598
1.037901
-1.202857
1.055851
-1.201245
-0.340207
-0.434015
-0.411799
-0.347857
-1.025208
-0.320840
-0.046173
1.623673
-0.046119
1.133912
-0.099369
1.155514
-0.428365
-0.389043
-0.478917
-0.255676
0.735408
-0.265805
1.120161
-0.182727
1.132831
0.091171
-0.915294
0.116912
-0.534480
-1.322140
-0.528566
-0.341419
-0.100652
-0.364969
-0.304728
2.155792
-0.314463
0.691917
-0.077010
0.733064
0.895625
0.814970
0.888753
-0.885224
0.313006
-0.908238
0.905092
0.557211
0.929673
0.512253
1.191376
0.476814
-0.039761
0.056170
0.042046
-0.138387
-0.804345
-0.167665
0.279781
0.323601
0.289906
-0.989232
-0.086196
-0.969531
-0.381514
-0.035514
0.343079
-1.740754
0.070369
1.687391
-0.257933
0.014957
0.185470
0.720364
0.973096
0.699508
0.703285
-0.820626
0.663821
-0.660896
-0.359029
-0.663154
0.849083
-1.031700
0.236740
1.427871
-0.755964
-0.233580
0.257251
-0.261484
0.028647
-0.121445
0.166519
-0.113951
-0.733687
0.683851
-0.791861
-0.730497
-0.553991
-0.768274
0.837447
-1.437362
0.897339
0.774773
-0.259432
0.771185
0.548901
-0.278055
0.620719
-0.288256
-0.808609
0.555391
-0.795838
-1.277119
1.945556
-0.340725
-0.729947
-0.226994
1.412553
1.365941
1.429133
-0.545832
0.193266
-0.569302
0.335514
-0.227695
0.337715
-0.257786
-0.304011
-0.180027
0.443839
0.369908
0.516329
0.799665
0.875644
0.773614
-0.188911
-0.245500
-0.187449
-0.611102
-0.567511
-0.735509
1.116345
0.661011
1.071297
-0.509441
0.992233
-0.451817
-0.746259
0.259831
-0.701663
1.540906
0.063137
1.538077
-0.238064
1.635617
-0.288613
-1.011063
0.689028
-1.028464
0.438846
0.535380
0.413626
-0.469887
-1.540483
-0.503176
-0.230154
-0.206272
-0.207640
-0.564191
-0.979945
-0.594851
0.800983
-0.161918
0.810068
-0.708833
0.190084
-0.762047
1.355333
-0.979178
1.337103
-0.671899
0.082143
-0.637443
-0.198861
-0.169083
-0.234014
-0.732083
-1.360682
-0.753427
0.536245
1.576178
0.601320
0.144832
0.029619
0.039579
-0.229413
-0.737661
-0.280453
0.547518
-0.016213
0.569221
1.319889
-0.655070
1.259925
-0.168741
-0.356522
-0.180278
-1.452780
0.207100
-1.495986
-0.212292
0.623572
-0.278474
0.181119
-0.373075
0.228465
0.460877
-1.076045
0.425127
-0.236111
0.991939
-0.204371
-0.964995
-0.790394
-1.054013
-0.933215
-0.681850
-0.907933
-0.413393
0.051075
-0.451239
-0.761136
-0.288540
-0.734419
-0.566398
0.035824
0.481852
2.576490
-0.086052
-2.625743
-0.328879
0.023672
0.427483
-0.830253
2.486549
-0.950915
-0.428646
0.502419
-0.354475
-1.427376
0.209441
-1.484532
0.094688
0.476227
-0.093507
2.446759
-2.025954
2.347087
-0.147183
-1.225874
-0.194430
0.757711
0.024039
-0.875966
-0.183557
-0.085309
0.161055
-2.177701
0.040770
2.077216
-0.865390
0.349646
-0.896559
-0.722462
0.106640
-0.813811
-0.832665
0.267759
-0.855804
1.390363
1.002450
1.291353
0.298071
-0.630216
0.383722
-0.237565
-1.853930
-0.245767
-0.922902
-0.275894
-0.933065
0.330582
-0.022305
0.340074
-0.230449
-0.759906
-0.254984
-0.494161
1.088692
-0.502746
-0.960570
0.645303
-0.950482
0.554393
0.779033
0.591985
0.184906
1.070804
0.174075
0.469301
0.115464
0.434807
0.498827
0.018446
0.481728
0.316788
0.306056
0.247983
0.404370
1.068036
0.395828
0.086200
-0.627795
0.116382
0.193962
-0.017573
-0.191293
-1.676259
0.014883
1.741492
-0.358214
0.011638
0.434811
-0.388917
0.143669
-0.345378
-0.380530
0.044213
-0.292761
1.190373
0.718352
1.278899
0.621568
-0.012782
-1.156714
1.202282
-0.234285
-0.372511
-0.349609
0.128177
-0.694631
1.113240
-0.253939
1.137045
-0.395580
-0.317951
-0.492475
0.749450
0.324300
0.824023
-0.322373
-0.830368
-0.314163
0.688680
0.317513
0.809462
1.031921
-1.989963
1.077973
0.412930
-0.677497
0.410701
-0.579115
0.822532
-0.587847
-1.117427
-0.602293
-1.125983
0.076998
-1.207778
0.110990
-0.519151
-0.697738
-0.558373
-0.647040
-0.872769
-0.655964
-0.774947
-1.354118
-0.640033
-0.478664
1.417704
-0.542598
-0.500841
1.744530
-0.358368
0.080532
-0.697238
0.059681
-0.286881
-0.705406
-0.213562
0.420391
1.712443
0.459338
-0.980705
0.389867
-0.969836
-0.730519
0.382533
-0.773426
-1.022613
0.921084
-0.922834
-0.429567
-0.379139
-0.414691
-0.537397
-0.160204
-0.505743
-0.461733
-0.575049
-0.508120
-0.007771
-0.044747
0.010215
-0.335575
-0.572645
-0.378234
-0.228811
-0.120528
-0.228180
-0.069425
-0.345570
-0.127596
0.040152
0.311385
0.006064
1.438944
-0.397491
1.453690
-0.296502
1.511758
-0.241137
0.760579
-0.655946
0.804291
0.032984
1.894471
0.056834
0.592740
0.004286
0.594982
0.949685
-0.156924
0.963787
-0.007785
-0.112807
0.046067
-0.504589
-0.998253
-0.508453
-0.438214
1.082838
-0.467573
-0.147767
-0.210236
-0.161386
0.538955
1.630768
0.559106
0.304703
-0.300104
0.374070
-0.840874
0.948068
-0.864340
1.299419
-0.557992
1.284399
-0.211956
-0.518776
-0.147817
0.445579
0.108564
0.419274
0.518765
0.453915
0.561820
-0.407866
0.156685
-0.444375
0.586042
1.185308
0.647611
-0.740436
-0.458318
-0.684608
-0.340586
0.425551
-0.324227
0.359276
1.955786
0.371214
-0.497214
-0.361823
-0.585714
-0.895484
0.684295
-0.970874
-0.313787
1.082556
-0.278282
-0.264793
-0.156093
-0.141764
-0.302384
-0.220002
-0.265894
-0.090398
2.119791
-0.056217
0.061458
2.141827
0.100902
-0.074785
0.194620
-0.141847
0.523255
-1.031633
0.552407
-0.215110
-0.692408
-0.288418
2.118788
-1.571156
2.082446
-0.648287
0.302903
-0.683331
-0.054965
-0.050163
-0.065063
1.192722
-0.134728
1.157174
-0.673662
-0.739288
-0.615658
0.461649
0.961461
0.490099
-0.334761
0.542332
-0.371578
0.128199
-0.366003
0.092689
-0.009451
-0.169929
0.018809
-0.504931
0.045065
-0.490195
-0.495543
2.588946
-0.539264
-0.221064
0.400871
-0.204922
1.142033
0.736506
1.219054
0.380004
0.338980
0.427543
-0.315019
-1.245957
-0.501454
-0.002373
0.500131
0.031830
0.349600
3.222599
0.127492
0.607267
1.137030
0.575248
0.535183
-0.735040
0.561120
-0.337647
0.012175
-0.298470
-1.289709
-0.362474
-1.238794
-0.744372
-0.507311
-0.760239
-1.305882
-0.170984
-1.290876
-0.636923
1.527845
-0.597864
0.495149
-0.341207
0.437915
0.352872
1.527951
0.445175
0.088752
0.479086
0.107654
0.126432
-1.058776
0.043932
1.158721
0.921505
1.199165
-0.285740
-0.193323
-0.321942
-0.834090
-0.523186
-0.835976
0.587080
-0.109969
0.610650
-0.784564
-0.620320
-0.817892
-0.697303
-0.007702
-0.680460
-0.629063
-0.412234
-0.682738
0.197952
0.910209
0.193209
-0.908777
0.511519
-0.911787
-0.296930
-0.897589
-0.252129
-0.138431
-0.077494
-0.079097
-0.105673
2.047260
-0.156692
-0.002821
-0.098103
0.029042
0.480932
0.662295
0.484594
-0.689378
-0.424637
-0.687766
-0.400965
-1.032192
-0.432365
-0.362130
0.299915
-0.411224
0.960588
0.460909
0.937641
0.195488
-0.446645
0.178191
-0.322144
-1.330903
-0.292536
1.615586
-0.503198
1.501159
-1.497478
3.024106
-1.557039
-0.227898
-0.339385
-0.220326
-0.374400
2.377070
-0.346139
-0.098734
-0.082263
-0.081593
0.130049
0.953712
0.107700
0.087826
-0.712992
-0.017349
0.662109
1.312073
0.691373
1.426971
-0.243979
1.366033
-0.677731
0.689935
-0.667448
-0.042282
-1.418151
-0.007908
0.212022
0.227239
0.208541
-0.622769
0.303075
-0.662186
-0.789657
-0.679578
-0.742033
1.858915
1.275594
1.839364
0.771514
-1.234943
0.762044
1.022040
-0.235223
1.243536
0.652720
-0.028968
-0.664129
0.469890
-0.018654
-0.479078
0.721039
-0.037053
-0.702350
0.447838
0.076745
0.471358
1.188896
0.784489
1.191425
0.906936
-0.515379
0.988438
-0.337780
-0.428695
-0.361777
0.873853
1.615916
0.956698
0.201549
-0.874120
0.164817
-0.832869
-0.526477
-0.794954
-0.466467
-0.440051
-0.418615
-0.272470
-0.747680
-0.384083
-0.474184
-1.303135
-0.507920
-0.737227
0.947408
-0.719861
-0.450776
-0.464761
-0.469139
0.258410
-0.502546
0.343014
0.614620
1.515007
0.523515
0.323165
1.005290
0.317439
-0.045184
-0.021229
0.058855
-0.528442
0.012852
0.507583
-1.788142
0.007011
1.728971
1.101933
-0.031066
-1.099231
0.896902
-0.032323
-0.901747
-0.419212
-0.020696
0.362294
-0.207997
0.145759
-0.269680
0.108302
-0.487343
-0.033691
0.876386
1.791642
0.938736
-1.089218
0.704310
-1.051967
0.609321
1.401166
0.635961
1.289312
-0.317518
1.433906
-0.210642
-0.658718
-0.232156
-0.187734
-0.459675
-0.204602
-0.458492
-0.932119
-0.471928
0.098757
-0.492960
0.091117
-0.770954
0.419546
-0.810862
-0.645033
1.687033
-0.663240
1.227591
0.730694
1.177242
0.434820
-0.758670
0.484349
0.256084
-0.426196
0.220390
0.006368
-0.344300
0.006972
-0.271178
0.055710
-0.285397
0.955316
0.138382
0.973901
1.120002
0.860254
1.030754
0.031955
0.667443
0.152115
-0.893082
-0.872738
-0.941419
-0.411276
-0.643059
-0.378372
-0.054911
-0.662215
-0.025650
0.552932
1.739934
0.568256
-0.855369
1.557949
-0.848142
-1.385217
1.106650
-1.461701
0.254173
-0.897973
0.246475
-0.999867
1.617013
-0.931894
-0.471936
0.333046
-0.407544
-0.188859
-0.488568
-0.185919
0.119680
-1.614685
0.175818
1.428456
1.683464
1.354824
-0.450797
-0.093328
-0.413234
-0.299536
-0.491566
-0.636063
2.563539
-0.145139
-1.309173
-0.363033
-1.869661
-0.699798
1.225365
0.654333
1.267282
0.732888
0.405269
0.729961
-0.665518
0.666219
-0.633372
-0.290508
0.968365
-0.243770
-1.909257
1.754317
-1.903212
0.248898
-1.236594
0.233234
0.092189
-0.285421
0.025789
0.397086
1.985556
0.394856
-0.354967
-1.307965
-0.442928
0.229665
0.298910
0.269873
0.933273
-0.942448
0.935708
0.334525
1.675034
0.307927
-0.942624
2.325020
-1.041256
1.611434
-1.370833
1.662813
0.296553
-0.561572
0.221048
-0.544715
-0.129495
-0.617037
0.094286
-0.082852
0.116023
0.750805
1.155996
0.798251
-1.022346
-0.437527
-1.051515
0.485396
-0.196963
0.507968
-0.162039
-1.398314
-0.128286
0.861208
1.412456
0.841527
-0.660496
-0.345292
-0.692613
-0.381570
-1.055291
-0.336874
1.037525
0.580488
0.965313
1.003044
-0.019671
1.083382
-0.272667
-1.010911
-0.253097
1.284942
0.617491
1.201576
-1.657650
1.018791
-1.684006
0.558671
2.659073
0.580386
0.355882
-0.886246
0.243162
-0.061891
-1.815839
-0.072994
-1.485642
1.261154
-1.500983
-0.156112
-0.106725
-0.135226
-0.349329
0.245979
-0.428674
1.231847
1.049016
1.250950
0.774786
-0.786008
0.735422
0.348059
-0.566431
0.385395
0.446717
1.239680
0.405791
-0.631050
1.348107
-0.627007
-0.821322
0.248816
-0.827070
-0.943196
0.458905
-0.950156
-0.094457
-0.421524
-0.100715
0.666815
-0.985934
0.705561
-0.627742
2.471536
-0.702051
-0.003531
-1.123933
-0.101914
0.916713
-0.530803
0.757248
0.933949
1.257365
0.934614
1.314527
-0.514243
1.423431
-0.168662
-0.409455
-0.063160
-1.497750
1.795193
-1.624225
0.337034
1.276823
0.244411
-0.408956
0.782795
-0.421271
-0.826928
-0.877846
-0.824145
-0.695340
-1.194518
-0.751686
-0.035684
0.170443
0.083046
1.388440
-0.817361
1.391337
-0.102514
-0.305897
-0.070670
0.431614
0.011909
0.448760
-0.889165
-0.284514
-0.922165
0.880521
0.004666
-0.861359
0.125419
-0.018902
-0.121719
0.476777
-0.005839
-0.482993
-0.122237
0.019809
0.093951
1.925947
-0.031580
-1.938357
-0.213228
0.082979
0.144958
0.481975
-1.260229
0.478397
0.524034
0.701365
0.519552
-0.742384
-1.703820
-0.784169
-0.751625
-0.646101
-0.750414
-0.125278
-0.381679
-0.083347
-0.436997
-0.825473
-0.471776
0.977950
1.429902
0.925918
0.183373
-0.657631
0.180379
0.536956
0.484305
0.561749
0.375769
-1.208042
0.401540
1.699356
-1.163542
1.785218
0.070242
0.151169
0.130859
0.255694
-0.117986
0.239822
0.658247
2.164018
0.623750
-0.359254
-0.091550
-0.382203
0.496765
-0.023381
-0.499847
0.726101
-0.001223
-0.722559
0.508947
0.012369
-0.479963
0.767687
-0.068032
-0.698096
0.690557
0.030480
-0.725759
0.624031
-0.008913
-0.659446
0.792252
0.342055
0.817822
0.161726
-0.455825
0.170949
-0.675523
-0.560379
-0.711701
-0.099150
-0.787726
-0.166947
-0.018835
2.883994
-0.056051
-0.187285
-1.027670
-0.156554
0.259312
-1.003862
0.261112
-0.393968
0.134127
-0.396380
-0.880426
-1.192508
-0.821137
-0.239256
0.210714
-0.234218
-0.305384
1.826109
-0.245796
0.168439
-0.143616
0.107175
-0.690762
0.243897
-0.682835
-0.490506
-0.037096
-0.478530
1.610248
-0.472752
1.625730
1.025453
-0.797215
1.035515
-0.348119
-0.776827
-0.427956
-0.053979
2.459723
0.089739
0.504077
1.479934
0.442114
0.022630
-0.716504
0.019991
-0.187736
0.595585
-0.174118
0.891418
-0.544656
-0.764819
0.706110
-0.274985
-0.803398
0.783294
-0.584617
-0.280645
-0.722564
-0.204798
-0.711026
-0.740178
0.651287
-0.755523
-0.428446
-0.796953
-0.438700
0.343728
1.678742
0.332044
-0.099640
-0.037965
-0.073036
-1.072215
-0.754526
-1.113483
0.488213
1.488319
0.567307
-1.482889
0.748092
-1.635897
1.267077
-2.320838
1.384854
-0.139572
-0.740880
-0.140718
-0.342707
-0.281541
-0.377226
-0.452364
-0.623090
-0.481191
0.304981
0.899002
0.316130
-0.389032
-0.644899
-0.384514
0.470792
0.751873
0.518261
-0.407984
2.113259
-0.439639
1.216913
-0.669259
1.208132
0.729360
-0.325764
0.777949
-0.957317
1.513320
-0.950242
-0.502218
-0.590909
-0.562982
1.521351
-0.974751
1.456239
-0.327256
-0.002086
0.315605
-1.361498
0.057337
1.276628
1.965878
-0.070295
-1.946974
-0.544434
-0.070396
-0.566565
-0.568813
0.154274
-0.551840
1.326842
1.351480
1.381843
1.296154
0.683620
1.225929
-0.315319
-0.735987
-0.339187
-0.765679
-0.195222
-0.761929
0.626523
1.192756
0.686945
0.254700
0.330318
0.254813
0.416355
-0.028225
0.358775
0.796231
0.384200
0.800676
0.291048
0.065267
0.255137
0.744329
0.294498
0.722150
-0.218190
-0.588093
-0.216712
-1.103042
1.078300
-1.153038
-0.840837
-0.621820
-0.726285
0.242891
-0.524611
0.287360
0.470424
-0.386075
0.436298
1.395837
-0.648830
1.343859
-0.431485
2.376921
-0.417421
-0.211269
0.163735
-0.232696
-0.946575
0.153148
-0.996570
-0.355749
-0.437216
-0.334936
-0.244627
0.792949
-0.238671
0.493550
0.927402
0.541825
0.236748
-0.420349
0.235255
0.972623
1.570346
0.902689
-1.358109
-1.420586
-1.210979
0.399315
2.803884
0.431998
0.082116
0.483649
0.027898
-0.121034
-0.535515
-0.078078
0.575559
0.407674
0.533140
-0.437977
-0.129085
-0.370796
0.870935
1.129585
0.851474
0.137000
1.204585
0.096311
-0.547117
-0.113192
-0.585508
-0.915544
-0.314577
-0.923993
-0.067728
-0.039711
0.018664
0.075906
0.593880
0.054572
1.122375
0.968550
1.110057
0.816567
1.540155
0.831785
-0.145761
-0.611486
-0.116435
-0.045478
0.249554
-0.030444
-0.466475
-1.114370
-0.605442
-0.399255
0.034423
-0.234359
-1.300581
3.206501
-1.325876
0.588100
1.982479
0.658340
0.266411
-0.611664
0.332323
-0.237276
-0.567149
-0.256272
0.630961
-0.059776
-0.609784
1.253554
0.003882
-1.241845
0.338821
0.016426
-0.312695
0.487291
1.273109
0.501355
-0.169001
0.065029
-0.166548
0.388141
0.362738
0.449969
-0.316379
-0.535841
-0.273848
0.065773
1.839294
0.013267
0.374963
-0.078665
0.408968
-0.798689
1.551729
-0.871572
0.420618
-0.161624
0.489310
0.857437
0.934150
0.881451
0.195116
-0.719493
0.204842
-0.003761
2.109679
0.003968
-0.484346
-0.027462
-0.612202
1.022001
-1.315415
1.013147
-0.529901
-0.151717
-0.516061
-0.024954
-1.261882
-0.035396
0.473025
-0.124862
0.595386
1.125878
0.413744
1.097467
0.249060
0.038373
0.208448
0.935587
0.357997
0.970469
0.786356
-0.582619
0.759723
-0.618380
-0.374223
-0.584232
-0.209966
2.379696
-0.172012
0.155696
-0.428658
0.165303
0.278992
-0.517023
0.319628
-0.714671
-0.484731
-0.686819
0.352388
1.945367
0.296226
0.241249
-1.625222
0.244743
0.015418
-0.066656
-0.038788
0.064805
-0.004796
-0.091306
1.434198
-0.062523
-1.437647
0.950787
0.785498
0.907710
-0.117870
-0.644119
-0.105935
-0.108025
-0.049564
-0.152009
-0.059115
-0.140144
-0.051160
-0.071743
-0.037370
-0.070613
1.154870
0.248518
1.171064
0.972198
-1.109313
1.009763
-0.562008
3.624352
-0.587781
-0.476023
-0.559882
-0.575977
-0.680235
1.999558
-0.696945
-0.311633
2.731783
-0.387213
-0.528781
0.141279
-0.549012
-0.736402
-0.452858
-0.717552
-0.586394
0.537160
-0.607403
-0.838655
0.256735
-0.794370
-0.051326
-0.440487
-0.061987
0.976593
-1.587677
1.000685
0.786852
0.657679
0.780064
-0.517970
1.158104
-0.569043
-0.059879
2.718583
-0.054300
-0.272218
-0.735857
-0.360106
0.169166
1.964878
0.131055
0.531834
0.679771
0.516496
0.025506
-1.022910
-0.005187
-0.506727
-0.984018
-0.542943
0.505325
-0.383543
0.467779
0.287008
1.874268
0.263494
0.332409
0.245729
0.312098
0.665525
0.508240
0.735030
0.621715
0.200420
0.626307
0.452526
-0.095461
0.459784
0.029618
-0.687038
0.050818
0.842101
1.785846
0.838611
0.781286
0.274292
0.782059
-0.361248
-0.315728
-0.366656
0.860093
0.604161
0.833587
-0.322793
-0.020328
0.099723
-1.557660
-0.076002
1.650829
-0.331077
-0.006587
0.561685
-1.161857
0.036412
1.126780
-0.254254
0.035926
0.248680
-0.352916
0.031909
0.346460
-0.951752
-0.326001
-0.971258
1.019933
-1.561036
1.025654
0.369135
1.161849
0.438710
0.310889
1.258167
0.358123
0.064357
-0.405541
0.047315
-0.502358
-0.810689
-0.556845
1.763233
-0.264178
-1.825174
1.511403
-0.321618
-1.292721
-1.500349
-0.274442
1.560527
0.141688
0.278753
0.245045
-0.484948
0.054767
-0.448892
0.095594
2.144198
0.085698
0.030269
-1.630933
0.051441
0.761899
1.783431
0.752343
0.402941
0.437845
0.388948
-0.516319
-0.885886
-0.462085
-0.044025
1.071268
-0.010746
0.378862
0.925242
0.411611
-0.158325
0.028594
-0.210737
0.695948
-0.034758
0.694161
0.845707
1.127168
0.822914
0.229364
-0.575157
0.231862
0.420187
-0.397202
0.404427
0.696981
1.483312
0.818112
0.571395
0.400546
0.496199
0.775042
-0.932009
0.757987
0.609930
0.779441
0.629212
0.429090
-0.010811
-0.442709
1.215254
-0.074725
-1.204403
0.994768
0.005281
-1.032152
0.113892
-0.545044
0.125886
1.287621
-0.061654
1.224422
-0.371145
-0.412927
-0.356116
0.061169
-0.082646
0.039178
0.166424
-0.496279
0.170330
0.606318
1.515095
0.547999
-0.033522
-0.053850
-0.106886
0.859086
0.798330
0.886750
0.819963
0.148616
0.858471
0.083848
2.065562
0.114889
-0.450312
-0.517875
-0.431778
0.039564
0.438182
0.082223
-0.617072
-0.544782
-0.604227
0.451400
-0.265119
0.460863
1.597092
-0.414677
1.587807
-1.030048
-0.016005
1.044478
-0.451410
-0.000944
0.477127
0.053435
0.006048
-0.051023
-0.572556
1.684299
-0.589270
1.312365
-1.600413
1.253770
-0.289546
-0.724037
-0.169882
-0.478191
-0.187062
-0.502161
-0.372418
-0.203161
-0.354505
-0.416564
-0.297056
-0.516960
-0.075621
1.955568
-0.124056
-0.589935
1.197013
-0.635234
-0.832815
-0.701029
-0.770446
0.478316
1.813590
0.538350
-0.042251
-0.755944
-0.040490
-0.178149
-0.643664
-0.200060
0.509620
0.026841
-0.582675
-1.795701
-0.053004
1.874390
-0.049299
-0.004278
0.088668
0.070997
-0.712308
0.028403
0.063958
-0.730162
0.108310
-0.650672
2.645417
-0.608944
0.546153
1.202147
0.600454
0.692136
-0.236292
0.753671
-0.094803
-0.382962
-0.163943
0.466024
1.673052
0.489016
-0.389677
0.861187
-0.441104
-0.628363
-1.204248
-0.574659
-0.086964
-0.453499
-0.067855
0.747820
-0.259781
0.735153
1.043034
0.204235
1.055008
0.605946
-1.427199
0.586789
-0.252674
-0.577492
-0.212623
0.411674
1.384485
0.276999
-0.484017
0.554635
-0.501112
-0.101802
-0.728496
-0.015790
0.973533
1.292580
1.003976
1.019309
-0.257046
1.016470
0.766226
-1.170309
0.805622
-0.365844
-0.680868
-0.337023
0.989238
-0.464397
0.927946
-0.094988
-0.239785
-0.279417
1.723455
-0.635490
1.793749
1.214933
0.031957
1.236433
-0.307495
0.143150
-0.320894
-0.286894
-1.061746
-0.329482
-0.247391
0.878337
-0.250276
-0.434129
-0.196036
-0.438898
-0.921696
-0.437444
-0.870937
0.466820
-0.843411
0.447946
1.264158
-0.756472
1.250098
-0.566303
1.077974
-0.675418
0.749645
1.222528
0.777828
-0.221734
-0.175600
-0.288779
-0.924417
-0.369574
-0.936076
0.347367
2.107567
0.334917
-0.050839
-0.133864
-0.053232
-0.434561
-0.549317
-0.459377
0.797213
0.195412
0.790213
1.234829
-0.303990
1.245484
-0.599657
0.371338
-0.585868
-0.257892
-0.398370
-0.207436
-0.840077
-0.776062
-0.817630
-0.416320
-0.339053
-0.438846
0.430369
0.388182
0.417521
-0.052720
1.281989
0.002035
0.487902
0.676794
0.499968
0.399817
-0.838231
0.368435
0.445067
-0.192317
0.513473
0.969671
-0.794977
0.988571
0.160337
-0.507712
0.120855
1.365359
1.424165
1.343313
0.568922
-0.351916
0.564101
-0.108962
0.109699
-0.079572
-0.612105
-0.133467
-0.654304
-0.899048
0.121780
-0.831555
-0.632906
-0.684881
-0.597572
-0.332630
-0.610329
-0.358161
0.299704
1.117203
0.247405
-0.656534
-0.276228
-0.689867
-0.037189
0.659430
-0.057201
-0.679873
-0.596767
-0.735704
0.145315
1.152662
-0.011980
1.831608
-1.124904
1.739032
0.281951
-0.717912
0.214857
