-0.672803
-0.193443
0.509275
0.517861
0.725925
0.655076
-0.261808
0.660496
-0.330496
-0.740799
0.374496
-0.385442
-0.797034
-0.816091
0.398978
-0.852045
-0.155135
0.356574
-0.351393
-0.457970
0.539226
-0.646020
-0.238742
0.009180
0.121114
0.293073
0.514930
-0.477483
0.089585
0.645762
-0.491093
-0.811189
-0.231470
0.592123
0.576099
0.094722
0.058439
-0.383597
-0.017952
0.131389
0.070231
0.265987
0.393834
1.002592
-0.606433
-0.532687
-0.554994
0.433328
0.662105
-0.850586
0.130555
-0.426637
0.409527
0.482600
1.281763
-0.710388
0.406963
-0.466420
0.004379
0.709777
0.070173
0.213520
-0.722002
-0.308467
-0.061965
0.239744
-0.552341
0.117088
0.560164
-0.327182
0.132711
0.090554
0.230015
0.902624
-0.033632
0.379347
0.422829
0.280722
-0.680784
-1.404625
-0.400455
0.329715
-0.056559
-0.547444
0.590074
-0.136147
1.301520
-0.282650
-0.221976
0.346776
0.157004
0.265736
0.503577
-0.186355
-0.765467
-0.422621
0.235585
-0.710942
-0.541253
-0.018748
0.374531
0.408677
-1.030711
-0.529032
-0.476549
0.158059
-0.078057
0.087315
-0.203245
0.142495
0.364557
-0.596377
0.002508
0.309126
-0.486416
0.488155
0.222471
-0.245961
0.054793
0.027394
0.024227
0.771208
-0.282527
-0.923128
-0.146918
0.568242
-0.627419
-1.142594
