0.277927
0.805653
0.943310
0.840608
-0.453062
0.217754
-0.150250
0.696164
-0.255464
0.306557
0.617364
0.809517
0.981646
0.439134
0.749483
0.670285
1.012404
0.445656
-0.021456
0.556390
0.997337
-0.110386
0.580649
0.661024
0.758959
0.337578
-0.338434
1.174238
-0.725753
0.670738
-0.017903
0.678724
-0.024322
0.708579
-0.505349
-0.911198
0.882898
0.609972
0.638162
0.488260
0.674374
0.613149
-0.570406
0.763373
0.566801
0.586898
0.588932
0.527999
0.373707
0.751964
0.484752
0.727189
0.832950
0.519394
0.549854
-0.347791
0.750766
0.599247
0.553753
-0.379459
1.000991
0.010971
0.740152
0.848285
0.771537
0.583351
0.870478
0.749969
0.060467
0.565082
0.019743
0.234910
0.001131
0.854212
0.669988
0.664253
0.732564
0.719231
-0.069567
0.780488
0.445953
0.319779
1.041369
0.657469
0.375821
0.296229
0.462349
0.530668
0.147962
0.672477
0.657450
0.967089
0.948306
-0.146411
0.461231
0.041353
0.819869
-0.777787
0.475462
0.296313
0.454193
0.162140
-1.055372
0.388225
-0.078514
0.527152
0.749406
0.852936
0.937096
0.931014
0.608509
0.186739
0.642136
0.753479
-0.277569
0.617596
0.925578
0.833434
0.685592
1.359312
0.816184
0.601562
0.925677
0.622806
0.556023
0.972028
0.684440
0.649160
-0.449539
0.891983
0.289975
-0.337640
0.304717
0.599948
1.132408
0.731725
0.783939
0.340383
0.380931
0.523365
0.659843
0.684428
1.044258
0.847987
0.709880
-0.222907
1.043977
0.062775
-0.747049
0.714187
-0.314187
0.569804
0.513175
0.644870
0.818337
0.841418
0.599414
0.693643
0.558628
0.382913
0.585981
0.955987
1.114120
0.352385
1.072258
0.060245
0.619299
1.004474
0.675686
0.721494
0.745164
0.693557
0.421658
0.548727
0.944593
0.585628
0.949069
0.363987
0.907581
0.028094
0.795955
0.005540
0.996441
0.420883
0.820198
0.370069
0.491476
0.865193
0.844205
0.454333
0.827818
0.568553
0.196787
0.624007
0.388524
0.527234
0.507865
0.690697
-0.192272
0.372223
1.017787
0.419691
0.550300
0.349418
0.666741
0.991242
0.645023
0.823023
0.726355
-0.151645
0.501159
0.659797
0.890071
0.216515
0.639779
0.205700
0.564907
0.138041
0.345667
0.988181
0.773316
-0.706589
0.689160
0.765654
0.692156
0.976823
0.474702
0.791398
0.549888
0.492791
-0.275600
0.042046
0.733521
-0.757323
0.932162
0.352296
0.316590
0.920923
0.794233
0.521920
-0.664913
0.458374
0.860912
0.658641
0.408388
-0.704343
-0.333732
0.646345
0.784663
0.537131
0.832894
-0.188465
0.550467
0.517741
0.568474
0.958256
