0.062202
-0.655803
0.497662
0.219212
-0.532458
0.124038
-0.410093
0.024242
0.019099
0.265532
-0.117762
-0.639603
0.181958
0.101282
0.236750
-0.274919
0.578009
0.450007
-0.199012
-0.698468
-0.001920
0.021180
-0.371173
-0.110567
0.016367
-0.212634
0.244119
0.030747
-1.001982
0.411995
-0.138698
-0.359725
0.208269
-0.026229
-0.324782
0.746410
-0.666504
-0.572474
0.283943
0.394756
0.436421
-0.379017
0.018199
-0.029396
0.322241
-0.396204
0.182573
-0.029905
-0.290259
0.485062
-0.778877
-0.083291
-0.781693
0.278305
0.020034
0.072853
0.026884
0.016082
0.645048
1.002414
0.239836
0.379969
-0.150362
0.524548
-0.510611
-0.529045
0.616639
0.042052
0.502858
0.372110
0.087588
0.128691
0.026998
-0.544428
0.137341
-0.180483
0.013731
-0.095366
-0.393462
0.067301
1.174668
-0.008486
0.257409
0.729580
0.274301
-0.233630
0.101059
-0.465152
-0.329360
0.377669
-0.472026
-0.462472
-0.288474
-0.232456
0.098120
-0.352913
-0.213943
-0.798756
0.050098
0.282713
-0.372089
-0.625778
-0.311520
-0.182451
-0.274368
0.018531
0.532905
0.383681
-0.181497
0.475270
-0.273795
-0.148628
0.541641
-0.773357
0.113934
-0.065490
-0.197500
-0.388353
0.257510
0.157456
-0.365337
0.433955
0.023377
0.546965
0.170453
-0.015176
0.156201
-0.591475
