-0.606416
-0.166570
-0.102379
-0.136242
-0.018606
0.165201
-0.240274
-0.221465
-0.159857
0.210856
0.111762
-0.085521
-0.381433
0.035996
-0.077440
-0.167318
0.024350
-0.055260
-0.252010
-0.216980
-0.055427
0.163585
0.016383
0.058031
-0.547018
-0.298911
-0.239395
-0.151318
0.108685
-0.106358
-0.346779
0.044794
0.030424
-0.378289
0.000928
-0.367051
-0.066880
-0.179830
-0.031302
-0.068760
-0.108576
-0.410040
0.073550
-0.265691
-0.155101
0.132981
0.053033
0.100796
0.104201
-0.192560
-0.199971
-0.359924
-0.252435
0.056859
0.001446
-0.031090
-0.326477
-0.152575
-0.153058
-0.016513
-0.205890
-0.286805
0.009787
-0.157615
-0.169469
-0.150930
-0.211623
-0.335767
-0.237346
-0.120775
0.065821
-0.072213
0.043857
-0.304569
0.056554
-0.177199
-0.103620
-0.088817
0.071264
0.124067
-0.065615
-0.180013
-0.121128
-0.092120
-0.368139
-0.078994
-0.136524
-0.072066
0.083144
-0.066811
0.118454
-0.009928
-0.040797
-0.246016
-0.065444
0.027578
0.044810
-0.210600
-0.645496
-0.152019
0.009032
-0.242032
0.061106
0.083507
0.064083
0.035800
-0.591835
-0.092034
-0.012420
-0.351356
-0.384903
-0.039357
0.062365
-0.203868
-0.171479
-0.103933
-0.198460
-0.091489
-0.189998
0.165500
-0.056778
0.020133
0.024861
-0.210287
-0.290100
-0.043158
-0.108761
0.141810
0.191893
0.033726
-0.496795
-0.265612
-0.170262
-0.069159
0.110296
0.034271
-0.150822
-0.082945
-0.168179
-0.356642
0.046314
0.057081
-0.000786
-0.215256
-0.261350
-0.025544
0.022798
0.075920
-0.134485
-0.123743
-0.131347
0.063001
-0.110435
-0.034984
-0.034706
0.078378
-0.033431
-0.128703
-0.016976
-0.144212
-0.213475
-0.120794
-0.058793
-0.240055
0.009690
-0.076025
-0.086910
-0.178617
0.143440
-0.089512
-0.031019
-0.082801
-0.181679
-0.130380
-0.330080
-0.035730
-0.039793
-0.257503
-0.490573
-0.549100
-0.300219
-0.156284
-0.047596
-0.055316
-0.076306
-0.072163
-0.009908
-0.163231
-0.396249
-0.094582
-0.231924
-0.103654
-0.195483
-0.092437
-0.198353
-0.092744
-0.027937
-0.236841
-0.314342
0.079065
-0.100826
0.063609
-0.258704
-0.354388
-0.118425
-0.005736
-0.370507
0.005206
0.150598
0.186643
-0.133333
-0.136403
0.003921
-0.137776
-0.203834
-0.117773
-0.234757
-0.090895
0.057605
0.182661
0.091986
-0.422548
-0.210693
0.032380
0.252654
0.027230
-0.346639
0.020824
0.048105
0.012287
-0.143622
0.094702
-0.107128
-0.113390
-0.147116
-0.288073
-0.001340
0.014556
-0.365868
-0.321028
-0.110633
-0.146182
-0.119377
0.208115
-0.268500
-0.092506
-0.036075
0.049618
0.066597
-0.134560
0.070527
-0.293265
0.003305
-0.199629
0.019716
0.104415
