0.248408
0.561945
-0.243864
-0.436303
-0.623500
-0.118608
-0.735999
-0.056151
-1.229975
-0.370275
0.286960
2.075263
1.414383
-1.579346
0.440550
0.034212
0.429930
0.589704
0.430508
-0.770110
0.659611
-0.497398
0.920196
-0.917398
0.048971
-0.377810
0.485940
-1.128813
-0.586776
-0.494840
-0.029861
0.274315
2.257786
-0.576776
-0.371605
1.033391
-0.346924
-0.703301
0.556150
-0.724615
0.301697
0.547776
-0.466171
1.856168
-0.575490
0.824059
-0.161916
-1.532565
-0.746716
-0.189628
0.041027
0.109653
-0.711085
0.027937
0.197911
1.838502
0.413412
1.010914
1.262567
0.747043
-0.669035
1.781506
0.339307
1.250923
-0.136807
-1.182022
0.525973
-0.445523
0.057199
-0.564384
0.119897
-1.347099
-0.729103
0.781060
0.199926
-1.265115
0.260887
0.458601
0.890162
1.813564
-1.065473
0.152150
2.034123
0.342735
-1.103305
-0.625503
0.942432
-0.970907
-0.280855
-0.504716
-2.646701
0.872130
-1.580026
-0.409846
-0.340897
-0.538067
-0.101961
0.234062
0.138023
-0.885301
-0.003281
-0.359471
-0.281086
-0.147125
-0.135059
-0.708985
0.445591
1.418361
0.346872
1.728624
0.364790
0.132737
1.436818
0.062683
0.182721
1.459723
0.396708
1.163944
1.406565
-0.482969
-0.073107
0.865348
1.022020
1.077623
-0.062417
0.766876
-0.353104
-0.029839
