0.637898
-0.999367
-0.314231
-0.697150
0.390592
-0.020178
-1.292826
-0.126256
0.145537
1.447711
0.646435
-0.006079
0.227761
0.149700
-0.282038
-0.140651
-0.171486
0.026636
-0.480904
-0.137376
0.036145
1.095191
-0.291801
0.801208
0.334849
0.246335
0.112677
0.150958
1.174080
-0.901274
-0.863717
-0.387452
-0.055208
0.156546
-0.118356
0.286950
0.006302
-0.806541
-0.018055
0.030828
-0.909031
-0.108808
0.548683
-0.209972
0.131279
1.279590
0.029762
0.273893
-0.612427
-0.147103
-0.685731
0.281288
-0.923371
-0.412787
-0.826077
-1.072753
-0.051210
-0.088666
-0.280338
-0.759988
-1.143463
0.358139
0.236308
-0.053784
-0.015333
-0.104896
-0.086293
0.339520
-0.022734
-0.741099
-0.333657
-0.761953
-0.810979
0.455656
-0.098311
-0.085366
0.081945
-1.402994
1.083226
0.012176
0.106923
0.060040
0.004197
-0.586940
0.259414
0.253016
-0.019186
0.085468
0.039439
-0.123525
-0.077212
-0.189886
-0.074546
0.153205
-0.120951
1.279228
-0.669397
-0.473893
0.943648
0.001456
1.237248
-0.004887
-0.019941
-0.200513
0.635358
0.260195
0.079998
0.108738
-0.137051
0.284260
0.143091
0.249611
0.381159
-0.101313
0.172857
-0.741737
0.051920
-0.047975
-0.130596
-0.184565
0.022999
0.388170
0.007354
-0.044930
-0.947636
0.476568
-0.481107
-0.533534
0.517955
-0.409187
0.735921
0.232185
-0.636790
-0.551860
0.011180
-0.002476
-0.220947
-0.231660
-0.357823
0.150339
0.005021
-0.223157
-0.653756
0.242524
-0.176581
2.306862
0.279476
0.187359
-0.044053
0.148987
-0.009673
-0.266555
-0.378476
-0.999580
-0.336532
-0.498916
0.278672
-0.276033
-0.041685
-0.046190
-0.527902
0.124149
-0.521342
0.402949
0.362615
-0.950492
-0.095184
-0.140662
-0.854491
-0.254641
-0.218114
-0.058290
-0.943555
0.236354
-0.220303
0.344174
-0.701414
0.161859
0.524581
0.107173
-0.881247
0.068756
-0.158076
-0.272952
-0.110287
0.002424
0.160072
0.031752
-0.344534
-0.253577
0.239956
-0.645152
-0.207896
0.072797
-0.552315
-0.021799
0.049098
0.017529
0.130959
0.905521
-0.782610
-0.103554
0.353675
0.160689
0.259552
-0.659496
0.587414
0.220584
-0.268728
-0.068332
-0.150366
-0.562508
0.159797
-0.053486
-0.298773
-0.070982
-0.047813
0.225767
0.001281
0.513852
0.357525
-0.102745
0.068557
0.082566
1.608653
-1.145320
-0.352092
-0.006007
1.363781
-0.266254
-0.848902
0.573185
-0.037622
-0.820475
-0.024670
0.230109
0.155055
-0.490752
0.546678
0.148762
-0.200849
-0.032386
-0.359640
0.472257
0.121768
-0.720808
-0.112555
-0.590259
-0.657861
-0.220531
0.133121
-0.138413
-0.149748
-0.052305
1.257008
0.379651
