0.692028
0.316484
0.726481
0.286298
-0.593859
0.237955
0.457086
0.306117
-0.141897
0.703890
0.672023
0.470999
0.278161
0.732273
0.822707
0.942342
0.636011
0.863398
0.248700
0.580213
-0.654637
0.794774
0.336502
0.321424
0.435287
-0.021586
0.607944
-0.120570
-0.301868
0.459202
0.590978
0.108369
0.409978
0.676438
0.587046
0.861313
0.868036
0.645485
0.192178
0.326039
-0.070473
-0.034123
0.253659
0.295081
0.824937
0.482912
-0.050465
0.195842
0.301631
0.579215
-0.013058
0.667283
0.359872
0.407879
0.519512
0.351414
-0.069570
0.542780
0.690853
0.362079
-0.420851
-0.621122
0.587135
0.457803
0.427399
0.901680
0.656288
0.475019
0.289235
0.036697
0.318457
0.690197
0.781725
-0.729062
0.075901
0.583076
-0.095991
-0.090948
0.586674
0.477365
0.471542
0.483682
0.891621
0.145557
0.399032
0.503885
0.534309
-0.349338
0.487958
0.652613
0.300535
0.394708
0.440604
0.439425
0.467599
-0.340861
0.482535
1.185288
-0.688554
0.755758
-0.310863
0.619839
-0.434862
0.494356
0.398050
-0.009050
0.255414
1.192284
0.466858
-0.345118
0.162154
0.509793
-0.154978
0.449992
0.806662
0.184001
0.379784
0.726458
0.430846
0.346297
0.728034
0.598329
0.320300
0.034531
0.258391
0.537754
0.350001
0.392399
0.443986
0.582817
0.333779
0.589360
0.198002
0.728213
0.353764
0.132127
0.239892
0.602878
0.311549
0.066638
0.883569
0.463458
0.261088
0.418933
0.824013
0.560532
0.635249
1.220806
0.689386
0.552423
0.536685
0.175423
0.318835
0.424106
0.817356
0.878875
0.532700
0.465187
0.917449
-0.695096
0.469102
0.295039
0.294125
0.487593
0.388475
0.510948
0.593408
0.735314
0.727218
0.672764
0.486504
0.876892
0.256586
0.549487
0.515650
0.748511
0.454158
0.218812
0.398255
-0.322324
0.253818
0.331065
-0.009198
0.725295
0.089986
0.294923
0.648833
0.295453
1.024546
0.106107
-0.683339
0.479779
-0.473333
0.012283
-0.289469
0.387269
0.474793
0.711168
0.664223
-0.155074
0.387984
0.475701
0.501132
0.562208
0.276757
0.667065
0.181420
0.587214
-0.168119
0.314612
0.377589
0.533486
0.939711
0.581982
0.826574
0.422447
0.531148
0.295087
-0.504817
0.108084
0.511826
0.700160
0.615581
-0.175763
0.271271
0.521046
0.377739
0.401879
0.980280
0.348955
0.968626
-0.079456
0.264088
0.722222
0.587275
0.301017
0.584427
0.324088
0.310141
0.261881
0.328317
0.188990
0.332277
0.827606
0.132417
0.506385
0.163427
0.087261
0.611215
0.977374
0.701007
0.398655
1.051730
0.913891
0.756040
0.356521
