0.028552
-0.189876
0.046154
-0.187173
-0.014474
-0.080703
-0.025016
-0.121765
0.288776
0.063254
0.122142
0.286224
-0.164485
-0.096220
0.206440
0.108976
0.010862
0.176310
-0.233054
-0.233817
0.211525
0.162412
-0.140176
-0.033707
-0.012350
0.012966
0.092019
-0.096889
0.040865
-0.027179
-0.048868
-0.222861
-0.064088
-0.138610
0.114687
-0.156955
0.090439
0.023304
-0.142342
-0.244206
-0.160931
0.061657
-0.243862
0.007480
-0.048972
-0.020111
-0.074928
-0.237030
0.085828
-0.020112
-0.129381
-0.080182
-0.130332
-0.152004
-0.124641
-0.143742
0.040976
-0.266126
0.147771
0.136815
0.051578
-0.081192
-0.168238
-0.016186
-0.043681
0.003813
-0.039944
0.140792
0.011181
-0.176550
0.065865
-0.314569
-0.196114
0.120980
-0.025674
-0.031999
0.073663
-0.011021
-0.182541
-0.030986
0.093358
-0.136573
-0.033553
0.112811
-0.240736
-0.159889
0.041461
-0.113871
-0.004080
-0.151764
-0.250517
0.148737
-0.190282
0.003342
0.034826
0.204054
0.113089
-0.129279
-0.296172
0.167974
0.044167
-0.261963
-0.126180
-0.117419
0.058952
0.071282
-0.433327
0.344479
-0.040553
-0.439678
0.068051
0.029342
-0.116715
-0.176992
-0.032871
-0.255232
-0.077331
0.097171
0.217358
-0.203124
0.174362
-0.255993
0.045935
0.232345
0.136512
-0.164818
-0.248520
-0.045324
-0.095856
-0.105575
-0.129405
-0.102122
-0.082651
0.029064
-0.138419
-0.283874
-0.420848
-0.113964
-0.046485
-0.028235
0.185113
-0.119057
-0.060022
-0.021318
-0.140938
0.001342
-0.083917
0.319395
-0.088366
-0.062815
0.063721
-0.097984
-0.147429
-0.377202
0.008731
0.299184
0.096587
-0.271340
-0.122746
0.093653
-0.059520
-0.133348
0.026404
-0.178464
0.005538
-0.157954
-0.155821
-0.009091
-0.050221
-0.099538
-0.107719
0.126103
-0.154100
-0.198104
-0.085552
0.063586
0.077469
-0.079268
0.022149
0.044689
-0.323561
-0.350167
-0.081891
0.009319
-0.168910
-0.064919
-0.193955
-0.176342
0.166428
0.048920
-0.010032
-0.120379
0.005545
-0.120028
-0.111411
-0.050656
-0.157626
0.101740
0.173855
0.098540
-0.276116
-0.253782
-0.256454
-0.040932
-0.117903
-0.205019
-0.088021
0.086343
-0.101597
-0.011204
-0.114569
-0.057742
0.082780
0.049573
-0.055616
-0.149406
-0.016754
-0.008289
-0.250810
-0.191520
0.034822
-0.066007
-0.175858
0.047453
-0.006607
-0.226809
-0.025154
0.134854
0.185533
0.109112
0.130200
-0.137884
-0.019230
-0.153702
-0.072953
-0.000755
-0.195784
0.003756
0.026998
-0.188277
-0.132299
-0.302531
0.033862
0.081515
-0.141527
-0.280574
0.047003
-0.099766
0.010424
-0.184811
-0.179165
-0.232081
0.129509
0.038234
0.082849
-0.196240
