-0.725017
-1.445048
0.229264
1.078431
0.916837
-1.578534
0.004974
0.559033
0.925933
-0.160707
-0.194208
-0.165139
-0.062168
-0.196571
-0.168636
-0.132276
-0.326754
-0.226787
-0.188994
-0.167233
0.260263
-0.439311
-0.621514
0.448266
0.016322
-0.262595
0.049124
0.004817
0.469724
-0.203615
-0.076236
1.202721
0.094992
-0.272179
-0.327839
0.126999
-0.042284
0.690432
-0.460158
-1.127526
1.148052
1.025207
-1.267088
0.304829
0.861910
-0.762561
-0.205091
0.311558
-0.971105
0.961915
0.504197
-0.025859
0.444072
-0.218012
-0.168548
0.707451
0.196522
-1.271700
2.954582
-1.400562
0.206813
1.420803
-0.632938
-0.323894
-0.983380
-0.165232
-0.187241
0.971848
-0.120295
0.134744
1.190988
-0.062523
-0.525912
0.658072
0.291167
0.986016
1.804720
-2.379018
0.282772
0.194779
-0.708210
-0.631049
-1.086471
-0.372170
0.936536
-0.435849
-0.690530
-0.080858
1.736553
0.144835
-0.282121
0.382074
-0.633103
0.265002
2.197807
0.761539
-0.340545
-0.106907
-0.337472
-0.018825
0.192377
-1.383512
1.544110
1.716980
-2.895650
0.541621
0.084303
-1.333277
0.642026
0.700430
0.445226
0.047626
1.804252
1.297867
-0.033750
-0.030274
0.754429
-0.583142
-0.876788
-1.478281
0.832692
-0.991292
0.069253
0.278018
0.340936
0.465754
-0.263484
-0.107423
-0.174934
0.325543
1.082507
-0.094581
0.312367
0.482215
0.153745
-0.833365
0.232615
0.307566
-1.804871
0.722918
1.159503
-0.418102
0.033419
0.275059
1.011052
2.085769
1.321216
-0.694000
-0.012899
-0.611776
0.999599
1.361512
1.213671
-0.096801
0.751925
-0.113164
-0.146853
-2.894775
0.141794
1.042248
2.025453
0.515255
0.705203
-1.086701
0.011240
-1.062733
-1.815621
-0.546523
-1.086798
-3.095980
-1.347461
-0.643991
-1.545077
-0.590078
0.062960
2.238261
1.069478
0.058205
0.168676
-0.224829
-0.749990
-0.718643
0.031243
-0.686109
-0.474686
-0.920454
1.003889
1.132914
0.772633
-0.383203
0.058253
0.395737
-0.137339
0.611375
1.001342
0.298051
1.624312
0.222239
-0.211502
-0.193671
-0.315944
-0.475998
-0.268909
-0.474477
-0.133241
-0.193051
-0.161177
-2.926977
0.256513
1.046438
0.465301
-0.420623
-1.740362
0.371726
-0.534054
0.478275
-0.276775
-0.516073
0.195226
-0.376513
-0.130007
0.372001
-0.591969
-0.075417
0.016853
0.770000
1.013808
1.428761
0.502521
-1.182272
-1.002471
-0.125561
-0.446115
-0.386889
-0.083510
-0.310790
0.007891
-0.062555
0.883441
-0.173167
-0.081810
0.841439
-0.211886
-0.394831
2.101782
-0.220439
0.907255
1.610518
1.043457
0.942147
-1.753467
0.711269
-0.104147
-1.152728
0.441073
-0.451061
-1.492371
2.003918
0.359009
1.418120
0.471717
0.130748
1.137594
0.911055
-0.528993
-1.182099
0.323574
0.937317
-0.239636
-0.268246
-0.314798
-0.878610
0.505729
-0.371277
3.209265
-0.093825
0.639303
-0.605667
-0.644698
0.548805
1.495358
0.451274
-0.373710
-1.651039
-0.271366
-0.209624
0.039471
-0.210423
-0.305747
0.534737
-0.385683
-0.445431
-1.459994
-0.364115
0.324404
1.243783
0.768250
-0.329659
-0.920258
0.079405
-0.203284
-0.463187
-0.049633
0.494356
1.023792
0.406529
0.364237
0.351591
-0.400476
-0.126184
1.707274
-0.038565
-1.072333
0.214555
0.306834
0.355462
-0.429200
-0.565557
-0.226144
-0.645742
-0.322823
0.655470
2.120255
0.021342
0.714309
-0.220404
-0.038276
1.708436
1.242883
1.881502
0.311863
-0.051727
1.105569
-0.194069
0.592630
0.189457
-0.891082
2.034912
1.700169
0.107519
0.610228
0.317265
-0.936295
-0.645325
-1.240864
0.908486
0.795300
1.066423
0.298179
1.056754
0.817657
0.367027
-0.483407
-0.226978
0.008583
-0.677934
-0.140588
0.083361
-0.106636
0.529948
-0.232204
-0.198599
1.067366
0.007416
-2.045587
2.520230
-0.148596
0.053755
-0.152793
-0.143863
0.929077
0.767964
0.141393
1.398793
0.261290
-0.567094
-1.444937
-1.499796
-0.238032
-1.055572
-0.022672
-1.058372
0.876245
0.657516
-0.105634
1.271141
-0.161850
-0.459219
-0.546490
-0.579277
-0.918707
0.584201
0.626598
-0.951087
-0.661759
0.218749
-1.518830
-0.062992
-0.018859
-0.823226
0.266077
0.524484
0.020353
-1.562443
-0.710190
-0.298481
-2.032302
-0.056565
0.736281
3.597383
0.037436
0.192273
-1.395244
-0.328008
-0.612680
-2.338980
1.714912
-1.116391
-1.436476
2.790723
-0.469822
0.353769
0.387432
1.650283
0.008983
-0.913926
-0.467038
-1.311975
0.936020
-0.827352
0.646392
1.041475
0.027359
-0.566552
-0.074558
-0.671217
-0.542412
-0.165407
0.161818
1.497090
0.630400
-0.187639
-0.869577
0.945395
-0.329581
-1.876213
1.715304
-0.491852
-0.247874
0.615033
0.029175
0.071876
0.312078
-0.429800
-0.854886
0.797606
-0.277884
-0.854476
0.202364
0.484424
1.942630
0.572557
0.373528
-1.819113
-0.327639
-0.582100
-0.017401
-0.242159
-1.320453
-1.207670
-0.804000
0.362323
0.665087
1.084003
0.257721
0.550222
0.456279
0.023138
1.100167
0.781627
-0.773055
0.649556
1.043535
0.009911
-0.392781
0.437705
-0.128536
-0.612142
-0.392442
0.018713
0.080158
-0.184721
-0.070137
0.161089
-0.086067
-1.026984
-0.249280
0.638417
-1.005202
-0.391447
0.114172
-0.551681
-0.580647
-0.932676
-0.424998
-0.778028
0.348904
-0.660773
0.642721
1.397508
-0.118057
1.218000
-0.098248
0.388897
1.610776
0.612274
-0.233783
-2.099308
-0.885542
-0.236812
0.683685
-0.240977
-0.573192
-2.193066
-1.102837
1.022904
2.194513
0.501325
0.939402
1.479034
-0.403645
-0.489494
0.661210
0.100780
-0.374512
-0.514161
1.382574
-0.266964
-0.214587
-0.827318
2.619951
1.772664
-2.023249
-1.933460
1.146344
1.879981
-0.780415
-1.222727
0.338197
-0.055266
-0.069734
0.058809
-0.114945
-0.409237
-0.211192
-0.015020
-0.429103
-0.062220
-0.409819
-1.386740
-0.065033
0.599655
1.955035
0.468018
0.016175
-0.635158
-0.074858
0.220326
2.746914
-2.189247
-3.721753
2.249820
1.120234
0.964063
-3.217080
1.816935
1.046588
0.743854
1.632861
0.505357
1.634640
0.742716
-0.197014
0.518764
0.936075
0.704726
0.403928
-0.846715
0.563388
-0.282804
-0.557676
-0.094971
-0.683362
-0.257447
-0.033789
-0.377539
0.193254
1.715467
0.669006
-2.249107
0.695916
0.251075
-0.937777
-0.347224
-0.650849
0.607333
-0.441897
-0.574164
1.548748
2.268078
0.570466
-1.223251
-0.795551
0.203914
0.298778
0.175896
1.352225
0.404559
-0.186122
-0.165973
-0.193267
0.361280
2.702510
-0.641408
0.878717
-2.072525
-0.792023
0.056476
0.177243
-0.600429
-0.339239
1.036803
-0.911798
1.470734
0.686937
-1.600462
-0.834657
-0.128396
-0.825560
0.824937
0.935117
-1.326432
-1.177297
0.667287
1.823236
-0.106009
-0.536399
-0.366659
-0.143414
1.330788
1.555467
0.945971
1.539248
0.405878
0.842020
-0.471590
-0.448026
-0.186280
0.593130
0.357914
-0.365655
-0.635018
0.016861
0.352361
-0.426182
-0.222872
0.605443
0.106749
-0.384037
2.452101
-1.241875
-0.406028
0.080673
0.058128
-0.113586
1.459924
0.180353
0.489413
0.714506
-1.379683
-0.339997
1.205241
-0.321588
-0.103942
-0.648922
-0.376217
-0.188592
-0.645969
1.082967
-0.231156
0.623703
0.841470
0.898551
-0.510586
1.072111
0.464096
1.271665
0.286289
-1.255736
-0.086208
-0.832262
0.068628
-0.643939
-0.411547
0.148443
-0.425646
-0.462540
-0.383819
0.298332
-0.086709
-0.494870
-0.121105
-0.199214
0.035100
1.312727
-1.858410
0.644947
0.621138
-0.440993
-0.088405
-0.246184
0.347311
-0.053206
0.048600
1.450380
0.763014
-1.872620
-0.102457
2.046212
0.579851
1.054145
-0.495941
-0.811731
2.196756
-0.133949
-0.555834
-1.036564
-0.297442
-0.122232
2.382995
0.567591
1.799910
-0.878430
-1.673327
0.654851
-0.953101
0.255497
1.805735
0.072257
-0.915343
-0.304883
-1.076785
-0.689246
-0.659157
-0.623782
-0.068239
-0.164663
-0.229855
0.170549
-1.036298
-0.312787
0.613371
1.148316
1.012249
0.433670
-0.464573
-0.450826
-0.504772
-0.498604
-0.334573
-0.456862
-0.328310
-0.147722
-0.291876
-0.257471
-1.196234
0.264851
-0.129901
-0.943600
0.778383
0.167952
0.217550
0.324158
-1.368346
-1.021258
0.718056
1.927757
-2.064148
-0.943125
1.287304
2.867879
-0.985991
-0.224331
-0.283549
-0.039121
-0.637477
-0.360952
-0.236655
-0.085478
0.046077
-0.263341
0.345556
0.229051
-0.378265
-0.247755
1.741663
0.128856
-0.129471
-0.224210
0.006242
-0.164594
-0.400522
-0.350556
-0.265419
-0.379418
-0.475513
0.138433
-0.622226
-0.412732
1.665864
0.148520
-0.000356
0.431598
1.537982
0.206282
-0.987301
-0.019851
-0.514074
1.363431
1.081259
-0.569908
0.456226
0.886884
-0.114228
-0.121704
0.031264
-0.397792
-0.667773
1.157841
-0.572151
0.502631
-0.902540
-1.512116
-1.089687
-0.210629
-1.219071
-0.167562
-1.363409
0.646245
1.270376
1.062954
0.504545
0.037338
0.099034
0.667152
0.042360
0.121205
-0.446897
1.852258
-1.175133
-0.232563
1.022859
-0.773679
-0.476834
-0.249294
0.721464
0.825540
-0.342068
-0.516502
-0.088396
-0.347285
-0.442237
-0.311797
0.775594
0.332214
-0.863669
2.351126
-3.157205
1.055335
-0.310505
-0.096026
0.367801
0.111480
1.312142
-1.196891
1.780722
0.864178
-2.412627
0.343887
-0.789325
-0.548801
0.034217
-0.044598
-0.535163
-0.605031
-0.426807
-0.307166
-0.218708
-0.319968
-0.277799
-1.001168
1.219015
0.563892
-0.877411
0.356406
0.157745
-0.196464
-0.821646
0.029681
0.190257
1.185978
0.339457
-0.022379
0.156092
-0.131290
-0.114958
-0.339647
-0.218417
0.084180
0.052062
-0.286848
0.561547
1.155243
-1.592345
-0.353551
-0.689428
-0.486769
-0.447783
-0.653899
-0.158846
-0.653959
-0.519979
-0.269410
0.168241
-0.652237
0.364406
-0.538101
-0.301492
-0.425573
-0.417994
-0.486385
-0.606886
-0.202366
-0.011969
-0.193701
-0.083200
-1.141841
0.270100
1.448511
0.433035
-1.123447
0.005572
1.272141
-0.107558
0.348444
2.328859
0.667480
0.436284
-2.147126
-0.113456
0.230591
0.256460
0.372897
-0.224803
-1.055367
0.112803
-0.427592
-0.971677
2.058457
-0.215624
0.010495
0.713239
-0.263266
-0.377268
-0.335982
-0.403716
-0.498239
-0.403430
0.201015
-0.633431
-0.082469
0.167941
2.355872
0.361083
-0.257662
-0.972108
-0.566237
-0.527017
-0.172202
-0.281217
-0.168527
0.807037
0.003712
-0.029089
2.092797
0.609575
-0.008062
-0.545669
-0.043183
0.001176
0.894730
-0.814239
-0.600453
1.851830
-2.059159
-0.985069
0.216527
-0.623634
-0.702527
1.659176
0.727999
2.168457
-3.117969
1.863570
1.128815
0.154670
0.186787
0.144857
-0.981704
-0.383403
-1.855508
1.222667
1.120261
0.552780
2.276922
-1.179095
0.237667
-0.380623
0.976962
-0.808577
-1.102244
1.518793
-1.102676
-0.573696
0.400846
-0.577330
-0.102819
1.080395
-0.600128
-1.074980
0.385426
1.217521
0.279114
1.000737
0.936874
-0.356566
1.050943
0.612119
0.013206
0.281122
0.497621
0.149473
0.439001
-0.456242
-0.703275
-0.407709
0.547891
3.735384
0.519838
-0.069079
-0.576567
-0.556694
0.399875
0.127840
1.175685
1.491229
-1.436366
0.855166
0.731324
0.689817
0.137134
-1.185488
-0.762445
0.688065
-0.536495
-1.172064
0.657684
1.105875
-0.993812
-0.601343
-0.238534
-0.813935
-0.345260
-0.140462
0.330773
0.366115
0.527100
1.945348
0.749843
-0.169115
-0.751102
-0.224170
0.714332
-0.052947
0.829655
0.013887
-0.150508
-0.024019
0.083775
-1.771883
-0.137809
-0.110055
2.072820
-2.119119
-0.234990
1.175286
-0.736584
0.435462
-0.380378
-0.629237
-0.401118
-0.672514
-0.023969
-0.707299
0.567821
0.011551
0.691808
2.254441
0.126309
-0.168646
0.575093
0.008449
-2.135537
-1.893031
-1.240264
0.063282
-0.092695
-0.425746
1.028053
0.378567
-0.696454
-0.722719
-0.923612
0.051659
-0.418554
0.054477
-0.266588
-0.305101
-0.186697
-0.497193
-0.276610
-0.409718
-0.176436
-0.639986
0.193421
-0.703934
-0.750586
0.409148
-1.013213
0.094095
-0.559376
-0.000335
