-0.276435
0.129489
1.181679
1.117693
1.879669
-0.883114
0.807006
-0.909305
0.125636
-0.206182
0.558584
-0.326719
-1.378560
0.051301
0.112450
-0.098953
-0.773478
0.837087
0.890235
-0.329726
1.160969
-0.411070
0.155483
-1.172035
0.395138
-0.865481
0.118292
-0.644012
-0.155835
0.075966
0.066114
-0.512625
0.910482
-1.356763
0.059470
-0.427327
-1.038244
0.400952
1.683944
-0.071872
0.483715
-0.272841
0.605116
-0.521270
0.254754
0.021347
-0.774057
-0.234891
0.505393
0.304654
-0.280442
0.211779
-0.075103
0.604600
0.545133
-0.319185
0.858665
0.756930
-0.690007
0.992083
-0.734519
-0.081566
2.944172
0.060639
