0.057151
-0.082088
-0.046108
-0.126822
-0.028778
-0.130215
0.241374
0.059308
-0.271249
0.088817
-0.001947
-0.024942
-0.156094
-0.046804
-0.265918
-0.148686
-0.134175
0.104238
-0.078312
0.208224
0.029718
-0.038020
0.024789
-0.199815
-0.036675
0.132957
0.062190
0.053456
0.006633
-0.028021
-0.040543
-0.324580
-0.076064
0.077081
-0.148065
-0.030309
-0.026492
0.185039
-0.310072
-0.304714
0.145580
-0.086927
-0.095268
0.170119
0.104128
-0.210705
0.092149
-0.354637
-0.043602
-0.103221
-0.385205
-0.261622
0.136259
-0.225939
0.311083
0.083502
-0.263044
-0.136215
0.040749
0.234016
-0.240588
0.285835
-0.223076
-0.128252
0.040194
-0.050049
0.117610
-0.213705
0.348601
0.054783
-0.075086
0.051673
-0.276687
-0.132148
0.154104
0.095651
-0.120956
-0.211946
-0.148536
-0.189088
-0.076034
-0.328570
0.221262
0.059122
-0.007489
0.274773
0.137195
0.005184
-0.023459
0.040129
-0.091708
-0.122036
-0.039320
-0.049389
0.111377
-0.161259
0.110099
-0.040122
0.105299
-0.016637
0.069876
-0.133547
-0.153874
0.281039
0.035425
-0.061984
0.148972
0.083044
-0.273972
0.303677
0.016214
0.071921
-0.161581
-0.025828
-0.178550
0.075213
0.209343
0.147004
-0.003652
-0.194942
-0.051862
0.100717
-0.284443
0.061316
-0.117026
0.030135
0.032556
0.295399
-0.367501
-0.138581
0.252215
-0.067707
-0.339679
0.102181
-0.143807
-0.024414
0.071866
0.324777
-0.310993
0.025100
-0.020675
-0.083989
-0.488436
-0.141500
-0.112556
0.240877
0.176229
-0.284452
-0.229040
-0.096894
0.132638
0.257515
-0.082136
-0.188891
-0.244435
0.267940
0.005660
0.203790
0.104316
-0.051274
-0.049628
0.206656
-0.016154
-0.115839
0.281255
-0.258258
0.035537
0.117665
-0.033469
-0.027948
-0.169762
-0.102073
-0.314394
0.011537
-0.061221
-0.341655
-0.150828
0.020558
0.029390
0.009590
-0.016089
0.066535
-0.003676
0.167549
-0.211091
0.120253
0.260410
-0.229796
-0.087687
0.094678
0.183307
-0.030343
0.188989
-0.254277
-0.173855
-0.014878
0.134087
-0.058990
-0.207728
-0.365788
-0.049768
-0.281459
0.201352
-0.175345
0.000975
-0.040390
0.100646
-0.244749
0.064989
-0.085638
-0.375773
0.179449
0.003723
0.052448
0.253259
0.364257
-0.132344
0.045295
0.081206
0.116479
-0.144305
-0.002430
0.024042
0.132200
0.053142
-0.090845
0.070947
-0.128998
0.060822
-0.255309
0.081642
0.044708
-0.063150
0.199452
-0.165212
0.050768
-0.192700
-0.154977
-0.028860
-0.144498
-0.104912
-0.132268
-0.163386
-0.008112
0.032395
0.197999
0.052555
0.127185
0.289382
0.014313
0.019895
0.069746
0.279570
-0.254822
0.151248
0.148797
