-0.376448
-0.014918
0.204571
0.157436
-0.132357
-0.426487
-0.597542
0.246011
0.235025
0.030282
0.024712
0.589915
-0.600406
-0.633172
-0.107515
-0.335669
0.036914
-0.262983
-0.064005
-0.012177
0.407299
-0.421801
-0.214134
-0.326092
0.107498
0.681937
-0.186880
-0.497177
0.439098
0.492554
0.812413
-0.297974
-0.420562
-0.355231
0.144585
0.056537
0.310223
0.306482
0.927203
-0.077030
-0.082394
-0.158088
-0.129394
-0.534964
-0.358620
0.746622
-0.514439
-0.469320
0.273282
0.261558
-0.255447
-0.360989
-0.235124
0.659880
0.199388
0.340377
0.739706
0.154068
-0.203970
0.076183
-0.018774
-0.245041
0.831910
0.252140
0.715466
-0.087878
0.798786
-0.489459
0.414091
0.151104
0.487947
0.623675
-0.386048
-0.453368
-0.739912
0.541015
0.314040
0.517426
-0.810056
0.056242
0.172742
-0.346082
0.053564
-0.835206
-0.363483
-0.806052
0.148377
0.116492
-0.627418
-0.081040
0.493435
-0.637620
-0.420743
0.000746
-0.453085
0.591011
-0.148237
0.891491
-0.582815
0.025332
0.312027
0.257283
-0.215194
0.164686
0.333253
-0.355201
-0.394127
0.570372
-0.715807
-0.464383
0.057273
-0.021062
-0.302804
-0.677754
-0.361187
-0.086023
0.199436
0.668778
0.653888
0.303772
-0.565723
0.214512
-0.184101
0.249089
-0.349360
0.750792
0.257690
0.413654
0.621635
-0.439741
0.674415
0.191723
-0.401215
0.036487
-0.338851
0.320267
-0.114644
-0.602094
-0.523702
-0.945956
-0.046804
0.218238
-0.529492
-0.193649
-0.078650
-0.294094
0.521668
0.067669
0.337320
-0.194683
-0.016955
-0.038122
-0.459028
0.500398
0.208183
0.302792
0.232121
0.155248
-0.411259
0.616872
0.482098
-0.735443
0.167588
0.100235
0.273874
0.112152
0.755020
0.187008
-0.589669
-0.559144
-0.270795
0.039346
-0.003924
0.368740
0.710492
0.011925
-0.138485
0.254388
0.013051
0.120010
0.310080
-0.415388
-0.713194
-0.000034
0.526992
0.879797
-0.717631
0.198620
-0.836464
0.577617
0.154205
0.658524
-0.716269
-0.476475
-0.680782
0.309972
0.128752
0.619707
-0.005941
-0.532817
0.325951
0.230704
-0.030751
-0.784507
-0.231676
-0.124755
-0.610576
-0.328564
-0.225511
0.066690
-0.152349
-0.570403
0.651516
-0.215855
-0.426848
-0.611576
-0.057703
0.262988
0.144710
-0.231626
0.115776
0.369129
-0.199655
0.677560
-0.136310
0.422572
0.217746
0.014339
0.560126
0.546061
-0.580954
-0.795447
-0.353397
0.344890
0.592345
0.187847
0.520993
0.129984
-0.477106
0.724466
0.660121
0.109058
0.279662
0.060484
-0.018377
0.055446
0.283801
-0.192365
0.084588
-0.435375
-0.739316
-1.253045
0.525570
0.107652
-0.220494
-0.286947
