-0.154215
1.752442
0.239549
-0.218156
0.928825
0.107014
0.350077
0.405900
0.349508
-0.771580
-0.214621
0.564425
-0.488483
-0.994423
-0.435640
0.132161
-0.863479
-0.577152
1.003994
0.743036
0.846126
-0.425432
-0.719516
-0.372349
-0.540763
-0.005347
-0.641976
-0.066900
-0.468330
0.025327
-0.325054
-0.741294
-0.406507
-0.359477
-0.248200
-0.335197
0.725062
-0.094485
0.891570
0.659355
0.104389
0.538532
0.368301
0.742587
1.125206
0.993384
0.222775
0.582426
0.448206
0.020189
0.607449
0.884195
0.298914
0.609934
-0.558238
-0.611996
-0.422654
0.080932
-0.318282
0.177125
-0.430580
-0.081547
-0.376229
0.221286
2.739698
0.266116
0.436283
1.397977
0.470327
0.381885
0.241357
0.260175
0.631084
1.109433
0.714662
-0.120865
-0.597157
0.210938
0.034533
-0.203682
0.038754
-0.389924
-0.733853
-0.280695
1.931082
1.799264
1.840362
-0.194586
0.237089
-0.070551
0.755398
1.527569
0.731016
-0.274497
0.646712
-0.410797
-0.195717
0.195136
-0.332275
-0.306016
0.012535
-0.285813
-0.429277
-0.299848
-0.429857
-0.305235
-0.510415
-0.398767
1.291147
2.071622
1.255898
0.630353
1.110347
0.466639
-0.961876
0.289369
-0.982211
1.040212
1.284927
1.023105
0.532156
-0.078515
0.521725
-0.306502
-0.619404
-0.384239
0.385626
-0.051482
0.523399
-0.068124
-1.678906
0.539943
0.827786
0.704183
0.912154
1.105999
1.592546
1.003861
-0.693044
-0.393794
-0.600961
0.149852
-0.253478
0.060032
-0.420589
-0.621711
-0.597233
0.517288
-0.252956
0.460791
0.159227
2.030846
-0.114971
-1.256731
-0.649727
-1.350423
1.483961
-2.304408
1.650082
-0.509532
0.673439
-0.593637
-0.344622
-1.093787
-0.448472
0.768732
0.708817
-1.577672
0.307279
1.449670
-0.629560
0.734303
0.916892
0.775325
0.025345
0.363562
-0.013823
-0.020416
1.034058
0.152489
0.181301
-0.353553
0.139860
-0.215157
0.135625
-0.166554
0.869970
0.938892
0.883542
0.083199
-0.787567
0.188646
-0.538236
0.109271
-0.591722
1.536848
-0.340531
1.652409
-0.183243
0.083792
0.103371
0.906356
0.725777
0.175922
0.553772
1.278367
-0.023245
-0.391721
-0.925321
-0.240934
0.093316
-1.055784
0.410756
0.466288
-0.489219
0.647257
2.109514
1.040666
-2.226204
-0.144882
-2.385849
2.408312
-0.749609
-0.602366
0.875810
0.234010
-0.082604
0.082989
-0.003535
4.702121
-0.408338
-0.039835
1.098805
-0.540207
-0.848248
-1.047055
-0.612237
-0.061534
0.581389
0.656961
-0.714342
-0.868747
-0.295512
0.502748
0.947138
0.391527
1.119931
2.816750
1.278825
-0.684699
0.098275
-0.435701
0.051673
-0.566589
0.050743
1.975069
-2.365368
1.772454
-0.767885
-0.532541
-0.646590
-0.706008
-1.106976
-0.783998
-0.732061
0.654396
-0.669527
-0.775919
-0.262957
-0.823769
-0.029668
3.164446
-0.142776
-0.946241
-1.828873
-0.952942
0.367031
-0.035548
0.295090
0.346181
-1.436000
0.166038
1.468640
1.746426
1.718784
0.009127
0.672201
-0.073853
-0.290072
-0.435286
-0.093332
-0.657898
0.116121
-0.606834
-0.415632
-0.676678
-0.563449
-0.489310
-0.321847
-0.223889
-0.205931
0.555990
-0.217463
1.483693
0.552039
1.371811
-0.275307
-0.623202
-0.601810
-0.373269
-0.636157
-0.179582
1.242199
0.947202
0.666554
-0.061152
0.224809
-0.145733
-0.170810
-0.030191
1.235375
-0.079873
0.129977
0.484787
0.230478
1.634364
0.030204
-0.429498
0.314065
-0.497768
-0.045855
-0.174589
-0.006480
0.608033
1.535176
-0.579355
0.877739
-0.251838
-0.613431
-0.048736
-0.398641
-0.595364
-0.091975
-0.308980
0.630962
-1.751538
-0.560530
2.453286
-0.142933
0.087345
-0.283398
0.334199
2.040496
1.092884
-0.004987
-1.339801
-0.004624
0.085766
0.444342
0.051550
-0.476005
-1.008382
-0.411401
0.390912
2.071354
0.395884
-0.412612
-1.235941
-0.471350
-0.407797
-0.573269
-0.502838
-0.863148
-0.439183
-0.856374
0.035294
-0.496291
0.005808
-0.250468
2.793422
-0.352625
-0.298612
-1.252191
-0.466846
-0.539085
-0.338602
-0.580744
0.628052
-0.416564
-0.723979
1.590401
-0.040190
-1.114714
-0.101211
0.257587
0.203090
0.351509
0.431622
0.454971
-0.176526
2.206433
-0.184542
-0.262955
-0.266826
-0.213098
-0.338872
-0.930876
-0.276057
-0.516569
-0.495940
-0.478111
-0.216704
-0.533781
-0.172010
-0.428475
1.812319
1.007198
-1.068317
1.824642
0.654379
-0.234004
-1.070710
-0.273827
-0.340517
0.567209
-0.102422
0.379083
1.612710
0.524261
-0.361181
-0.156903
-0.303012
0.208610
2.108703
-0.156416
-0.519695
0.609272
0.534631
0.041387
0.730312
0.841149
-0.285233
-0.081200
-0.523454
-0.513682
-0.887961
-0.519223
-0.279931
-0.930280
-0.278282
0.251023
0.329021
-0.023708
-0.869429
0.444081
-0.523727
-0.802483
-0.952812
-1.065646
-0.691848
-1.018090
0.217196
0.695726
-0.817624
2.080501
-0.331074
-0.248983
0.746357
-0.286998
-0.142761
0.332498
2.003576
-0.066052
-1.927570
1.043016
-0.041432
-1.013121
0.015116
-0.670461
-0.166051
-0.551375
-0.855969
-0.171669
0.537515
2.145486
1.039184
0.310754
-0.183920
0.501247
0.180063
1.129576
-0.202118
1.047696
1.235111
1.089833
-0.309949
-0.655282
-0.577909
-0.367512
0.141858
-0.478363
0.173446
2.324361
-0.216013
0.406365
-0.770130
-0.066767
1.933362
-1.655953
1.253829
-0.186258
-0.706256
-0.423403
-0.009736
-0.173692
-0.069211
0.026117
0.095046
-0.086346
0.801710
0.942581
0.848263
0.505783
-0.130414
-0.628134
1.662476
0.612218
-1.905539
-1.703494
0.095983
1.319740
0.533571
2.809417
0.678663
-0.370065
-0.218471
-0.401823
-0.132191
0.058726
-0.115287
-0.412792
-0.253236
-0.314232
-0.460658
-0.474033
-0.501119
-0.439887
-0.352743
-0.421929
0.455515
-0.178808
0.499910
0.391956
4.895432
-0.067168
-0.042087
-0.572846
-0.033192
-0.033657
-0.234733
-0.069411
0.229762
3.430122
0.423520
-0.045258
-0.074611
-0.234199
-0.682349
-0.562577
-0.677234
-0.059910
-0.844135
-0.173270
-0.457107
-0.219342
-0.474735
-0.671649
-0.187509
-0.595206
-0.889837
0.833280
-1.073465
-0.679890
0.227257
-0.354659
0.260054
-0.378629
-1.157969
2.402239
-1.168933
-1.542502
0.547606
0.547696
-0.493274
-0.582556
0.207843
-0.096321
-0.658660
-1.564820
-1.054283
-0.190588
3.286567
0.350196
0.058880
-0.082709
0.126674
0.149643
0.474839
0.319314
0.644236
0.451205
0.662264
0.138375
-0.245238
-0.273088
0.570521
-0.539345
0.385122
1.110724
0.877906
0.765719
-0.526605
-0.344846
-0.851254
0.042073
-1.069630
0.276809
0.922613
1.024013
0.595209
-0.492378
-0.556604
-0.478254
-0.622112
0.835452
0.266440
0.701551
1.364493
0.996844
-0.459360
1.223116
0.005541
-1.918523
2.524582
-0.453919
0.119955
-0.249549
-0.075901
-0.212116
0.418567
0.023940
-0.732959
2.819024
-0.844772
-0.404487
1.445115
-0.147134
0.647977
-1.054934
0.387212
1.577016
-1.659244
0.859974
0.507038
-0.227217
-0.224109
0.100908
0.168938
0.149003
0.152854
1.209158
0.587829
-0.005279
0.662269
0.203983
0.742171
2.047132
0.796692
0.564942
-0.106314
0.775860
0.859345
-0.609722
0.737308
-0.374014
-0.291383
-0.393046
-0.569554
-0.534001
-0.567320
-0.142308
-0.442202
-0.182288
0.047105
1.594226
0.032893
0.086093
-0.646578
0.050071
-0.027995
0.128715
0.100275
-0.687461
-0.144169
-0.819618
-0.372474
-1.584791
-0.555064
0.243261
0.776982
0.062398
-0.255833
-0.218768
-0.213909
-0.181666
-1.557829
-0.282603
0.460705
1.933986
0.560313
0.763958
2.252922
0.756078
-0.119336
-1.886861
-0.164967
-1.171985
-0.094361
-1.058380
0.876321
0.176088
1.150728
-0.947527
-0.524102
-0.928098
-0.088961
-1.165285
-0.157209
-0.139736
0.231490
-0.263608
0.402468
2.321356
0.000665
-0.299337
-0.215369
-0.167111
0.417048
1.588507
0.442415
0.213138
0.907243
0.130199
0.059687
-0.198589
0.057668
-0.408144
0.261832
-0.076610
0.690491
1.077535
1.124854
-0.788880
-1.487816
-0.627466
-0.978012
-0.668815
-0.795424
-0.467670
0.794236
-0.309321
-0.511068
-0.903563
-0.435875
0.353411
2.078788
0.246484
0.138323
0.456181
0.168692
0.096067
-0.586314
0.072917
-0.397952
-0.149419
-0.403947
-0.396429
-0.786148
-0.522102
0.317307
0.293345
0.363320
0.003806
-0.754856
0.277899
-2.465778
0.945524
1.957206
0.473433
1.246026
-1.848187
-0.103634
0.667295
0.019439
-2.726916
2.611459
0.851219
0.194966
0.406952
0.963297
-0.517101
-0.196246
-0.496414
0.170015
-0.626130
0.161117
-0.587840
-0.415273
-0.589281
-0.025334
-1.533737
-0.029932
1.251757
0.746689
1.124546
0.222986
1.086812
0.199034
0.814680
0.594848
-0.381550
0.300857
-0.576541
-0.697454
-0.767889
-0.240524
-0.762117
1.068166
0.967628
1.164585
1.040346
-1.097986
1.040009
-0.480130
-0.343905
-0.382801
-0.837397
0.444692
-0.833300
-0.474718
-0.262736
-0.556297
-0.711715
-0.716375
-0.679384
-0.222085
-0.882492
0.081402
-0.515829
-0.588606
-0.614435
-1.015847
0.902067
-0.989700
0.381896
-0.176467
-0.141577
-2.419209
0.055765
2.384064
0.447680
0.147971
-0.474900
-0.367100
-0.654381
-0.410309
-0.306933
-0.576255
-0.302552
0.481277
0.757618
0.397660
0.517994
0.877642
0.481114
-0.729281
-0.754690
-0.634941
-0.286193
-0.268368
-0.363604
-0.055964
-1.324375
0.103989
0.399517
0.423526
-0.249096
0.551449
1.821866
0.118572
0.616004
0.074598
0.612439
-0.043496
0.363654
0.204460
0.205675
1.835672
0.281310
-0.659656
-0.465159
-0.652748
0.087820
-0.381469
-0.273136
0.961126
2.190688
-0.076714
-0.358724
-1.108825
0.047270
-0.344853
0.763126
0.545886
-0.890692
0.050138
-1.014918
0.704682
-1.415727
0.311468
1.136108
0.576724
1.432265
0.410911
0.719635
0.589967
-0.314695
0.210837
-0.301702
0.199587
1.387302
-0.189177
0.212374
1.392208
0.039792
-0.131792
-0.000384
-0.162149
-0.712700
-0.595658
-0.665601
-0.456722
-0.621938
-0.421045
-0.309974
-0.390264
-0.204474
-0.516873
-0.577004
-0.451402
-0.044515
0.003536
-0.060555
-0.092114
-0.896718
-0.075611
1.138514
0.713305
1.156697
0.283209
1.324545
0.390370
-0.153465
0.619616
-0.146135
0.899820
2.556098
-0.161194
0.330527
0.949501
-0.549087
-0.234693
-0.526751
0.514766
-0.640924
-0.713102
1.962839
-0.646574
-0.305830
-0.234857
-0.116723
0.672289
-0.500794
-0.947676
-0.739501
0.014599
1.334389
1.037287
0.731338
1.304953
-0.608111
-0.499969
1.374925
-0.630490
-0.498536
-0.100569
0.383314
0.131146
0.357366
-0.387071
0.440225
1.531768
1.236263
1.692230
0.300799
0.241639
0.517454
-0.252917
0.151719
-0.953209
1.024559
-0.148349
-0.667531
1.888576
-0.588350
-0.595653
-0.227466
-0.391591
-0.149453
0.907019
-1.265887
0.972370
1.406989
1.294321
1.374004
0.141307
-0.720465
0.063699
0.288283
1.617595
0.166588
0.077105
-0.476774
-0.109422
0.279922
-2.081807
0.444847
0.329887
-0.444451
-0.094835
0.677199
1.535143
0.969791
-0.011421
-0.631333
-0.038449
-0.542011
-1.150656
-0.543236
-0.627667
-0.793436
-0.872796
-0.141706
-0.609805
-0.233326
0.463499
0.965667
0.830637
0.241189
0.538548
0.100451
1.055505
0.816441
-0.240863
-0.149949
0.471358
-0.429021
-0.417945
0.536018
1.115724
-0.704121
-1.079926
-0.660202
0.439146
-1.138131
0.640661
0.585437
2.412379
0.514018
0.269721
-0.777085
0.324429
-0.555681
0.413081
-0.428136
1.211353
0.751864
1.100115
1.164071
2.645469
1.079082
-1.022628
0.944126
-0.857002
-1.300611
1.075989
-0.955326
-0.114723
-0.283929
-0.185118
2.705346
-1.836971
0.358377
0.571571
-0.791638
-0.061491
1.098088
0.347391
1.019313
0.844448
2.424955
0.608958
-0.080595
0.707586
-0.385886
0.704535
-1.315163
-0.218927
-1.377249
0.021446
2.409847
0.273781
0.763116
0.215932
-0.859930
-0.355339
-0.849862
0.981015
0.806904
1.029682
-0.691742
-1.164001
-0.740178
-0.379787
-0.675613
-0.527165
-0.009878
-1.031015
0.066906
0.820549
1.468193
0.745372
-0.587641
-0.768046
-0.400957
-0.176924
0.064157
-0.473453
-0.471905
-0.105326
-0.337081
-0.605396
-0.636970
-0.620648
0.314093
-1.494035
0.558232
-0.328226
-1.271567
-0.285979
-0.194371
-2.016421
0.017586
0.442996
0.225396
0.424176
0.536093
1.942459
0.185035
-0.012593
-0.584489
-0.065402
0.461963
-0.884714
0.038929
0.081975
-0.531642
-0.027546
0.072700
0.288078
-0.238518
0.624806
3.198007
-0.820849
0.126523
0.156584
-0.358521
0.340345
1.355304
0.366292
0.103883
-2.095568
0.227500
0.158107
0.920052
0.173920
0.355310
1.881752
1.239401
0.132326
-0.267349
0.007557
-0.477580
0.123098
-0.119198
-1.396277
-0.528678
1.953295
-0.597231
-0.336013
0.763021
-0.270506
-0.096689
0.017816
-0.900925
0.311794
-0.665051
0.308954
-1.754367
-0.310769
0.271572
-0.897016
-0.041317
0.028324
0.809081
0.041422
-0.574501
-0.574055
-0.510336
-0.286028
-0.708147
-0.234675
1.659862
0.377408
-1.711393
1.761294
-0.163166
-0.533223
-0.020721
-0.535236
-0.197458
1.009066
1.801702
0.863514
0.169729
-1.444709
0.401495
-0.145098
-0.584641
-0.075754
0.086201
0.137827
-0.005757
0.362644
2.000732
0.493020
-0.101069
-0.201483
-0.146576
-0.253586
-0.109550
-0.004066
-1.868576
-0.017639
2.436403
-0.425127
0.402794
0.264634
-0.153238
0.962259
-0.028556
0.800062
3.319177
0.562837
0.073812
-0.643898
0.066339
0.426247
1.452175
0.318979
0.276887
-1.283443
0.224551
0.866288
1.054195
0.913261
-0.497808
-1.160501
-0.387529
0.649460
0.567452
0.601150
0.429753
1.569571
0.275172
-0.999203
1.659615
-0.996090
-0.949715
1.326156
-0.652140
-0.531130
-0.771976
-0.483552
0.588603
1.359023
0.533980
0.881351
0.284797
1.018034
0.497917
0.042508
0.390874
-0.434413
-0.451488
-0.391458
-0.229806
-0.175844
-0.297308
-0.474280
-0.559238
-0.573342
0.335944
0.092805
0.375700
0.241537
1.660922
0.208694
0.023377
-0.494951
0.002013
0.787748
2.519403
0.632053
-0.403210
0.488939
-0.386925
0.094428
0.188929
0.072221
-0.485314
-1.175702
-0.448332
-0.790552
-0.267518
-0.851651
0.167947
1.601758
0.145543
0.637511
1.987158
0.728037
1.247326
-1.734661
1.021279
-0.133630
0.778678
-0.273439
0.142759
0.560383
-0.109119
-0.631449
-1.520972
2.659730
-0.439927
-0.504720
0.222776
0.747617
2.418544
0.736877
0.199415
-1.146589
0.268148
-0.180318
-0.036698
-0.311016
1.158181
0.298518
-0.141194
-0.576202
-0.717806
-0.637721
-0.423403
-0.551833
-0.217603
-0.086758
0.420386
-0.024035
-0.472602
-0.749455
-0.530941
0.721065
1.697498
0.767270
0.123724
0.023884
0.073347
-0.363628
-0.531791
-0.412421
-0.318094
-0.321822
-0.296184
-1.155050
0.583519
-1.015839
0.492450
-1.448009
0.500227
1.605365
-0.215355
-0.134099
0.047137
0.046783
-0.021296
-0.496587
-0.692559
-0.496156
-0.432088
-0.570964
-0.395059
0.324562
1.292981
0.248290
0.155947
0.939341
0.204574
-0.381390
-0.597693
-0.317092
0.948279
3.002950
0.772331
-0.076355
-0.968803
0.009504
0.388063
0.333305
0.255712
0.755902
0.701376
0.056888
-0.546237
0.823996
-0.660840
-1.097720
-1.267275
-1.103659
-0.462699
-1.101524
1.741527
-0.993394
-0.336236
1.370010
-0.253365
0.132455
-0.786727
0.516744
0.652023
-0.343278
0.580801
-0.157329
-0.978111
0.096079
0.070059
-0.344548
-0.555450
-0.504517
-0.515670
-0.576680
0.620753
-0.730893
0.545892
2.428649
0.605401
-0.751432
-0.094360
-0.620127
-0.468917
-0.515266
-0.519886
-0.786394
-0.049787
-0.806279
-0.281196
-1.154924
-0.319917
0.431885
0.369672
0.412716
-0.009012
0.223437
-0.122569
1.525738
-0.114674
-1.088334
1.609967
-0.440978
-1.172338
-1.034757
0.817562
0.330980
-0.253380
0.211310
-0.280845
-0.412938
-0.442245
-0.345389
-0.331855
-0.310937
-0.396567
1.209053
0.794021
-0.596532
-0.992971
-1.015530
-0.498415
0.244234
0.601485
0.941233
-0.502667
-0.425154
-0.484466
-0.821444
0.088205
-0.646845
-0.383268
-0.261229
-0.558238
-0.187509
-1.438175
-0.212881
0.646727
2.229538
0.603742
-0.163796
-0.249063
-0.274903
-0.229007
0.136099
-0.496780
-0.022717
-1.800544
0.125393
0.728531
1.912373
0.998793
-0.099390
-0.154901
0.140981
-0.243774
-0.436585
-0.162631
1.033053
2.012512
0.212401
1.572931
0.137017
-1.733780
0.921182
0.035261
-1.078949
0.365240
-0.138912
-0.233312
1.058097
-0.074239
0.646102
0.899440
-0.302411
0.644405
0.112746
0.254818
-0.041360
-0.292047
0.209325
-0.328219
-0.478650
-0.800298
-0.475425
-0.529451
-0.490215
-0.542244
0.332434
-0.226521
0.469585
0.390034
1.469655
0.314852
0.177446
1.147741
0.106041
2.061481
-1.726946
0.057804
0.526671
-0.589297
-0.135849
0.171063
0.589717
-0.163984
0.457336
-0.008682
-0.645279
1.451228
0.071502
-1.904362
1.273119
-0.084916
-0.283745
-0.372794
0.081446
0.255229
-1.764635
-0.026628
1.668501
-0.855290
-0.037782
0.959079
-0.466322
0.524165
-0.536753
-0.753283
-0.795884
-0.697951
-0.676440
-0.511828
-0.668514
-0.048260
-0.437953
0.027529
-0.599283
-0.778372
-0.581535
-0.205461
-0.339173
-0.280767
-0.528258
-1.274646
-0.446228
-0.645072
-0.135956
-0.560258
-0.186505
0.524384
-0.189128
0.214026
1.822918
0.327419
0.102961
-0.588390
0.116491
1.153297
-0.516789
0.990631
-1.247959
-0.625123
-0.715084
-0.087980
-0.044308
1.173970
1.289738
-1.905536
1.715545
1.128684
-0.180268
-0.274081
1.544074
0.423859
-0.778691
0.165160
0.035399
-0.246476
-0.391037
-1.061946
-0.411629
0.047350
0.411940
0.449675
-0.032386
-0.249948
-0.110360
0.424051
0.020418
0.524051
-0.445030
-1.045415
-0.275674
-0.669199
-0.655776
-0.629273
0.150937
-0.140099
0.079128
0.675962
1.452764
0.691516
-0.206469
0.170281
-0.047065
-0.804296
0.596933
1.219817
-1.701369
3.578380
-0.714124
0.756954
0.642776
-0.363542
0.508881
0.540651
-0.633486
0.677160
0.187676
-1.145521
-0.307454
-0.314750
-0.194798
0.368397
4.221506
-0.363269
-0.145748
-1.255929
-1.170902
1.081775
-0.048830
-0.044111
0.094390
-0.124544
0.028759
-0.253488
-0.035424
-0.052367
0.950759
1.836223
0.804817
-1.345283
-0.522682
-1.152749
-0.560450
-0.122320
-0.810767
-0.002038
1.539876
0.107681
-2.770544
-0.002932
2.913099
-0.721529
-0.057067
0.786396
-0.815417
-0.367735
-0.384472
-0.109105
-0.112853
0.311193
-1.069988
-0.680144
1.637607
-1.069708
0.199079
0.746188
0.610583
0.302280
0.694781
0.863793
0.376321
0.970366
-0.343824
-0.278268
-0.512721
0.691640
0.602631
0.705926
0.075926
0.076803
-0.094497
-0.217632
-0.430824
-0.286928
-0.193805
-0.175453
-0.153806
0.070278
0.144375
0.264482
0.366845
1.542189
0.332640
-0.120803
-1.216206
-0.175633
-0.703115
0.423561
-0.755801
-1.124728
0.346960
-0.993668
0.187477
-0.365444
0.146436
0.204577
0.173509
0.491700
0.282477
0.752080
0.367211
-0.895919
0.069739
-0.779479
-0.548747
1.470861
-0.713174
-0.666198
-0.012296
-0.773792
0.507512
-0.420663
0.440034
0.147218
0.029457
0.094573
0.620873
1.642300
0.591492
0.488122
-0.362810
0.357070
1.504660
-1.187377
1.253811
0.120383
0.269859
0.192184
0.857739
-0.132207
0.113596
1.273622
-1.355946
-0.931450
1.296902
0.682629
0.001936
1.301117
0.441166
1.327981
-0.292388
-0.865955
-0.444618
-0.176252
-1.316265
0.698402
0.978182
-0.297783
-0.114139
1.761637
-1.085098
-0.677320
0.192468
-0.316752
0.274145
1.351733
1.715098
0.856151
0.599793
0.634022
0.410267
0.037286
-0.025085
0.049822
0.368816
0.379654
0.275259
0.866496
0.473343
0.947704
0.606501
-0.337937
0.566731
-0.263743
-0.008271
-0.349486
-0.435717
-0.158665
-0.956786
-2.642645
-0.351979
3.274321
0.031741
-0.561209
0.039147
1.652391
2.509653
1.566617
0.475623
-1.220148
0.323136
-0.282800
-0.481472
-0.264953
-0.256563
-0.949226
-0.194595
-0.535428
-0.382509
-0.522824
0.902598
1.712567
0.554973
-0.028657
0.193371
-0.352077
0.005619
-0.450480
0.183265
1.777945
-0.451215
-1.631990
1.470091
1.166161
-2.466097
-1.427082
0.032420
1.116327
0.097708
1.415593
0.367670
1.440982
2.693450
-1.069549
0.336595
-1.017213
0.304420
-0.069115
-0.062682
0.188355
0.047126
1.434914
0.484610
0.148674
-0.018642
-0.159062
0.300356
1.620250
0.168065
-0.452056
-0.818401
-0.417917
-0.134032
-0.249572
-0.125521
-0.044519
-0.320371
0.530339
-0.266908
-1.443291
1.798084
-0.574355
-0.268903
-0.042720
-0.334075
-1.017853
-0.421161
0.437560
3.263521
0.233040
-0.290872
-0.451584
-0.211471
-0.102793
-0.693141
-0.080274
0.196333
0.918645
0.162085
-0.436907
-0.777624
-0.344738
-0.269226
-0.017363
-0.331526
0.153048
-0.855306
-0.171419
0.624182
2.095519
0.634041
-0.472610
-0.766421
-0.493182
2.071938
0.035979
-0.447542
0.523886
-1.797981
0.512387
0.017823
1.868086
-0.004505
0.316534
1.601027
0.240898
-0.014992
-0.398322
-0.154877
-0.460928
-1.100749
-0.492534
-0.467754
-0.581814
-0.491061
-0.010813
0.137497
-0.110757
-0.497160
-0.764827
-0.321276
-0.367863
-0.229430
-0.412708
0.188942
2.290537
-0.019086
-1.234034
-0.612317
1.390770
-0.664170
0.335263
0.784451
-0.018242
-0.123452
-1.182152
-0.362388
-0.955160
-0.399897
-0.167881
-0.347073
-0.302687
0.700842
0.742978
0.732567
-0.384630
-0.277160
-0.535874
0.689673
-0.146632
0.613166
1.060718
0.079154
0.935523
0.649302
0.595808
0.896279
0.020837
-0.939635
-0.210964
-0.192101
-0.776001
-0.390620
-1.513612
2.814752
-1.493985
-0.593974
0.490775
-0.466098
-0.159469
-0.116253
-0.236635
0.174711
3.009873
0.474905
-1.219843
0.932138
-1.059906
-0.032576
-0.606290
-0.010449
0.356154
2.505501
-0.011131
-0.562587
0.282121
-0.566495
-0.450994
-0.249874
-0.426805
-0.462264
0.041808
0.335634
-1.240204
-0.398572
1.524368
-0.518067
-0.001140
0.648421
0.862796
0.769107
0.657663
0.394186
0.149708
0.643930
-0.231474
-0.735421
-0.345514
0.403026
0.780813
0.486119
0.618292
-0.069633
0.775824
-0.141232
-0.469764
-0.112637
-0.182280
2.500507
-0.097752
-0.070197
-1.776544
-0.055024
0.093745
0.533053
0.182313
-0.388986
-0.771987
-0.216453
-0.172738
-1.680062
-0.483842
0.774814
0.237136
-0.961674
-0.165244
-1.436611
-0.141056
0.006381
2.488245
-0.049521
-0.647885
-0.842105
-0.556048
-0.415019
-0.472554
-0.379360
0.189591
-0.088762
0.198360
0.171660
2.618772
0.469554
0.311368
-1.146247
0.679135
0.972089
-1.058314
1.477826
0.875039
-0.570067
-0.112777
0.295707
1.088817
0.310923
0.131615
0.577267
0.090565
-0.107708
-0.150827
-0.018899
0.374688
1.785290
-0.305058
-0.707989
1.193380
-1.300054
-0.472930
-0.183861
-0.472430
1.151997
-0.131859
0.983637
1.099465
-0.141043
0.938797
0.688306
-1.624261
0.549556
-0.464637
-0.487277
-0.398351
-0.279206
-0.712780
-0.271450
-0.041507
-0.769451
0.072225
-0.081093
1.233113
0.557792
0.342019
-0.134651
-0.460962
1.035832
-2.640020
2.093266
-0.313181
-0.881591
-0.207848
0.725838
1.926589
0.958385
-0.397017
-0.534809
-0.385210
-0.506978
0.686723
0.977963
-0.519906
-0.487020
1.851491
-0.203766
-0.212407
0.090523
-0.238818
-0.276081
-0.108745
0.461854
1.282429
0.340206
0.243643
2.181637
0.640031
0.209949
-0.464824
0.534655
-0.546131
-0.939867
2.226135
0.104450
-0.513349
0.609974
0.054509
0.119570
0.125144
0.555594
1.216575
0.109024
-0.089672
-0.099323
0.045021
-0.712202
-0.414186
-0.809778
-0.540661
1.101632
-0.706339
-0.043706
-1.444391
-0.193217
-0.282812
-0.757678
-0.153385
0.495278
0.043355
0.515269
0.889838
1.522185
0.649343
1.251756
-0.144319
-1.265746
1.125866
0.029850
-1.147949
0.165404
0.048055
-0.120345
0.391955
2.413675
0.674758
-0.456914
-0.357071
-0.168412
0.745802
0.933899
0.461081
-0.926190
-0.337232
-0.971617
0.227065
0.948732
0.244953
-0.628449
-0.638327
-0.905550
