0.155173
-0.001370
0.274368
0.279016
0.116204
0.211122
-0.174920
-0.003027
-0.138517
-0.111138
-0.146587
0.090414
0.053000
0.019714
0.032838
0.138765
0.078124
-0.187870
0.141349
-0.061559
0.130561
-0.155517
0.135026
0.065285
0.062105
-0.010674
0.042401
0.233472
-0.097494
-0.121603
-0.158493
0.172180
-0.122430
-0.112846
0.110258
-0.069841
0.125676
0.010631
-0.160939
-0.093938
0.118072
0.111297
0.072600
0.002239
-0.055850
-0.246345
0.000637
0.065504
0.156990
-0.151809
0.065653
-0.070862
-0.088651
0.054067
-0.088772
0.055403
-0.079010
0.016177
0.148061
-0.125450
-0.091316
0.099728
0.123836
-0.001671
-0.149221
0.129314
0.223113
0.112836
0.385605
0.103108
-0.104774
-0.051601
-0.061679
-0.198207
0.042289
-0.208590
0.023238
-0.118558
0.237565
0.050752
0.036807
0.054065
-0.139067
0.067462
0.044084
0.047817
0.345493
0.171644
-0.052492
0.177993
0.269734
-0.359796
0.134115
-0.053438
0.194681
-0.089933
0.156158
0.088157
-0.196930
0.150874
0.207295
0.183853
0.119155
-0.370400
-0.118595
-0.042020
0.044483
0.215928
-0.239134
-0.060484
-0.039958
-0.154666
0.177118
-0.093788
-0.164360
0.130462
-0.056633
-0.011479
-0.327863
0.084109
-0.030333
0.042543
-0.119302
0.032325
0.143952
-0.014569
-0.246948
-0.226854
-0.038918
0.041848
-0.038141
-0.257123
0.177871
-0.270219
-0.036307
-0.167321
0.078246
-0.128435
0.160247
-0.028368
0.175992
-0.189483
-0.019993
-0.081652
0.018792
0.052483
-0.137257
0.020631
-0.153236
0.034527
-0.066543
0.045102
0.076056
-0.199119
-0.033865
0.099853
-0.106874
-0.143786
0.024633
-0.177108
-0.068969
-0.042186
-0.005828
-0.043141
0.050958
0.024874
0.041016
-0.145147
0.077487
0.059127
-0.148184
-0.075255
0.022650
-0.070506
-0.057972
-0.055861
0.116802
0.035921
0.059381
-0.035525
0.029616
0.063069
0.126272
-0.028398
-0.138350
0.126279
0.251366
-0.120023
-0.075642
-0.007193
0.169631
0.073519
0.134557
0.034500
-0.079616
-0.085369
0.013395
0.116435
-0.182620
0.214557
0.126332
0.156085
-0.006439
0.081230
0.066307
0.095267
0.182076
-0.209966
0.114452
-0.042419
0.158146
0.139171
0.026611
0.195630
0.134043
-0.123128
-0.077288
0.038108
-0.181844
0.353454
0.073431
-0.171199
0.097716
0.038736
0.224333
-0.018096
0.215417
-0.053352
0.015054
-0.001432
0.010552
0.082184
0.098379
-0.004265
0.029885
-0.245294
0.094565
-0.073420
0.015243
-0.150201
-0.096460
-0.094148
-0.139184
0.196602
-0.115475
-0.064586
0.126952
0.001006
0.050192
0.097305
-0.091641
0.004317
0.040252
-0.031833
0.152692
0.114504
-0.176911
-0.247451
0.113633
-0.022170
0.049293
-0.045548
-0.099772
-0.055291
-0.050228
-0.092262
-0.080807
0.109745
-0.166780
-0.034614
-0.037789
0.083451
0.043885
-0.012902
-0.000225
-0.120645
0.104037
0.062178
-0.187275
0.097922
0.074849
-0.007735
0.001125
-0.114921
-0.033461
0.001488
0.303653
0.062903
0.108122
0.011220
-0.137384
-0.013217
0.080072
-0.186379
0.035055
0.085663
0.070299
-0.029523
0.074886
-0.010815
0.076395
0.177727
-0.059316
-0.204309
0.055796
-0.022165
0.083949
-0.062009
0.051383
0.071997
-0.017051
-0.140569
-0.047125
-0.075453
0.076704
0.026053
-0.005588
-0.107350
0.086890
0.047144
-0.025799
-0.023936
-0.120743
0.065385
-0.044983
0.086157
0.017066
0.041031
0.176860
0.222004
0.043161
0.048119
0.307548
0.186036
0.089916
0.044605
0.011678
-0.092555
-0.100844
-0.066130
-0.017929
0.138276
-0.175532
0.142691
-0.051315
0.014364
-0.111543
-0.027162
0.042453
0.069061
-0.164628
-0.002291
0.050489
0.180802
-0.030104
-0.102628
-0.017884
0.062523
-0.183455
0.030437
0.202850
-0.143690
0.145447
0.035839
-0.004646
0.050674
-0.061958
-0.240443
-0.025286
0.019153
0.141488
-0.069008
-0.062583
-0.145817
0.010879
0.089207
0.176531
-0.254162
-0.084843
-0.198127
0.088351
0.045665
-0.018746
0.180314
0.038315
0.085371
-0.353934
-0.021959
0.132124
0.251330
0.220034
0.114221
-0.034943
-0.266455
0.191236
0.086563
-0.003714
-0.023987
0.108505
0.285533
0.037986
-0.086301
0.163748
-0.185471
0.054334
-0.131100
0.030778
0.003757
0.048380
-0.018321
-0.040966
0.150369
-0.127229
-0.239987
-0.269093
-0.107154
0.110912
0.234889
-0.043213
0.010134
0.033288
0.139520
-0.023917
0.071298
-0.200337
-0.329068
0.001306
-0.090719
-0.027308
-0.153884
-0.057219
0.000611
0.138384
-0.048117
0.174107
-0.104059
-0.043923
-0.025123
-0.039682
0.141148
0.356679
-0.044841
-0.087375
-0.016812
-0.138133
0.005334
-0.091521
-0.224352
-0.139351
0.053695
0.156343
-0.003158
-0.032566
0.208335
0.223976
-0.004872
-0.171150
0.433377
0.007664
0.318202
0.023608
0.024507
-0.074980
0.042396
0.148837
0.065845
0.052790
0.139558
0.050894
0.131943
-0.164629
0.205163
-0.024183
0.225584
-0.076137
0.078227
0.006253
-0.183622
0.046648
0.110124
-0.129007
-0.063560
0.170073
0.017757
-0.050571
-0.156165
0.174551
-0.212619
-0.266590
-0.048427
0.022588
-0.472721
0.341112
-0.083606
0.003854
0.183891
-0.137021
-0.046798
-0.148031
-0.068896
-0.241176
0.020714
0.252928
0.048320
-0.138292
0.209698
0.004675
-0.330815
0.105027
0.175745
0.034225
0.017270
0.031709
-0.093003
0.037843
0.088274
-0.027331
0.062638
0.033823
-0.065568
0.000565
0.243801
-0.059014
-0.187921
0.099849
-0.023992
0.085499
-0.093649
-0.059221
-0.133944
-0.082619
0.000757
-0.011919
-0.065834
0.132983
0.106605
-0.174499
0.153042
0.057659
0.304578
-0.155798
0.195239
-0.025764
0.091140
-0.022519
0.050785
0.275913
-0.010633
0.096150
0.040672
0.282403
-0.047301
-0.013180
0.010038
0.114531
0.047531
-0.094424
-0.062904
0.075235
0.053445
0.123885
-0.005642
-0.018390
-0.125719
-0.211625
0.132081
-0.092224
0.067972
-0.168896
0.222690
0.057165
0.143581
0.014371
0.057844
-0.062438
-0.057884
0.006164
-0.011301
-0.148642
0.100604
-0.061761
0.049171
0.072447
0.014014
0.107877
0.070900
0.125478
0.061629
-0.207684
-0.097238
0.021370
0.098825
-0.071971
-0.041196
-0.102765
-0.034445
-0.148264
-0.212905
0.081951
-0.044534
0.107107
-0.042838
0.003375
-0.096717
-0.126730
-0.000350
-0.104300
-0.085210
0.263345
-0.072243
-0.100942
0.233572
0.147362
0.175849
0.210481
-0.089316
0.085971
-0.004671
-0.057991
0.097887
-0.081424
0.387319
-0.028677
-0.071790
0.240248
-0.029954
-0.242668
0.259484
-0.067426
-0.055308
-0.013024
-0.017759
-0.040090
0.042970
-0.136732
-0.229820
-0.011089
-0.003465
-0.054044
0.124998
-0.139089
0.021834
-0.021530
0.115448
-0.175422
0.047548
0.173741
-0.042749
0.033323
-0.034135
-0.178474
0.133800
-0.079212
0.072245
0.008273
-0.026051
-0.118596
0.063088
0.077037
-0.231659
0.144190
-0.062713
0.033826
-0.030638
-0.136702
0.101036
-0.299190
-0.020915
-0.138565
0.099260
0.113798
0.068589
0.042170
-0.161096
-0.174424
0.117482
-0.004046
0.047455
0.148030
0.088163
0.068849
0.026553
0.099397
-0.019249
-0.169850
-0.197428
0.095846
0.127201
0.087013
0.075185
-0.108667
-0.088192
-0.119482
0.199961
0.013157
0.093997
0.044632
-0.057843
0.216888
0.191578
-0.068190
-0.021523
-0.025053
0.104780
-0.013565
-0.174447
0.120226
0.120255
0.102693
-0.058914
-0.131074
-0.009531
0.046343
0.198242
-0.058305
0.132058
0.162812
0.162868
0.054486
-0.230896
-0.133330
-0.194278
-0.035701
-0.221033
0.048896
0.258110
0.110759
-0.095061
0.045274
0.191360
0.004691
-0.028530
0.129360
-0.280146
-0.001083
0.226588
0.075754
0.067473
0.104979
-0.090318
0.252415
0.141043
-0.047521
-0.145658
0.057849
-0.070186
-0.099957
0.182568
-0.011840
-0.136964
-0.053034
0.221642
0.093896
-0.049509
0.039651
0.010738
-0.060811
-0.146782
-0.088073
-0.002234
-0.118931
0.001090
0.028867
-0.091066
0.023586
-0.105611
0.137949
-0.060042
0.024229
-0.093168
-0.055360
0.043352
0.015435
0.078565
-0.037943
0.036347
-0.017410
0.090805
0.125637
0.115960
-0.112255
-0.162423
-0.075867
-0.086235
-0.013247
-0.046910
0.137260
0.008460
-0.045694
0.006590
0.103717
0.087367
-0.094935
-0.082951
-0.028994
-0.087107
-0.064656
0.114230
-0.033754
0.014153
0.000325
-0.042423
0.085289
0.008672
-0.175481
0.117990
0.048665
-0.076814
0.039232
-0.157999
-0.009995
-0.025920
0.062828
-0.128668
0.056164
-0.032067
0.032454
-0.063607
0.069602
-0.062399
-0.040389
-0.107607
0.014866
0.096044
0.034335
-0.070463
0.007049
-0.042354
0.070507
-0.155872
-0.150427
0.094425
-0.082697
-0.078292
-0.084645
-0.045376
-0.042180
-0.093651
0.041974
0.206709
0.193284
0.021260
0.063766
-0.053286
-0.162643
-0.030811
0.184659
-0.036885
-0.101498
0.014139
0.056760
0.044661
-0.045680
-0.038912
0.056498
-0.006431
-0.048639
0.071974
0.065124
0.054383
0.046230
-0.086932
-0.020982
0.075521
0.024263
-0.006936
0.085570
-0.011986
-0.021520
0.055783
0.081122
-0.080997
-0.009714
-0.046824
-0.110710
0.093119
0.005257
-0.086455
0.011686
-0.100029
-0.173110
-0.227356
-0.240577
0.033548
-0.031839
-0.030808
-0.012214
0.040279
-0.083468
-0.141954
0.135923
0.102771
0.031249
-0.038170
-0.086619
0.032779
-0.194913
0.087681
0.035894
0.020070
0.106694
0.011334
0.193548
-0.061125
-0.047920
-0.046008
0.024682
0.006738
-0.011779
0.091055
-0.027019
0.027596
-0.239410
0.207172
0.114890
0.002846
-0.027820
0.052773
-0.113381
0.142743
-0.081463
0.006125
0.068136
-0.035900
0.027076
-0.196963
-0.083031
0.288419
0.121494
-0.101260
-0.148852
0.052920
0.222951
-0.039042
-0.002482
0.097772
-0.080024
0.159356
0.103456
-0.028638
0.001159
0.051586
0.015759
0.050022
-0.140606
0.112076
0.002412
-0.239025
0.078362
0.028220
0.054698
-0.190658
-0.000125
-0.095734
-0.046355
0.055714
-0.057381
0.061767
-0.034633
0.050423
-0.065360
-0.042117
-0.045276
-0.037954
-0.205493
-0.095870
-0.284043
-0.266124
-0.029056
-0.083456
-0.048379
0.052864
0.039968
-0.044663
-0.063217
0.115554
-0.101378
0.003621
0.074025
0.025629
-0.074783
-0.001014
-0.030846
0.050195
-0.105734
-0.108488
0.014904
0.048468
-0.037988
0.090050
0.284759
-0.172678
0.065368
0.059338
0.177833
-0.011110
-0.151862
-0.133483
-0.058738
-0.038173
-0.060805
-0.200594
0.124335
-0.095288
-0.079368
-0.011866
0.063065
-0.074353
-0.000812
-0.041498
-0.005420
-0.059124
-0.170343
0.180111
-0.168752
-0.166717
0.022323
0.024287
-0.109745
-0.206244
-0.098922
-0.203853
-0.131607
-0.123731
0.037526
0.199746
0.045823
0.254240
-0.069157
-0.348740
-0.104322
-0.030552
-0.150783
0.051679
-0.325604
0.200779
0.067670
-0.030168
-0.183659
0.064923
0.260060
-0.026995
0.144316
-0.168479
0.144444
0.052705
0.126561
-0.224829
0.285675
0.063665
-0.046994
0.154240
0.190919
-0.316347
0.224330
0.075828
0.071550
-0.031449
0.082459
0.025665
0.153155
-0.060618
0.038207
0.053799
-0.203250
-0.244720
0.070528
-0.009624
-0.138089
-0.203909
0.063721
0.141221
-0.014095
0.067197
-0.269497
0.102570
0.064542
0.251010
0.133332
-0.116533
-0.130004
0.107294
0.133940
0.176939
-0.025835
0.020210
0.254961
-0.068878
-0.074510
0.104044
-0.145390
-0.122321
0.031100
0.075456
0.109052
-0.048923
-0.129569
0.063975
0.016338
0.102979
-0.135039
0.023766
-0.271850
0.107538
0.172726
0.150507
-0.012736
-0.093502
-0.398743
0.018003
0.031777
-0.032001
0.196817
-0.154530
-0.040125
0.194757
0.163516
-0.172521
0.240717
-0.005281
0.034033
0.098635
0.093394
0.244966
0.047130
-0.108038
0.038325
0.087564
0.090608
0.024818
0.122207
0.236280
-0.129543
0.125859
0.117948
-0.023518
0.079225
-0.053121
-0.025565
0.256911
0.207119
0.032878
-0.126768
0.132265
-0.223324
-0.004965
-0.092823
0.086700
-0.152323
-0.025052
0.060492
0.323782
0.018908
0.056836
-0.080389
0.098082
0.068140
0.044421
0.099490
0.049047
0.043663
0.116511
0.047419
0.030187
-0.125931
-0.143248
0.072320
0.191456
-0.042444
0.155926
-0.028593
0.020069
-0.131342
0.093205
0.052623
-0.186154
0.001950
-0.010046
-0.094504
-0.058433
0.122578
0.006396
0.027512
0.026993
-0.076155
0.136004
-0.160326
0.124100
0.021604
-0.000317
0.118459
0.126170
0.001415
0.066136
-0.070731
0.031979
-0.073447
0.024270
-0.108291
0.179347
-0.134725
-0.015930
-0.116888
0.005854
0.138656
0.034623
0.033880
-0.110593
-0.005370
0.192221
-0.093044
0.090072
-0.042962
0.150731
0.087638
0.072061
0.089559
0.080704
-0.076468
-0.046347
0.074637
-0.086341
0.012209
0.084418
-0.112515
-0.048879
-0.032680
0.092444
0.324774
0.061939
0.024054
0.000572
-0.024094
-0.001572
0.080360
0.065558
-0.038697
0.034479
0.152867
-0.217825
0.065177
0.210710
-0.035772
0.010531
0.042846
-0.014262
-0.009335
0.021286
-0.154704
-0.097487
0.010241
0.074918
0.020679
0.026536
0.156913
0.117369
0.058662
0.113326
0.007624
-0.050128
-0.057083
-0.018012
0.109736
0.173609
0.019801
0.056854
-0.017814
-0.004734
0.008389
-0.069263
-0.002388
-0.100692
-0.067948
-0.010549
-0.001781
0.098829
0.066680
0.054841
0.002685
0.102869
0.081304
0.030243
-0.079473
-0.015436
-0.226930
-0.084980
-0.076469
-0.269676
-0.099600
-0.255668
0.036630
0.073124
-0.084444
-0.022274
0.028792
0.180196
0.196231
0.041026
0.003096
0.032413
0.112542
0.085454
0.154087
-0.024739
0.024894
-0.006727
0.145798
-0.066300
-0.038657
-0.042592
0.027366
-0.001284
-0.001065
0.070244
-0.041785
-0.062250
-0.129012
0.076359
0.002705
0.098992
0.070940
-0.001145
0.218797
0.294018
-0.106299
-0.025078
-0.148184
0.207938
-0.251377
-0.159095
-0.007369
-0.127377
0.046535
-0.157917
-0.045342
0.158365
-0.009668
-0.092658
-0.156807
0.174552
0.075400
0.030052
-0.004330
0.091273
-0.143403
-0.257270
0.259226
0.143642
-0.101433
0.020573
-0.054673
-0.013492
0.039424
-0.081253
0.115988
0.036309
-0.120136
-0.150454
-0.122328
-0.195205
0.240816
0.223757
-0.022628
-0.134731
0.078081
-0.098669
-0.129456
-0.019263
-0.077967
-0.077321
0.080762
0.260588
-0.031929
0.022779
-0.028490
-0.133704
0.050369
-0.049806
-0.145064
-0.295739
0.151650
0.056802
-0.036169
0.104440
-0.216970
0.031990
0.196528
0.044705
0.018947
0.108697
0.106142
0.155353
0.014242
0.144098
-0.111243
-0.092874
0.120625
-0.072965
-0.052835
-0.018296
-0.054004
0.073316
-0.106316
-0.008429
-0.096456
0.172222
0.056802
-0.052300
0.094020
0.066024
0.077119
0.009230
0.064352
-0.329507
0.036896
-0.085967
0.073858
0.024926
0.125859
-0.002223
0.229108
0.002805
0.116410
0.025457
-0.116711
0.111192
-0.041512
-0.111309
-0.057268
-0.089954
0.056078
-0.123680
0.054697
-0.094797
-0.085944
0.001699
0.254035
0.105388
-0.154549
-0.072225
-0.193413
0.164131
-0.119708
0.145006
-0.053683
-0.051206
0.058490
-0.063602
0.042949
0.054185
0.169917
0.299289
-0.085742
0.063057
-0.220769
-0.061709
0.092454
-0.105146
0.065249
0.019749
0.097758
0.245879
0.000120
0.011441
-0.239115
-0.043172
-0.146024
-0.027081
0.188486
0.268680
-0.100541
0.284959
0.082714
-0.080678
-0.229097
0.035750
0.049877
0.065440
-0.069099
-0.249767
-0.005142
0.181397
-0.030727
0.163962
-0.089245
-0.134002
-0.221708
0.187530
0.013090
0.025954
-0.279417
-0.048997
0.055029
-0.085425
0.022887
-0.095574
0.069428
-0.022673
0.066716
-0.106924
0.188163
-0.071799
0.109868
0.014775
-0.101650
-0.162317
-0.103317
-0.115142
-0.015783
0.125151
0.183857
0.004628
-0.099581
0.328946
0.022500
-0.055153
-0.012668
-0.180420
0.151757
0.023594
0.165507
0.059758
0.011126
-0.063482
-0.019466
-0.288523
-0.005660
0.089104
-0.080387
-0.093303
-0.021081
0.108733
0.092147
-0.146352
-0.165841
-0.176602
-0.135985
-0.101784
-0.143115
-0.016558
0.052694
0.062825
-0.117321
0.082643
0.289919
0.084367
0.068751
0.023884
-0.002527
-0.120596
0.009033
-0.046143
0.132158
0.016041
0.015252
-0.219394
-0.032323
0.134767
-0.013601
-0.014766
-0.064991
-0.091702
-0.032741
0.006207
0.181880
0.121603
0.068896
0.133196
-0.066576
0.089324
0.060103
0.036525
-0.008600
0.064235
-0.066266
0.120985
-0.065355
0.157225
-0.144332
0.049170
-0.113916
0.199210
-0.064990
0.125570
-0.001423
-0.113151
0.048618
0.066968
-0.080646
0.074648
-0.053705
0.125613
0.104615
-0.041387
0.056306
0.212824
-0.010251
-0.213298
0.086361
-0.021159
0.149704
0.169589
0.033064
-0.011266
0.225757
-0.026731
0.023635
0.210149
0.017487
0.067296
-0.026112
-0.054184
0.138912
-0.111285
0.038031
-0.050913
0.029025
0.013474
-0.196918
0.079134
0.131744
0.009953
0.024627
0.028742
0.073465
-0.033050
0.036625
0.055753
0.064153
0.216886
-0.122469
-0.017897
-0.069320
0.172187
0.070772
-0.012103
0.003453
0.038394
-0.060372
0.121193
0.040735
-0.027908
-0.036048
0.134838
0.046928
-0.292883
-0.116619
-0.131709
-0.077974
0.142193
0.055590
0.019819
-0.110123
0.089570
-0.144554
-0.108964
0.069244
-0.084995
-0.104142
-0.011606
-0.041357
-0.104590
0.082185
0.022939
0.131306
0.396728
-0.155578
-0.174013
0.022960
-0.007690
-0.001617
0.126840
0.010811
-0.103102
0.081228
0.116817
0.002970
0.165930
-0.039600
-0.018901
0.033099
-0.023133
-0.154408
-0.101815
0.025119
0.076976
0.323295
0.015856
-0.027629
0.181826
0.210129
0.171553
0.021347
-0.080386
0.150626
-0.067792
0.011164
0.028937
0.182273
0.109518
-0.079422
-0.098116
-0.049042
0.085958
-0.096068
0.113602
-0.042132
0.129648
-0.116244
0.016297
-0.131091
0.047774
0.122425
0.040259
0.167837
0.075596
0.294294
0.084109
0.034188
-0.340103
0.141235
0.275449
-0.163824
0.121269
0.194164
-0.046453
0.032223
0.070329
-0.192488
0.191970
-0.127601
-0.211082
-0.109110
0.152886
0.052848
0.212152
-0.089243
0.226559
0.079957
-0.022531
-0.013055
-0.171539
0.121441
-0.079886
0.118420
-0.078949
-0.020073
-0.136666
-0.020450
0.211539
0.213739
-0.012882
-0.152460
-0.000864
-0.015689
-0.030712
-0.017113
0.007856
0.026313
0.005552
0.027439
-0.144047
0.111173
0.114912
0.048323
-0.048302
-0.039085
0.037047
0.068870
0.034271
-0.012883
0.233576
-0.135113
0.041680
-0.017600
0.020500
-0.132317
0.114117
-0.511088
-0.097182
-0.035930
-0.150389
0.222969
-0.103293
-0.103264
-0.066981
0.066709
-0.000053
0.006596
0.115586
-0.088531
-0.007137
-0.071973
0.193578
-0.072500
0.036915
0.044268
-0.003950
0.136192
-0.047647
-0.087131
0.060290
-0.032507
-0.134934
-0.069719
0.081461
-0.000223
-0.168896
0.106117
0.158041
0.301522
-0.011445
0.193344
-0.195475
0.244349
-0.255955
-0.016876
0.081306
-0.244671
0.070078
-0.055334
-0.022701
-0.099812
-0.245756
0.036513
0.073328
0.058083
0.100611
-0.156490
0.115362
0.056827
0.010473
0.125310
-0.267867
-0.112747
-0.197202
0.012310
0.165563
-0.111118
0.085923
-0.091628
-0.049089
0.004184
0.000296
-0.121968
0.040528
-0.014748
0.095420
-0.124116
0.277274
0.090955
-0.080418
0.032514
0.057915
0.120725
-0.033227
0.053489
0.126807
-0.170366
-0.060401
-0.171620
-0.206191
-0.008244
0.162364
-0.213302
-0.082170
-0.022864
-0.027949
0.038775
0.058341
-0.152442
0.002817
0.074261
0.002505
0.014325
-0.109021
-0.010344
0.076341
0.160939
0.060092
0.122863
0.041896
0.013648
-0.008060
-0.052952
0.104779
-0.042732
0.138201
0.108747
0.105528
0.314026
0.045707
-0.148902
-0.213845
0.008463
0.048796
0.111068
-0.095059
-0.047574
0.004414
-0.087301
-0.209819
0.045271
0.156831
-0.049814
0.168381
-0.174815
0.000686
0.043680
-0.120392
0.160832
-0.054251
0.065621
-0.358270
-0.211926
-0.062997
0.124149
-0.118457
0.052091
-0.052577
-0.031617
0.062013
-0.161137
-0.022451
0.052667
0.075793
0.115735
-0.051829
-0.119820
0.165774
-0.134608
-0.012582
-0.167983
0.081878
0.102668
-0.192195
0.023448
-0.055750
-0.167423
0.069862
-0.074711
-0.019284
-0.150252
0.085928
0.022546
-0.159743
-0.026759
-0.033321
0.028562
-0.183690
-0.026569
0.008527
0.133128
0.024516
0.071628
-0.029443
0.055826
-0.094280
-0.079487
-0.178089
0.074239
0.260648
0.167500
-0.086735
-0.040016
-0.047979
-0.049395
-0.079081
-0.027146
0.115355
0.122462
-0.012905
0.141339
0.073955
0.104166
-0.066416
-0.040420
0.047431
0.117128
0.029284
-0.067846
-0.151599
0.013328
-0.068229
-0.271497
0.061372
-0.156285
0.019811
-0.409577
0.040902
-0.167207
0.240369
-0.035707
0.457061
0.128493
0.139175
0.079513
-0.045276
-0.095012
0.032029
0.002413
0.125187
0.026019
-0.378334
-0.055990
-0.058625
-0.036021
0.073139
0.191759
-0.041054
-0.028072
-0.128626
-0.053338
-0.088262
-0.205307
0.053402
-0.001863
-0.076332
0.111427
0.098374
0.102572
0.007038
0.024912
-0.082888
0.067828
-0.029742
-0.043026
0.111695
0.026132
0.285565
-0.124322
-0.105298
-0.052849
0.014048
0.056161
0.134753
0.119842
0.005066
0.078190
0.073566
-0.139922
-0.049236
-0.210878
-0.007968
0.037688
0.071910
0.132362
-0.111429
-0.117697
-0.164348
-0.066274
0.137659
-0.017521
-0.099807
0.027684
0.078728
0.018594
-0.018063
0.066631
-0.084072
0.090261
-0.141332
-0.055025
0.146297
0.075557
0.138644
-0.055823
0.247132
0.225924
0.005590
0.033519
-0.102420
-0.200756
-0.073883
-0.044817
0.053816
0.196629
-0.232826
0.068891
0.152202
0.020954
-0.019885
-0.075515
0.067705
0.006508
-0.020676
0.115941
0.021789
-0.102273
-0.260007
0.039942
-0.107166
-0.063725
0.145202
0.065687
-0.113035
0.252038
-0.006754
0.066594
0.044292
0.126522
-0.090227
-0.085937
-0.097816
0.063830
-0.163682
0.133188
-0.027473
-0.009497
-0.157764
0.013328
0.080454
-0.029651
-0.109973
-0.001103
0.098648
-0.015040
-0.038810
-0.256857
-0.084723
-0.220365
0.130208
-0.079130
-0.068467
-0.488228
-0.034843
-0.095440
-0.038514
0.098237
0.239144
0.090036
0.116718
0.044367
0.109722
-0.075475
-0.007035
-0.112643
0.131221
0.062654
-0.153307
0.157617
-0.109513
-0.144584
-0.098843
0.083986
-0.018808
0.097024
-0.169609
0.016064
0.130105
0.003532
-0.098599
-0.032428
0.077992
-0.084058
0.051376
-0.036749
-0.159713
-0.000614
-0.018957
-0.053942
0.129227
-0.129983
0.120709
0.021781
-0.115677
-0.047592
0.106259
-0.059658
-0.147458
-0.006920
-0.016944
-0.028866
-0.014151
0.144478
-0.029759
-0.165195
-0.053656
-0.377577
-0.118391
0.112062
-0.288735
-0.151277
0.135579
0.104782
-0.022381
-0.039339
-0.090796
0.053152
0.071318
-0.054689
-0.114365
-0.050768
0.068911
-0.072018
-0.187280
-0.030367
0.024666
0.193125
0.144073
-0.028816
0.078908
0.129125
-0.018807
-0.152637
-0.101677
-0.044518
-0.024734
-0.019703
-0.008348
0.103148
-0.071822
-0.023924
-0.005363
0.064244
0.098189
-0.012644
0.090474
-0.157627
0.066092
0.019434
0.084315
0.012714
0.042567
-0.016733
-0.011805
0.007439
-0.110018
0.044260
-0.212957
-0.052557
-0.087043
-0.039822
-0.139377
0.191809
0.012898
0.087527
0.034878
0.159057
0.118924
-0.093061
-0.101153
-0.042215
-0.037355
0.018008
0.090024
0.065932
0.061029
-0.044393
0.005009
0.019164
-0.082586
-0.037725
-0.190653
-0.032817
-0.136290
-0.030504
0.074668
0.073767
0.133615
-0.007246
0.009396
-0.121944
0.092664
0.041330
-0.137149
-0.078821
-0.057807
-0.072443
0.075903
-0.081609
0.131901
0.348142
0.016221
0.053006
0.136568
0.121596
0.050044
0.105083
0.221003
0.028634
-0.083961
0.048189
-0.059974
-0.048332
0.012705
-0.061506
0.149273
0.016355
0.045404
0.088255
0.066110
-0.163315
-0.082755
-0.077484
0.039462
0.079500
0.016993
-0.030185
0.057038
0.109126
-0.334925
0.163393
-0.190934
-0.016390
0.076525
-0.060850
0.082883
-0.061091
-0.037251
-0.121250
0.154046
-0.137175
-0.017563
0.044631
-0.105093
0.030337
0.007892
-0.146041
-0.078563
0.021092
-0.063512
-0.116208
-0.063938
-0.062837
0.042935
-0.013573
0.040024
-0.073978
-0.324891
-0.093037
-0.155158
-0.003876
-0.062015
-0.072987
-0.161915
-0.089804
0.031533
0.005285
0.042732
0.067473
-0.027710
-0.145809
0.082997
-0.027307
-0.100503
-0.060756
-0.036111
-0.029814
0.000154
0.114520
-0.048560
-0.075649
0.008904
0.036360
0.116783
-0.051615
-0.164127
-0.025450
-0.118861
-0.002767
-0.107137
-0.090755
-0.056929
0.007898
0.069557
-0.063463
-0.108994
-0.176799
0.034188
0.136090
-0.106108
-0.078153
-0.077945
0.049717
0.069798
0.064476
-0.180126
0.028749
0.132889
-0.192763
0.101056
-0.000455
-0.084137
-0.025460
0.199329
-0.044535
-0.210319
0.164839
0.021781
0.012535
-0.111312
0.079980
0.106954
-0.003425
0.019728
-0.035666
0.094812
0.016290
0.124170
-0.102262
0.054385
0.089423
-0.001839
-0.044313
-0.051779
-0.096258
0.154943
-0.011972
-0.015456
0.109380
0.151907
-0.051136
-0.064532
-0.029808
-0.031732
0.156944
0.074249
-0.010214
0.029008
0.040601
0.018554
0.088743
0.130976
0.027734
0.282411
-0.044350
0.065948
-0.007774
0.033375
0.029820
0.022272
-0.225716
0.088603
-0.062383
-0.100222
-0.033797
0.201918
-0.027404
0.125632
0.010633
0.045488
-0.067406
-0.004255
0.003926
0.289021
0.019384
-0.026771
0.002628
-0.127485
-0.215269
-0.021660
-0.104338
-0.098280
-0.034940
0.053793
-0.139433
-0.090140
-0.271882
0.087288
-0.025809
0.013420
0.051138
0.082926
0.016173
0.022329
0.185950
0.105170
-0.015319
0.048559
0.185360
-0.152062
-0.009778
0.068395
-0.026210
-0.125051
-0.232721
-0.114015
-0.007581
0.048125
0.078250
0.026670
0.083262
0.159026
-0.179799
-0.013318
0.033350
0.057783
-0.122412
-0.373150
0.080337
-0.112311
0.291562
-0.055868
-0.032397
-0.256492
0.073801
0.021744
-0.076792
-0.176161
0.038984
-0.107635
0.044778
-0.182588
0.152653
0.014378
-0.223456
-0.027248
0.137255
-0.001056
0.167550
0.132620
0.002001
-0.109571
0.148226
0.125930
-0.034269
-0.131787
-0.016288
0.024840
-0.184611
-0.060155
-0.074058
0.019242
-0.027486
-0.052587
0.087151
-0.032691
-0.024826
-0.020184
-0.249983
-0.157465
0.229871
-0.122766
0.154761
-0.007270
-0.148274
-0.165949
-0.114569
-0.075115
0.214808
-0.033086
0.107726
-0.124563
0.110983
-0.143635
-0.088657
-0.085100
-0.034900
-0.150097
-0.096572
-0.031024
-0.119693
-0.036419
-0.206863
-0.345110
-0.080402
-0.050695
0.281955
0.078911
0.037215
-0.040619
-0.104444
-0.123824
0.118049
0.171376
-0.026713
-0.098044
0.069831
-0.060606
-0.179484
0.023142
0.135754
0.109219
-0.039834
0.012968
0.076956
-0.004470
-0.092822
-0.338290
-0.149787
0.070455
0.167498
0.117505
0.005949
-0.189706
-0.174159
0.089876
-0.099120
-0.084744
0.053408
-0.017938
0.022169
-0.022444
-0.040152
-0.041680
0.015838
-0.001879
0.040721
0.048820
0.073350
-0.337668
0.121000
0.066811
-0.011061
-0.115691
-0.033964
-0.087282
0.014099
0.069133
-0.079854
-0.173396
-0.165745
-0.134239
-0.083124
-0.165395
0.022430
-0.230267
-0.153628
-0.096886
-0.002445
-0.016447
-0.097678
-0.089417
-0.100433
0.090722
0.019061
-0.076482
0.099443
0.019819
-0.288036
0.020628
-0.085390
0.031947
-0.073793
0.035722
0.032055
0.067508
0.180181
-0.010128
0.436764
0.122376
-0.037680
-0.120996
-0.021219
0.195525
-0.119974
0.143223
0.014262
-0.042799
0.108213
0.079813
0.205455
0.025450
-0.196938
-0.072032
-0.081321
-0.052643
0.030335
0.012762
0.117636
-0.082471
-0.121605
0.026111
-0.027676
0.104293
0.034890
0.026372
0.023694
-0.102031
-0.232276
-0.150731
-0.026726
0.072522
0.165272
-0.077253
0.141459
0.085997
0.033760
0.058981
0.085538
-0.278508
-0.061267
0.218154
-0.238608
-0.299251
0.061399
-0.332408
-0.069419
-0.036023
0.140662
-0.059793
0.014770
-0.098530
-0.184807
0.026848
-0.049558
0.035741
0.164144
0.007477
0.009570
0.136613
0.068654
-0.090211
0.128061
0.204950
-0.005505
0.051662
-0.057574
0.200719
0.001201
0.111673
0.174137
0.224384
-0.118149
-0.049644
0.152259
0.056524
-0.059387
-0.117956
0.109784
0.111410
-0.247360
0.079155
-0.130335
0.083851
0.108158
-0.071769
0.108004
0.100898
-0.089182
-0.050889
-0.170234
0.193113
-0.050737
-0.003353
-0.138677
0.026276
-0.045484
-0.060217
0.118065
0.182925
0.013034
-0.060657
0.129604
0.116618
-0.046766
-0.001543
0.205424
-0.005041
-0.039472
-0.013833
-0.244548
-0.147903
0.333459
0.065396
0.365823
-0.084328
-0.034522
-0.086873
0.032592
0.002932
-0.042340
-0.075844
0.249105
0.136879
-0.023289
-0.113286
-0.140937
-0.123135
0.074965
-0.041294
-0.027561
-0.189381
0.009760
0.340548
-0.181022
0.194966
-0.099452
-0.057278
-0.057510
-0.178689
-0.173846
0.195419
0.027391
0.182611
0.061555
-0.214822
0.026219
-0.097525
0.159309
0.108967
-0.022513
-0.152578
-0.176790
-0.091864
0.036568
-0.125126
-0.107663
-0.101869
0.010449
0.072360
-0.118137
-0.072512
-0.096175
0.058638
0.166784
0.070407
-0.087632
-0.153101
-0.067551
0.014913
0.127587
-0.018218
0.128647
-0.019593
-0.140772
0.005700
-0.184175
-0.107988
0.055354
-0.376502
-0.032185
-0.084716
-0.166002
0.034918
0.084813
-0.192034
0.252811
-0.168403
0.044305
0.124294
0.083905
-0.115377
-0.019718
0.118847
-0.155504
0.265126
0.078368
0.087679
-0.256867
0.046346
0.000565
-0.101636
0.278456
0.114946
-0.059463
-0.116846
-0.077440
-0.335291
0.256942
0.050259
-0.154832
-0.047684
-0.187739
-0.148534
-0.036145
-0.119934
0.030503
-0.258318
-0.238318
0.162642
-0.220259
-0.145911
0.129199
0.067711
-0.008056
-0.032298
0.177580
-0.188413
-0.149010
0.150740
-0.052663
0.187010
0.112811
0.148101
0.034139
-0.062624
0.053911
0.237932
0.118567
-0.134254
0.066627
0.165657
-0.098862
-0.203270
0.238495
0.041755
-0.051958
0.068093
-0.000672
0.104943
-0.103611
0.061264
0.106683
-0.064818
-0.078369
-0.029207
0.027131
-0.114436
-0.060295
-0.147424
-0.050971
0.007380
0.002554
0.049022
-0.087270
-0.174367
-0.236091
0.100003
-0.135801
0.119218
-0.156521
0.116943
0.066277
-0.077778
-0.003637
-0.162560
-0.310920
-0.044496
-0.040026
-0.020956
0.014938
-0.031422
-0.070197
0.111458
0.076966
0.100853
0.131626
0.060650
0.175734
0.140930
0.031642
0.166579
-0.088372
0.148492
-0.075987
-0.074714
0.096888
0.134687
0.212394
-0.002460
0.074928
0.077598
-0.155707
0.029499
-0.160468
0.095122
0.085550
0.297093
-0.085627
-0.034397
0.092482
0.155379
0.055132
-0.108586
0.089428
-0.066966
0.156873
0.077262
-0.086687
-0.100844
-0.140236
0.071162
0.171943
0.173982
-0.076845
0.015223
-0.080925
0.101765
0.009879
-0.237196
-0.038804
-0.016718
0.077874
0.114010
-0.156823
-0.012309
0.208388
-0.111314
-0.034813
0.147324
-0.159579
-0.161239
0.118558
0.253697
0.096161
-0.070912
-0.000064
-0.001131
0.012545
0.214190
-0.060854
0.151206
-0.112428
-0.050544
0.016345
-0.026743
0.031877
0.289816
0.032466
0.029325
0.005441
-0.076870
0.107849
-0.044152
-0.043614
0.114565
0.269471
-0.151023
-0.074943
0.173418
0.075630
-0.157182
0.031304
0.134645
0.058643
0.022435
-0.110278
-0.130987
-0.221723
0.137846
-0.024411
0.119177
0.235057
-0.076225
0.070177
0.319890
0.161021
0.247309
0.114731
0.135536
0.122456
0.064473
0.043905
0.144195
-0.008025
-0.097683
0.102965
0.107477
0.019412
0.016385
0.000138
-0.126301
-0.136275
-0.083258
0.018202
-0.108710
-0.018713
-0.038329
-0.068903
0.006747
-0.047521
-0.013418
0.140743
-0.009509
0.362176
0.033426
0.062513
0.105711
-0.095112
-0.006613
-0.180382
0.214259
-0.017539
-0.099567
0.054495
0.068559
0.060133
-0.057882
-0.008383
0.051561
0.177471
0.049302
0.387486
-0.247404
0.103932
-0.313854
-0.080841
0.070406
-0.065890
-0.164065
0.121190
-0.057693
-0.004693
0.251157
0.053283
-0.064672
-0.169124
0.033411
-0.297282
-0.237655
-0.300271
0.141303
-0.148134
0.201805
-0.143644
0.022993
0.023536
0.041151
-0.159185
0.057250
0.012842
-0.056341
0.093615
-0.009664
0.171274
-0.005888
-0.041697
-0.029500
-0.145260
-0.013858
-0.293400
0.483743
0.077700
0.217810
-0.100066
-0.106044
-0.305083
-0.130567
0.081421
-0.123591
-0.068010
-0.058907
0.014660
-0.096451
-0.072567
0.000439
-0.009780
-0.058348
-0.000734
-0.102871
0.270778
-0.272383
-0.371528
-0.117777
0.084192
0.079026
0.098988
0.178913
0.025213
0.303224
0.042943
0.145436
0.133959
-0.076794
-0.013163
-0.134256
-0.080721
0.028714
0.107685
-0.017525
0.078381
0.000459
-0.220580
-0.021583
0.020031
0.070569
0.036008
0.115614
-0.079735
-0.201130
0.016614
0.004904
-0.142053
-0.051954
0.058484
0.169483
-0.162571
0.003446
-0.127297
0.120402
-0.156101
-0.078420
0.308026
0.012610
0.138822
0.074183
-0.015165
0.127753
0.014686
-0.188279
0.274613
0.023902
0.099758
0.054710
-0.064685
0.119774
-0.195430
0.017535
0.240044
0.110116
0.048961
-0.048643
0.159731
0.201288
0.099621
0.273285
-0.096086
0.041258
-0.213510
0.099224
0.041446
-0.234347
-0.107408
0.114030
-0.029139
0.033395
-0.155285
0.065319
0.102867
-0.065648
0.254355
-0.235213
0.021946
-0.005515
0.253450
-0.180164
-0.130035
0.345123
0.001633
-0.040775
-0.122193
-0.044319
0.067067
0.009576
-0.018468
0.041833
-0.198143
-0.003781
-0.104882
0.248056
-0.226790
0.125347
0.090546
0.128693
0.022416
-0.029499
-0.163460
0.103679
0.275445
0.045032
-0.228230
0.007161
-0.136973
0.020511
0.066054
-0.125539
0.185641
-0.110806
-0.024786
0.259624
0.109714
0.086268
0.019227
0.145074
0.002975
0.149474
0.262808
-0.127970
-0.063668
-0.056198
-0.096641
0.102271
0.047663
0.135969
0.079223
-0.092108
-0.023402
-0.043218
0.083926
0.005069
0.159479
0.016790
0.030603
-0.035309
-0.406617
0.068932
0.087914
-0.032299
-0.013497
-0.089789
-0.048806
0.054998
0.184178
0.185144
0.133557
-0.246705
-0.062302
0.132720
0.066688
0.251345
0.125810
0.038794
-0.103992
-0.151179
0.157864
0.276401
0.052891
0.057933
0.319373
0.104858
0.065050
-0.030381
0.068378
-0.139623
0.096834
-0.195510
-0.006143
-0.026994
-0.161173
-0.020161
-0.040036
0.026584
0.142188
-0.284122
-0.023405
-0.093042
0.007704
0.074296
0.303918
0.006633
-0.189655
-0.356526
-0.128230
-0.157809
0.165960
0.006556
-0.047122
-0.115245
0.074644
-0.020901
0.102823
0.007309
-0.030976
-0.138934
0.019989
-0.079734
0.103165
0.056637
0.002288
-0.173048
0.028272
-0.034292
0.111535
-0.068856
-0.065498
-0.127330
0.112966
-0.091786
-0.022886
0.042838
0.001308
0.047106
0.020036
0.059794
-0.066344
-0.100451
0.027788
0.048052
0.023179
0.020354
0.074024
-0.071602
0.062798
0.044768
-0.042071
0.007624
-0.011788
-0.298143
0.203605
0.003267
-0.093892
-0.047691
-0.014445
-0.241946
-0.124747
-0.137272
-0.189514
-0.044693
0.230041
-0.088923
-0.085717
-0.040530
-0.097360
-0.193945
-0.077424
0.132752
-0.018631
-0.080253
-0.053093
0.104645
-0.015101
-0.284406
-0.129157
0.195167
-0.021640
-0.007712
0.193238
-0.179374
0.082603
0.039891
0.049768
0.071690
0.000309
-0.034350
-0.079702
-0.028931
-0.088430
-0.104935
-0.019511
-0.106924
0.027066
0.143875
-0.077181
-0.041813
0.017682
0.107342
0.065503
0.002295
-0.037611
0.006405
-0.000476
0.078343
-0.029499
-0.060228
-0.007894
-0.064961
0.113858
-0.100161
0.047326
0.091966
-0.030280
-0.050006
0.066317
0.062173
-0.038093
-0.162655
-0.088704
-0.173425
0.198789
0.120699
-0.009373
0.079330
-0.001686
0.078823
0.108019
0.040070
0.134742
0.051345
0.127458
-0.092707
0.002045
-0.079690
-0.039011
-0.014683
0.202811
-0.087376
0.222032
-0.074567
0.191249
-0.253195
0.057947
0.137909
0.204705
0.048783
0.009113
0.009615
-0.072829
-0.104524
-0.132295
-0.352103
0.192210
-0.130685
-0.164663
-0.221684
-0.262963
-0.164011
0.210090
0.211618
0.002135
-0.051803
0.216313
-0.031060
0.142624
-0.001634
0.014474
0.068273
-0.148474
-0.096356
0.032513
0.063275
-0.169831
-0.072784
0.069160
-0.041460
0.102047
0.037999
0.008213
-0.267510
0.094005
0.264147
0.154138
0.194840
0.105123
0.026746
0.239684
-0.078876
-0.083643
0.269837
0.259300
0.034878
-0.119814
0.273188
-0.172710
0.052693
-0.055481
-0.315772
-0.176102
-0.168093
-0.051918
0.221843
0.248246
-0.185002
-0.247735
0.260165
0.105308
0.158046
-0.033464
-0.379946
0.229953
-0.024815
0.044767
-0.051818
-0.119486
-0.021088
0.007825
-0.198490
-0.089665
0.118032
0.087413
0.145519
0.019770
0.153046
0.144869
0.122833
0.148462
0.064878
-0.079199
0.308091
-0.132165
-0.033099
-0.019955
0.005420
-0.185952
0.089653
0.215380
-0.024102
-0.011059
-0.009457
0.146637
0.032395
0.088062
0.090146
-0.037924
0.204587
0.092575
0.109978
0.059430
-0.032023
0.051419
0.175799
-0.214717
0.138362
-0.069674
0.053459
0.280826
-0.108769
0.277064
-0.053169
0.105484
0.220739
0.217474
-0.061156
-0.229041
0.062601
-0.005528
0.067387
-0.064767
0.200531
0.255463
-0.243793
0.087264
-0.074601
-0.148857
0.037448
-0.040797
0.051855
0.152639
-0.209802
-0.272181
0.062333
0.061923
-0.163502
-0.334247
-0.044830
-0.066434
-0.148285
0.134275
-0.097506
0.047934
-0.111972
0.094793
-0.069734
0.248055
0.026071
0.084166
0.191295
0.096003
-0.025637
-0.154632
0.360238
0.039636
-0.088562
-0.281463
0.057689
-0.144629
0.105314
0.169803
0.077758
-0.078417
0.079951
0.015503
0.204536
-0.039065
0.124726
0.143087
-0.156101
-0.004652
0.177908
0.124197
-0.206421
0.147179
-0.177602
-0.081242
-0.106241
0.123118
-0.115006
-0.165555
-0.169947
-0.090768
-0.174525
0.102351
-0.062250
-0.357060
0.013932
0.024867
-0.058356
0.237995
-0.028281
0.083581
-0.287650
0.038949
-0.011814
-0.078331
-0.134109
-0.089375
-0.110692
0.120817
-0.103460
0.063715
-0.178664
0.044180
0.037137
-0.090539
0.092018
0.005438
0.186588
0.295179
-0.007281
-0.020053
-0.042579
0.045633
0.133473
-0.401616
0.126005
-0.079207
-0.142375
-0.073436
-0.002466
-0.122754
-0.048469
-0.082709
0.051828
0.086545
0.141820
-0.164987
0.144335
-0.063920
0.395018
0.095385
-0.035774
-0.153020
-0.029236
0.021202
-0.041073
-0.012546
0.101596
0.145955
0.091345
-0.057370
0.039421
-0.062494
-0.116179
-0.005401
0.068625
0.067189
0.048296
-0.034411
0.023784
-0.039594
0.070323
-0.161013
-0.055888
-0.178824
-0.078304
0.042306
0.037697
-0.035597
0.020715
0.137367
0.057824
-0.011693
0.016538
-0.138276
-0.038314
0.006459
-0.115809
-0.132358
-0.082727
0.059236
-0.073450
0.141774
0.097373
-0.039808
0.022765
0.007954
0.201023
-0.163235
-0.061521
0.068482
0.055020
-0.159181
0.153732
-0.010911
0.152503
-0.159104
0.029881
-0.154002
0.159633
0.082697
-0.014294
-0.034059
-0.048394
0.054302
-0.081059
-0.116502
0.046264
0.005998
0.006146
-0.062708
-0.096286
-0.114923
-0.017406
0.046367
0.098506
-0.372848
0.114400
-0.009134
-0.121224
-0.079398
0.031765
0.002508
0.038226
-0.039639
0.164527
-0.049693
-0.023508
-0.038351
0.094140
-0.088328
0.113290
-0.139485
-0.055506
0.107998
-0.347417
-0.091065
-0.050366
0.032852
0.003063
-0.019596
0.096910
0.073391
0.070531
0.158305
0.042394
0.134372
-0.040763
0.100020
0.105175
0.098097
-0.054408
-0.034230
0.044515
0.075556
-0.083204
-0.084122
-0.091559
0.102808
-0.173722
0.267243
-0.051077
0.131568
0.033984
0.054653
-0.029438
0.058207
-0.288706
-0.008739
-0.014607
-0.181995
0.099590
0.121943
-0.146046
0.162766
-0.044524
-0.055958
0.071075
0.073340
-0.155034
0.053482
0.253236
0.014633
-0.031623
0.067515
0.058672
0.101622
0.092195
-0.138676
-0.116039
0.119440
-0.040063
-0.227201
-0.087848
-0.152704
0.051791
0.092656
0.042131
0.018828
-0.060676
-0.049618
0.092944
0.163917
0.081963
0.018618
0.029857
0.189798
0.279739
-0.055184
0.010559
-0.010149
-0.048023
0.045954
-0.136036
0.080481
-0.044599
0.062040
0.073109
-0.114733
-0.046890
0.109185
-0.153267
-0.216014
0.018907
0.124028
-0.165689
-0.095654
-0.137075
-0.198725
-0.018193
-0.007431
0.083219
-0.121964
-0.051780
0.155231
-0.058047
0.073352
0.068296
-0.032745
-0.025157
-0.017112
-0.148247
-0.197992
0.024712
0.059412
0.230587
0.029686
0.038446
0.190819
-0.102147
0.160251
-0.024062
0.099571
-0.108692
-0.154720
0.097359
0.093915
-0.157710
0.090186
-0.065608
0.010657
0.055352
-0.195329
0.060614
0.041845
0.027001
0.031247
0.146417
0.036454
0.090686
0.012901
-0.131080
-0.153486
-0.126502
0.047493
0.063861
-0.177144
0.002178
-0.006566
0.039813
-0.075525
0.255616
0.097681
-0.082995
-0.047603
-0.082084
-0.137104
0.038330
0.020684
0.001757
0.335840
-0.022518
0.045008
0.152073
-0.079526
-0.064645
-0.121460
-0.063481
-0.001066
0.052426
-0.299850
-0.088030
0.006659
0.056798
-0.154540
-0.234588
-0.022127
0.134361
-0.051898
0.115600
-0.267079
0.066787
-0.115247
-0.094397
0.024303
-0.149937
0.270267
0.003946
0.078955
-0.007088
-0.131378
-0.057795
0.065807
-0.219711
0.125219
-0.206888
-0.056194
0.008645
0.160521
0.043783
-0.050954
-0.008027
-0.069761
0.068940
0.152033
-0.072347
-0.128227
0.092434
-0.025693
-0.399124
0.043971
-0.154568
0.023713
0.031369
0.355764
-0.045724
-0.123206
0.005881
-0.011638
-0.060063
0.054711
-0.062486
0.017942
-0.043107
-0.006396
-0.140813
-0.059793
0.045684
-0.019919
0.009116
-0.103238
0.006617
-0.068414
-0.152429
-0.237941
-0.026618
-0.041003
0.050777
0.044953
-0.202676
0.159473
0.229747
0.219355
0.127147
0.100807
0.095543
-0.272336
-0.051384
-0.004365
-0.463353
0.018065
-0.119341
-0.100966
0.038664
0.003393
0.167725
0.174567
-0.400912
0.130644
0.041607
-0.048664
-0.109845
-0.014043
0.018080
0.075186
-0.069314
0.186699
-0.110862
-0.034478
0.139995
-0.154987
0.045592
-0.246893
0.104655
-0.020682
0.148763
-0.096722
0.086904
0.129051
-0.121520
-0.017335
0.167848
0.057697
-0.030225
0.144013
-0.042070
-0.090861
-0.098890
-0.070064
-0.038274
0.258628
-0.086864
-0.285319
-0.099808
-0.028625
0.087903
-0.003531
-0.097257
0.056699
0.082395
0.129431
-0.032004
0.107665
0.210947
-0.127013
-0.052590
0.046486
0.000132
0.052701
-0.079645
-0.033823
-0.100788
-0.113729
-0.094291
-0.167662
-0.028848
-0.141324
0.148535
-0.110342
0.109025
0.004819
-0.186782
0.002751
0.052772
0.028888
-0.054309
-0.001625
0.070447
-0.029907
-0.110625
-0.003682
0.131755
-0.035929
0.077735
0.161938
-0.073389
-0.097318
-0.168626
0.058428
-0.079631
-0.076324
0.195517
-0.148110
-0.111768
0.042740
0.356415
-0.058852
-0.097304
0.002244
-0.038321
0.053772
0.153179
0.132898
-0.021434
-0.068685
0.161274
-0.005425
-0.151189
0.224067
-0.287134
0.050211
-0.053715
-0.100957
-0.070753
-0.147829
-0.116419
-0.004981
0.012682
-0.125278
-0.021593
0.076540
0.092388
-0.093402
0.100668
0.016877
0.033253
-0.037128
0.121362
-0.049683
-0.031294
-0.046527
0.021200
-0.115177
0.040637
-0.123733
-0.022432
-0.118689
-0.036012
-0.144174
0.054541
0.102168
0.066359
-0.040340
-0.061675
0.017211
0.087918
-0.020074
0.035300
-0.074362
0.021828
0.103994
-0.104928
0.179119
-0.056826
-0.077505
0.232617
-0.084518
-0.080302
-0.061352
-0.001661
0.081815
-0.044112
0.045669
-0.092875
-0.010261
0.098507
0.073526
-0.061398
-0.033813
0.073868
0.006380
-0.246828
-0.016880
-0.043408
-0.256794
-0.108734
0.036080
0.005380
-0.005127
-0.011127
0.009618
-0.077849
-0.079335
-0.050704
0.089506
0.076350
0.039226
0.008833
0.104657
-0.038890
0.140034
-0.013376
0.062251
0.073675
-0.143772
-0.287855
-0.003747
0.005651
-0.190303
-0.076886
0.219233
-0.225355
-0.014972
-0.142932
-0.335764
-0.172591
-0.242808
0.162842
-0.192275
0.003993
0.078446
0.133819
0.188922
0.170535
0.037355
-0.054010
0.144760
-0.004826
-0.135728
-0.183293
-0.026573
-0.129927
0.275574
0.079622
-0.035597
0.147928
0.136881
-0.053174
0.129411
0.237510
-0.039745
0.081043
-0.167570
0.148084
-0.006570
0.082086
-0.195855
0.055724
0.117110
0.008796
-0.038174
-0.247566
-0.048925
-0.101910
0.076024
0.364241
0.075912
0.007379
0.041240
-0.061340
-0.060943
-0.169425
-0.017357
0.086415
-0.081570
-0.204884
0.131833
-0.015711
0.071079
0.012990
-0.136117
0.008280
-0.298257
-0.081287
0.062171
0.143253
-0.156930
0.040441
0.030184
0.154954
-0.018733
0.096037
0.013213
0.119414
-0.154608
-0.021622
-0.126250
-0.132775
0.198971
0.079671
-0.076244
0.025994
0.013151
0.042940
0.080555
-0.083259
0.210797
0.075868
0.118215
0.030367
0.161739
0.097593
-0.180085
0.107868
-0.073383
0.121217
0.058428
0.156829
-0.071985
-0.003329
-0.122691
-0.084139
0.083567
-0.150019
0.198921
0.127473
-0.192381
-0.074482
0.128765
0.101084
-0.037006
0.071696
0.353353
0.148949
-0.095727
0.029704
0.178019
-0.227259
0.110821
-0.088945
0.226324
0.024959
0.048908
0.000471
0.076639
-0.096229
0.163992
0.171575
-0.054161
0.046195
-0.233289
0.105705
0.023479
-0.220382
-0.115782
-0.028968
0.057378
-0.103007
-0.022165
0.095389
-0.042311
-0.056470
0.330444
-0.054799
0.186589
0.119426
0.008890
0.099161
0.038728
0.108979
-0.134333
-0.073119
0.127102
0.111250
0.075139
-0.102617
0.151536
-0.176387
0.210080
0.102203
-0.097213
0.146723
0.000338
-0.147943
-0.172056
-0.034846
0.103156
-0.193676
-0.065156
0.203273
0.054657
0.075075
-0.026201
0.094144
-0.098351
0.140585
0.063848
0.246275
-0.153518
0.000349
-0.007271
0.049199
0.015244
-0.130374
0.004284
-0.029949
0.121744
0.221231
-0.255200
0.119732
-0.165364
0.228924
0.120886
-0.127292
-0.283595
-0.202563
0.160831
-0.156081
0.094333
0.162599
-0.085700
0.101066
-0.179008
0.175791
0.016751
-0.032782
-0.056824
0.043076
-0.089553
0.081391
-0.085501
-0.037338
-0.065657
-0.081741
0.022337
-0.023322
0.003072
-0.107052
-0.061343
0.068819
0.372295
0.043765
-0.034016
-0.142760
-0.101664
0.031411
-0.212096
0.003183
0.140629
-0.238851
0.158512
-0.064443
-0.031765
0.109123
-0.237911
0.053350
0.015418
0.161041
-0.174552
-0.053683
-0.012060
0.058403
0.096436
-0.009152
0.025473
0.015301
0.122440
0.001307
-0.019485
0.048227
0.044657
0.076487
0.109266
0.088485
-0.109073
0.052397
-0.151811
-0.133337
-0.058716
0.086132
-0.050688
0.001266
-0.033596
0.114397
0.022971
-0.004274
-0.229189
-0.080944
-0.002189
-0.070331
0.164319
-0.044369
0.110874
-0.031558
0.135879
0.021737
0.077166
-0.072198
0.196654
0.048094
-0.092467
-0.024274
-0.064524
-0.120772
-0.002740
-0.015941
-0.010307
-0.098453
0.105890
-0.069703
0.047172
-0.024937
0.066802
-0.004804
-0.098969
0.034652
0.010903
0.037776
0.106499
0.015430
0.039164
-0.280452
0.147180
-0.102198
-0.015780
0.046617
0.007768
0.024292
0.027428
-0.134450
-0.098079
-0.142436
0.100600
-0.127884
-0.101473
-0.059171
0.111389
0.023710
0.072467
-0.015789
-0.017721
0.005854
0.169253
-0.060182
0.119376
-0.084532
0.022780
-0.051769
-0.136927
0.172414
0.009016
-0.008755
-0.043928
-0.003548
-0.026102
0.045457
0.102584
0.186026
-0.063124
-0.003681
-0.199032
-0.124071
0.001724
-0.001049
-0.089616
-0.058439
0.118538
0.029422
-0.050863
-0.051726
0.126836
0.013980
-0.002594
-0.022512
-0.020830
0.003330
0.053663
-0.012345
0.032428
-0.071476
-0.212553
0.150463
0.025106
-0.096065
-0.077724
-0.178979
0.023153
-0.058630
0.095693
0.060614
0.177322
0.003837
-0.054610
0.103650
-0.024088
-0.034915
-0.125820
-0.064300
-0.229169
-0.057065
-0.187570
-0.050742
0.072992
0.067424
0.139038
-0.048633
-0.032049
-0.118304
0.046747
-0.124725
0.320849
0.195867
0.241485
0.149373
-0.343974
-0.071285
0.070317
-0.330360
0.038726
-0.337999
0.174999
0.107232
-0.145464
0.186604
0.111277
0.196035
0.271454
0.084269
-0.049744
-0.225086
-0.274300
0.045275
0.287403
0.307675
-0.007780
0.204824
-0.040580
0.057400
0.068054
-0.020721
0.036648
-0.055962
-0.046172
-0.005176
-0.163060
-0.002217
0.081492
0.022293
-0.135855
-0.027628
-0.041211
0.332894
0.001154
-0.012662
0.019314
0.037349
-0.521522
0.056225
-0.069756
-0.095038
0.017758
-0.066850
-0.178261
0.106469
0.268098
0.364981
0.023414
0.469833
0.025326
0.073443
-0.106333
0.047828
0.045702
-0.240377
-0.069057
-0.046611
0.017001
0.194468
-0.066142
0.007912
0.193846
0.174141
0.010241
0.013516
-0.062256
0.158309
0.097111
-0.021788
-0.081510
0.013287
0.295993
-0.301510
0.049109
0.082038
-0.278116
-0.004170
-0.026084
0.166763
0.055610
0.078746
0.029695
-0.115347
-0.025054
0.040056
0.328174
-0.240653
-0.032077
-0.136748
0.221744
0.044105
-0.242461
0.012064
-0.169221
-0.391962
-0.102164
0.053301
0.021143
-0.110517
0.127085
0.153652
0.070704
0.146176
0.037902
0.140001
0.151812
0.096296
0.083704
0.102515
0.062561
0.048869
-0.047929
-0.024998
-0.112503
0.056032
0.170761
-0.106257
0.073521
-0.077613
-0.051603
-0.090403
0.097231
-0.070556
-0.027096
0.171918
0.122647
0.056014
-0.095619
0.005616
-0.024888
0.088747
0.016216
0.079443
-0.290925
0.084452
-0.060187
-0.096670
0.139075
-0.132508
-0.005667
0.112545
-0.128677
0.024511
0.046987
0.027783
0.073417
0.026604
-0.110394
0.247897
0.121116
0.080204
-0.069357
0.239590
-0.137404
0.040715
0.021319
0.031851
-0.144154
0.062851
-0.005995
0.047942
0.108773
-0.064121
0.039908
-0.003359
0.004102
-0.115842
-0.028691
0.029861
0.085648
0.164406
0.025217
0.027300
-0.129565
-0.207085
-0.099259
0.042054
-0.065133
-0.053274
0.073583
-0.017517
-0.064835
0.132818
0.126339
0.078245
0.140281
0.080738
-0.021182
-0.008262
0.022024
0.065141
-0.112978
0.059866
-0.136670
-0.183171
-0.028286
0.037020
-0.095957
-0.009477
-0.114797
-0.085420
-0.002606
-0.079526
0.071960
-0.196696
0.053555
-0.029803
-0.017822
0.130550
-0.043124
0.049358
0.122044
0.054100
-0.221391
0.189416
-0.126669
-0.056124
-0.116097
-0.033913
0.051933
-0.058305
0.016695
0.018756
0.143559
-0.087384
0.065819
0.278923
0.192814
0.032348
-0.305772
0.145276
-0.084767
-0.086027
-0.040455
0.008149
-0.120915
0.221955
-0.010358
0.249564
0.220467
0.217732
-0.181566
-0.101073
0.176298
0.180827
0.093075
0.115417
0.030769
-0.009601
-0.155030
0.084140
-0.220646
0.071227
-0.083439
-0.092779
-0.081448
-0.053520
-0.254865
0.111726
-0.081970
-0.385277
0.095641
0.008224
-0.193536
0.114161
-0.114474
-0.102908
-0.133680
-0.200820
0.017580
0.055406
-0.090115
-0.069833
-0.231026
-0.029296
-0.250048
0.017959
-0.252723
0.176209
0.083848
0.115162
0.085371
0.267898
-0.152520
-0.054254
-0.120319
0.160311
0.209944
-0.162875
-0.118049
0.345016
-0.082891
-0.082949
0.083517
-0.053746
-0.124472
-0.110177
-0.011195
0.090521
-0.126752
-0.053093
0.163587
0.257475
0.003915
-0.163924
-0.083615
-0.000282
-0.081943
-0.122937
-0.194245
0.008142
0.047823
-0.213437
0.049190
-0.048626
0.098479
0.080521
-0.037232
0.128811
0.264706
-0.182316
0.105097
0.070929
0.047555
-0.287769
0.017160
-0.171765
-0.004645
-0.194690
-0.146672
-0.098282
0.220531
0.100740
0.038230
0.215330
0.113838
0.067114
-0.119239
-0.037384
0.193470
-0.023177
-0.035583
-0.045876
-0.050949
-0.227565
-0.315476
0.162765
-0.081398
0.042036
-0.153510
-0.335491
0.174078
-0.027700
0.117488
0.300140
0.146118
-0.366485
0.023988
0.040063
0.016768
0.081929
-0.041737
0.102747
-0.053444
-0.146456
-0.233220
0.003834
-0.099036
0.150539
0.079317
0.049985
-0.160072
-0.047363
-0.308127
0.052846
0.292081
-0.092416
0.127182
0.019455
0.126486
-0.211544
0.228443
0.121230
0.262195
-0.398942
-0.019967
0.029813
-0.130299
-0.057844
-0.067676
-0.169051
0.208348
0.144835
-0.191506
-0.057487
0.128900
-0.053846
0.146260
0.135645
0.102159
-0.015732
0.145482
0.084958
-0.080712
0.279284
0.293630
-0.160867
-0.011641
-0.117521
-0.228458
0.059633
-0.192475
0.248290
0.073717
-0.012034
0.148028
-0.315075
0.036836
0.068858
0.201441
-0.043268
-0.058501
0.218257
-0.140758
-0.003394
0.126343
0.097944
-0.002978
0.212135
0.353629
-0.263339
-0.273104
0.255039
0.024635
-0.042687
0.071930
-0.242699
0.203247
0.049566
0.227980
0.165842
-0.151794
0.157940
-0.049135
0.177582
0.308557
-0.159327
-0.106535
0.046526
0.082322
0.005759
0.005858
0.106810
0.091235
0.269856
0.096459
-0.109801
-0.012368
-0.110422
-0.185820
0.208513
0.030629
-0.132836
-0.058905
-0.269311
-0.052193
-0.103488
-0.092194
-0.142905
-0.270135
0.117695
0.083182
0.205684
0.209034
-0.066734
-0.055825
-0.201216
0.123710
-0.077298
-0.251611
0.069187
0.017640
-0.263144
0.124081
0.091958
0.160518
0.252400
-0.015452
0.128188
-0.039109
0.146190
-0.135851
0.264954
0.140579
0.025498
-0.229217
-0.125635
0.069647
-0.007215
-0.043154
-0.019013
-0.183181
0.064738
0.055002
-0.067205
0.073551
-0.201928
-0.084410
0.093933
-0.082757
0.016823
0.037021
0.017625
-0.147876
0.115467
0.140522
0.051784
0.089304
-0.122732
0.216082
0.023631
0.009788
-0.193199
-0.013003
-0.206610
-0.010638
-0.153749
-0.069280
0.048932
0.016542
-0.082255
-0.149787
0.014630
0.099914
0.114583
0.030926
0.059121
0.019212
-0.260439
0.065821
-0.049314
-0.250375
0.094030
-0.064914
-0.104770
0.094256
-0.146021
-0.100707
-0.230362
0.342729
-0.089253
0.067481
0.254127
-0.146196
0.095887
-0.106692
-0.073590
-0.138891
0.156118
-0.052992
0.188309
0.126931
0.140431
0.074666
-0.198420
-0.036363
0.045814
0.158111
0.001754
0.192732
-0.077097
0.028264
0.198934
0.025992
0.235055
0.194559
-0.020405
0.055226
0.021444
0.073106
-0.193870
0.212938
0.219037
-0.039682
-0.023907
-0.030704
-0.144532
-0.263708
0.107248
-0.369112
-0.052912
-0.065095
-0.124283
-0.113883
-0.188181
-0.045400
-0.007617
0.121480
0.054454
0.123520
-0.195299
-0.055649
-0.090745
-0.223073
0.038546
0.239819
0.242034
-0.179729
-0.108756
-0.015171
0.134106
-0.139186
-0.071894
-0.047080
0.040531
-0.126294
-0.056659
-0.046775
0.030063
-0.055214
0.091578
-0.113261
-0.074056
-0.163921
0.165420
0.106110
0.191719
-0.013897
-0.058384
0.186320
-0.041917
0.104551
-0.158724
0.089778
-0.049578
-0.043766
0.181718
-0.011156
0.055352
0.039992
-0.252166
-0.145988
0.095865
0.027675
-0.115279
0.029664
0.026310
0.090924
0.036987
0.065717
-0.157800
-0.060278
-0.111393
-0.186331
0.074267
-0.213003
-0.104295
0.006451
0.132605
0.004954
-0.049153
0.050673
0.080318
-0.093151
-0.002329
-0.011784
0.116996
-0.117730
-0.078074
-0.057662
0.156657
0.173130
-0.048523
-0.166047
-0.096263
-0.031821
-0.156332
0.083374
-0.149074
-0.174458
0.042907
-0.186027
0.154039
-0.029189
0.103394
-0.076005
-0.051421
-0.121067
0.023158
0.085474
0.041958
0.010643
-0.086627
-0.020975
-0.123414
0.221255
0.146635
0.102793
-0.315687
-0.017582
0.248538
-0.139810
0.049970
-0.123854
0.190317
-0.112497
-0.089816
0.100300
-0.083839
0.074912
-0.202974
-0.076313
-0.052250
-0.042544
-0.000244
0.010578
-0.093594
0.111959
-0.144482
-0.187887
-0.058624
-0.087488
-0.104098
0.048934
-0.132422
0.018013
-0.152693
0.195730
0.003342
0.115409
-0.012830
-0.010175
-0.139619
0.124172
0.061533
0.080146
0.143625
-0.037508
0.044753
0.128710
-0.086522
-0.011839
0.059630
-0.012525
0.030534
0.091896
0.039939
0.196583
0.028532
0.027321
-0.114642
-0.128235
-0.017408
0.030101
0.081629
-0.098836
0.053170
-0.073100
-0.086071
0.109103
-0.050706
-0.173633
-0.066616
-0.076746
-0.155352
-0.023022
0.025279
0.060592
0.002862
0.132284
-0.047476
0.084219
0.008694
0.144474
0.062252
-0.022283
0.003954
0.028339
-0.014501
-0.228282
-0.109819
-0.157453
0.060417
-0.098122
0.072485
0.157997
0.050478
-0.041195
-0.061123
-0.130736
-0.158496
0.057456
-0.082004
0.116027
-0.096376
0.121191
-0.031770
0.022867
0.109710
-0.088782
-0.023696
-0.060204
-0.102928
0.023528
0.016201
0.075520
-0.095478
-0.089667
0.150613
0.070097
0.099658
-0.114642
0.055582
0.084687
0.130112
-0.048875
0.102230
0.040751
-0.091842
0.024602
0.005188
-0.083402
-0.175473
-0.082148
0.047904
-0.004900
-0.026727
-0.116419
0.002447
0.041146
0.013800
0.065607
0.080727
-0.058965
0.029175
0.003935
0.045350
0.037143
-0.119675
-0.103026
-0.051339
0.071043
-0.013934
-0.087031
0.050058
0.020763
-0.076640
-0.047629
-0.026856
-0.039748
0.031332
0.088389
-0.153177
-0.065590
-0.052773
-0.083163
0.075611
0.038872
0.103168
0.038891
0.035046
0.002376
-0.241534
-0.073943
0.067092
-0.058599
-0.121733
0.142028
-0.190270
0.012444
0.183260
0.125604
-0.152265
0.329206
-0.086439
0.108242
-0.031073
0.021963
-0.138205
0.154684
0.122931
-0.132309
0.159144
0.250607
-0.027903
0.073994
0.031559
0.169125
-0.001486
0.010423
-0.254772
-0.075963
0.112984
0.105475
-0.164607
-0.197388
0.063369
-0.055764
-0.117458
0.131993
0.006016
0.027553
0.257871
-0.050015
-0.107868
0.195732
-0.263872
-0.045538
-0.162943
-0.055954
0.116751
0.031052
0.124798
-0.153422
0.025809
-0.029090
0.127749
0.090243
0.022218
-0.138320
0.025631
0.141219
0.095891
0.025443
0.008893
0.000725
-0.073934
-0.058019
0.158553
-0.048045
-0.074237
0.205661
-0.017680
0.148478
-0.066550
0.146007
0.115138
-0.074570
-0.057335
-0.211833
0.074450
0.084483
0.015111
-0.006008
-0.084874
-0.025791
-0.142163
0.200134
-0.210607
0.080509
-0.011265
-0.115874
-0.025642
0.030762
-0.129871
0.053067
0.137350
0.212455
-0.054057
0.203506
0.056088
0.155605
-0.217186
0.162525
0.269967
-0.054532
0.079116
-0.023713
-0.052059
0.127818
-0.070567
-0.056592
0.208085
0.152688
0.045719
0.155116
-0.094020
0.259314
0.210739
0.271463
0.018136
0.131239
-0.071990
0.151238
0.087811
-0.068719
0.057073
-0.077698
0.151991
0.136662
-0.268681
0.110080
0.410239
0.014998
0.013572
0.124539
-0.099261
0.088136
-0.305028
-0.115254
-0.240776
-0.099766
0.078716
-0.068708
-0.152367
-0.057305
-0.202903
0.259198
0.089275
-0.236500
-0.130809
0.124901
0.181970
0.175722
0.172751
-0.056995
-0.014282
-0.117881
-0.088723
-0.024464
-0.029809
-0.090522
-0.069941
0.083821
-0.180509
0.135857
0.067240
-0.215391
0.135529
0.249995
-0.015964
-0.015346
-0.081222
0.201833
-0.073712
0.196108
-0.029112
0.065316
-0.049921
-0.172724
-0.154462
-0.046104
0.103988
0.351229
0.144090
-0.150047
0.013583
0.076726
0.045606
-0.016325
-0.021909
-0.005271
-0.052020
-0.162206
0.124685
0.079791
-0.047769
-0.157569
0.211058
0.055099
-0.000437
0.072689
-0.063091
-0.207325
0.203881
-0.027101
0.103775
0.024970
0.145314
-0.369335
-0.004832
0.127844
0.024488
-0.014617
-0.162018
0.200574
-0.041815
-0.316887
-0.046630
0.342677
0.027888
-0.094551
-0.091591
-0.130858
-0.065718
-0.147617
-0.019635
0.210243
0.308522
-0.103029
0.130547
0.134576
-0.079977
-0.119799
0.052341
0.023525
-0.085584
0.013361
-0.081252
-0.034681
-0.120571
0.139810
-0.262902
-0.057706
-0.048071
0.033517
0.066041
-0.255397
-0.175290
0.059927
-0.025466
0.061417
-0.029671
0.002394
0.139412
0.008135
-0.307041
0.102981
0.002767
-0.050164
0.060802
0.055751
-0.151152
0.058875
0.028225
0.014117
-0.063822
-0.014393
0.174022
0.120790
-0.037901
0.207626
-0.024397
0.169200
-0.164506
0.121672
-0.018587
0.204157
0.062464
-0.040721
0.016466
0.146213
-0.034749
-0.202649
-0.039780
-0.080527
0.057656
0.097588
-0.042168
-0.092975
-0.057821
0.001863
-0.101516
-0.038195
-0.118039
0.056752
-0.014027
0.193861
0.042816
0.050216
0.189158
0.001693
-0.035434
0.183634
0.036842
-0.019792
-0.036300
0.144368
0.420686
-0.042652
-0.036772
0.087289
0.115099
0.056106
-0.124398
-0.056736
-0.073537
-0.077007
0.090966
-0.018462
0.066247
0.112968
-0.184573
-0.015293
0.055932
0.029822
0.037503
0.104879
0.007775
-0.318043
-0.234162
0.077297
-0.080438
0.108328
0.399629
-0.081618
-0.222894
0.039783
-0.099738
0.087583
-0.134654
-0.114882
0.076646
0.074261
-0.114830
0.087309
-0.134928
-0.143206
0.014815
0.063954
-0.020635
-0.074185
-0.066328
-0.077078
0.135490
-0.056754
-0.257042
-0.322733
0.155173
-0.069278
0.134773
-0.060203
-0.136241
-0.015021
-0.138927
0.020421
0.094403
-0.033917
0.242803
-0.246999
0.124873
-0.057140
0.076388
0.247488
0.022455
0.073887
-0.128355
-0.143670
0.047994
0.102802
0.086200
0.122659
0.236749
-0.016293
0.175200
-0.188532
0.075167
-0.184416
0.128464
0.054977
0.071684
0.116906
-0.075425
0.046605
-0.038239
0.167843
0.189365
0.020495
-0.042290
-0.016564
0.022069
0.196626
-0.240101
-0.184043
0.024538
0.054484
0.136586
-0.022223
-0.004939
-0.087366
-0.155356
-0.096439
-0.269780
-0.125607
-0.069008
0.202349
0.294130
0.031834
0.082485
-0.007952
0.318108
-0.196880
-0.045912
0.034311
-0.026388
-0.083491
-0.142564
-0.070862
0.055328
0.174991
-0.060907
0.034784
0.038624
-0.111753
-0.118423
0.007620
-0.236689
-0.014186
-0.029033
0.046647
-0.074937
-0.085803
-0.092038
0.090318
0.041308
-0.264631
0.000233
-0.150313
0.063029
0.100093
0.029901
0.175755
0.152174
0.074676
-0.101587
0.176372
0.027774
-0.262908
0.024257
-0.091454
-0.060707
-0.088769
0.145454
0.232607
-0.162099
0.206860
-0.176709
0.003060
-0.015472
0.096377
0.160707
-0.083915
-0.065266
0.169508
0.106958
0.271728
-0.002527
0.098557
-0.083925
0.011997
-0.122600
-0.143159
-0.056950
0.203036
0.172233
0.081631
-0.241047
0.114490
0.024019
-0.139318
-0.002131
0.167848
-0.137920
0.006534
-0.052163
-0.016105
0.192689
-0.153421
-0.167621
-0.080513
0.149447
0.078617
-0.031457
0.098086
-0.133228
-0.013433
0.076222
0.009384
0.117417
-0.101728
-0.031218
0.243622
-0.253209
-0.002847
0.140414
-0.085982
0.114830
-0.233699
0.008019
0.025295
-0.064078
0.114311
-0.276731
-0.079667
0.172755
0.016891
0.066420
0.079080
-0.166102
-0.004359
-0.138490
-0.050220
0.039471
0.002049
-0.071470
0.067414
-0.016268
0.028026
-0.118760
-0.007876
-0.102451
0.122439
0.123934
0.133939
0.036322
-0.124947
-0.199885
-0.242655
0.043173
0.065894
0.042123
-0.173862
-0.226567
0.034149
0.069505
-0.030463
-0.086463
-0.060275
-0.279463
0.074494
0.233651
0.037250
-0.084330
-0.134848
0.082011
-0.087134
-0.037285
0.159640
0.081363
-0.044655
0.061598
-0.073074
0.112998
0.145080
-0.075995
0.097134
-0.102932
0.107894
0.120461
-0.063005
0.050621
-0.055380
0.027121
-0.008534
-0.191706
-0.017035
0.068223
-0.161109
0.173942
-0.108365
-0.236570
0.001970
-0.018220
0.144085
-0.311224
-0.013176
0.036278
-0.088512
-0.135148
0.019308
-0.081475
-0.191747
-0.247478
0.012627
-0.044378
-0.103257
0.133452
0.033692
0.026061
0.163495
-0.191155
-0.017786
-0.044395
-0.012385
-0.207950
0.030744
-0.012358
-0.064182
-0.052121
0.115187
0.080290
0.123590
0.009516
-0.010606
0.188886
-0.128344
-0.039094
-0.076589
-0.130883
0.126410
0.036578
0.162929
0.146654
0.012799
-0.111724
0.298672
-0.074616
-0.085415
-0.137789
-0.021299
-0.121709
0.030760
-0.005876
0.178513
-0.009599
-0.000260
0.059030
0.100007
0.087419
-0.035159
-0.247131
0.066798
0.098645
0.225131
-0.067462
0.061480
-0.045464
0.119937
-0.045870
-0.100226
-0.000222
-0.049385
0.099849
-0.071376
0.295571
0.002290
-0.085147
-0.139258
0.059549
-0.151480
-0.078024
0.023317
-0.060425
0.075306
-0.164602
0.035176
-0.155525
0.210932
0.046288
-0.060304
-0.124098
0.063146
-0.080798
-0.096947
0.108182
-0.098453
0.153333
-0.055614
-0.049324
0.024860
-0.126566
-0.095512
0.005529
0.086456
0.096692
-0.250082
0.223859
0.191048
0.054943
0.136860
-0.051574
0.060508
-0.032078
0.013768
0.257305
0.174768
0.047016
0.015545
0.109178
0.017784
0.171596
0.023083
0.135332
-0.169133
-0.005604
0.024381
-0.060014
-0.180488
0.010970
-0.004487
0.187512
0.159206
0.024393
0.030624
0.037046
0.233387
0.082604
0.135088
-0.036014
0.026375
0.111019
-0.088850
0.045089
-0.009803
-0.032008
0.071790
0.023004
0.221709
0.028225
-0.059746
0.132601
0.083111
0.013693
0.043522
0.118801
0.164419
-0.087160
0.082259
-0.161374
0.011247
0.027720
0.106108
-0.055044
-0.154120
0.133950
0.024348
-0.187855
0.236953
0.030613
-0.099869
0.091605
0.053187
0.027838
-0.123111
0.151517
-0.024660
-0.153309
0.054418
0.170468
-0.011334
0.067599
-0.100674
0.097959
-0.108623
0.133804
-0.170731
0.145135
-0.080311
0.043040
0.000398
-0.188214
-0.031843
0.183137
-0.095279
-0.035611
-0.041250
-0.286312
0.209040
0.079205
-0.059107
0.062189
-0.012951
-0.040551
0.204998
0.199977
-0.002197
0.058604
0.207634
-0.108797
-0.021083
-0.072062
-0.074982
0.012994
0.046887
0.091760
0.007067
-0.108972
0.026450
0.149427
0.045514
0.026785
-0.018221
-0.120479
0.113683
0.091052
0.028211
-0.029590
-0.064660
-0.044244
-0.035203
-0.064505
0.078819
-0.044415
-0.122651
-0.168186
-0.007974
-0.059260
0.090102
0.093491
0.244812
-0.177827
0.026926
-0.098776
0.124728
0.152003
0.083832
-0.065092
0.171268
-0.071280
-0.050589
-0.080135
0.031043
-0.090416
0.125350
-0.030267
0.143663
0.181021
-0.058295
0.059365
-0.041975
0.016453
-0.020858
0.085427
-0.004056
0.027022
0.126780
0.042765
0.059586
-0.035091
0.056550
0.174071
-0.010357
0.182628
0.092064
0.104986
-0.020679
-0.021476
0.044526
-0.043664
-0.007149
-0.177109
0.023956
-0.070648
0.010046
0.092658
-0.044617
-0.142002
-0.013889
0.102073
0.000965
-0.041134
0.003637
-0.062174
0.024456
0.068767
-0.086707
0.112602
-0.073353
-0.060527
0.184789
0.018069
0.085867
-0.054257
-0.053481
-0.056421
-0.121213
0.085603
0.100238
-0.159205
-0.047891
-0.115685
0.112954
-0.298686
0.225157
0.246127
0.024746
-0.137030
-0.009893
-0.215281
-0.192357
0.091316
-0.171730
-0.248645
-0.105105
-0.163546
0.086865
-0.144196
0.050899
-0.078687
0.143747
-0.131490
-0.151052
-0.133269
-0.074654
0.077360
-0.059714
-0.223594
0.006670
0.009351
0.021821
0.200601
-0.025926
-0.224139
0.089606
0.178154
0.005572
-0.074050
-0.089429
0.054081
0.011953
-0.048859
-0.015882
-0.131483
-0.129538
0.038587
-0.011939
-0.107210
-0.057253
-0.007487
0.134370
0.178045
-0.186680
-0.154313
0.037610
0.032435
-0.097831
0.053153
-0.117740
0.005814
-0.078126
-0.038338
-0.233820
0.049109
0.140500
-0.075122
-0.065717
0.027918
-0.011473
-0.071848
-0.203248
0.140014
-0.134311
0.161118
0.305122
-0.379701
0.121670
0.006971
-0.012729
-0.045772
-0.037543
0.320608
-0.103592
0.002986
0.006127
-0.212780
-0.031145
-0.450471
-0.140268
-0.040103
0.144729
-0.179430
-0.154795
0.080238
-0.078380
-0.125349
0.052860
0.204018
-0.001978
-0.175223
0.140627
-0.076726
0.090326
-0.068033
-0.082122
-0.268770
0.178431
-0.090502
0.003716
-0.065762
0.169347
-0.198772
-0.174437
0.192293
0.016330
0.158576
-0.056674
0.020761
-0.143426
0.238818
0.327208
0.022780
-0.028904
-0.028328
0.151180
0.160812
-0.040016
0.124421
-0.061118
0.049856
0.142794
0.033930
0.063269
0.102919
0.176567
-0.036556
-0.052772
-0.107345
-0.132319
-0.146720
0.065262
-0.087425
-0.109166
0.031335
0.045181
0.110224
0.047677
-0.026552
-0.149663
0.283083
-0.130736
0.046143
-0.250118
-0.050208
-0.073654
0.068742
0.048815
-0.092935
0.081109
0.027615
-0.049147
-0.165482
0.124538
-0.142394
0.079196
-0.004612
0.006827
-0.003470
-0.019435
-0.037789
-0.038129
-0.158114
-0.020045
-0.008186
0.170474
0.009296
-0.092676
-0.121621
0.294838
0.113696
0.038971
-0.294431
-0.086258
0.063595
0.027657
0.122209
-0.118232
0.054450
-0.011630
-0.208761
-0.031932
-0.099655
-0.016945
0.081271
-0.000323
-0.103302
0.173998
-0.160686
-0.147445
-0.092648
0.173593
0.019276
0.109186
0.234899
0.119064
0.164189
0.068510
-0.080329
0.108694
0.174437
0.023600
-0.042781
0.000179
0.069212
-0.026488
0.305967
0.018413
-0.083420
0.019369
0.087833
-0.050708
-0.054855
0.157185
0.001713
0.058617
-0.119003
0.002472
0.054107
-0.098581
-0.185787
0.049424
0.082197
0.125479
-0.109930
0.111066
-0.005488
-0.024569
-0.046159
-0.093964
-0.078884
-0.107552
-0.103606
-0.135081
-0.092799
-0.181146
0.218377
-0.239853
0.028960
-0.018374
-0.206304
0.165494
0.019845
-0.117553
0.173139
-0.176944
0.165951
0.116560
0.188380
0.230721
-0.155051
0.380422
-0.065434
0.039210
0.198455
0.159760
0.091430
0.217856
0.089578
0.073566
-0.110036
0.274223
-0.309588
-0.089583
-0.026951
-0.166984
0.076640
-0.120009
0.119296
0.172870
0.173007
-0.114733
0.098701
-0.015600
-0.364679
-0.018853
-0.143269
0.198086
-0.196674
0.108209
-0.044986
0.040921
-0.065252
0.110239
-0.092296
-0.026298
0.126219
-0.031660
0.207634
-0.165895
0.200788
-0.146805
0.127585
-0.067228
0.015358
0.014248
0.164838
0.135539
0.177777
-0.227844
-0.032900
0.055214
0.127466
0.198476
0.055076
-0.103731
0.216064
-0.126958
0.096947
-0.276344
-0.054696
0.106454
0.060188
0.063360
0.203725
-0.064138
0.141127
0.152544
-0.053325
-0.041795
-0.075114
-0.115720
-0.037470
0.051702
0.077594
-0.260629
-0.181282
-0.061708
-0.048638
-0.147899
0.074290
0.010436
-0.140688
-0.019896
0.048065
-0.157527
0.060194
0.233088
0.115758
0.075822
-0.058510
0.168963
-0.147119
0.086332
-0.056323
0.151170
0.003008
-0.055189
-0.032286
-0.154964
0.033118
-0.236306
-0.033051
-0.220289
0.033909
-0.064949
0.024549
-0.152285
-0.052602
-0.008022
0.102465
-0.055803
-0.088617
-0.036003
-0.211407
-0.023089
0.243128
-0.117293
0.071450
-0.024086
0.050036
-0.159334
0.154604
0.009854
0.019773
-0.044268
0.117698
-0.120711
-0.083445
-0.042125
-0.011096
0.067533
0.129232
0.016071
-0.124514
-0.174289
-0.170491
0.146854
0.034417
-0.230167
-0.086885
0.069724
0.179668
0.160411
-0.065882
0.044807
0.137956
0.000419
0.072394
0.094105
-0.065318
0.086937
-0.055960
-0.020447
-0.184023
-0.106324
0.055601
0.079305
0.044187
-0.243097
-0.122594
-0.211097
-0.042201
0.116377
0.006975
-0.001558
-0.187048
-0.079420
-0.110518
0.180953
-0.037739
0.064171
0.009693
0.045376
0.005639
-0.330960
0.036183
-0.037011
0.093092
-0.086701
-0.017414
0.046984
0.059009
0.160740
-0.035162
0.115939
0.098546
-0.084263
-0.014143
0.119720
0.064399
-0.068967
0.024258
0.072108
0.086332
-0.097941
0.018794
-0.198051
0.094639
0.149551
0.074657
-0.041722
0.027314
0.208517
0.063285
0.003839
0.101540
0.088774
0.249892
-0.090348
0.046023
-0.091455
-0.065778
-0.042565
-0.045977
-0.069176
-0.110927
0.053860
-0.201416
-0.209572
0.053789
-0.152187
-0.108864
0.027504
0.144945
-0.111398
0.269504
0.101613
-0.013547
0.093163
0.241599
-0.061051
0.170098
-0.048522
-0.133712
0.156993
0.108743
0.048765
0.063400
0.176849
0.087008
-0.155308
0.181822
0.019257
-0.138838
0.033078
-0.001162
0.080546
-0.000737
0.041623
-0.227095
-0.040131
-0.004258
-0.075651
0.045827
-0.083205
0.057465
-0.164169
0.173932
0.007922
0.137621
-0.008500
-0.035327
-0.008321
0.052990
-0.003666
0.052135
-0.086831
-0.036055
0.170851
0.078164
0.106814
-0.083454
-0.000855
-0.039905
0.020755
-0.084097
0.130840
-0.048558
-0.003467
0.042950
-0.003801
0.055466
0.016422
-0.038547
-0.028099
-0.089996
-0.202219
-0.009663
-0.001159
0.111173
0.005873
0.073161
0.112770
-0.071812
-0.099719
0.027637
0.085780
0.056006
-0.110839
0.131652
0.188267
0.191461
0.020890
-0.144040
-0.046411
-0.043012
-0.141387
-0.038306
-0.225089
0.077235
0.070504
0.063902
0.108880
-0.036761
0.092368
0.079765
0.038828
-0.117879
-0.091977
-0.172476
0.090032
0.068119
0.117812
0.053502
0.104050
0.048240
0.070934
0.024277
-0.061641
-0.022429
0.058802
0.021687
0.048275
0.055301
-0.026176
0.072407
-0.037369
0.030929
0.103532
0.116725
0.024674
-0.067406
-0.047855
-0.135083
0.055786
0.160720
-0.064762
0.164680
0.072015
-0.189509
0.218509
-0.002987
-0.020226
0.089302
-0.013321
0.043775
0.033022
0.046063
-0.000512
-0.143399
-0.137505
0.069288
-0.035403
-0.043970
0.024341
-0.064987
0.055665
-0.211345
-0.017179
0.043803
0.012541
0.017815
0.051359
0.064757
0.099355
0.032648
-0.133581
0.036602
-0.011382
-0.007742
-0.117841
0.024793
0.149615
0.051190
0.049041
0.080957
-0.067219
0.037608
0.143041
0.148897
-0.198132
-0.060443
0.000984
0.135061
-0.040490
0.089144
-0.340575
-0.029588
0.133882
-0.221779
-0.006772
-0.030615
0.012136
0.187596
-0.036747
0.056530
0.082900
0.191003
-0.041915
-0.114042
-0.104280
-0.109701
0.054417
0.246968
-0.068359
-0.059429
-0.070542
-0.073146
0.021393
-0.160269
-0.072983
-0.196404
0.037888
-0.002158
-0.235662
0.048973
-0.082554
-0.109721
0.180825
0.085918
-0.040502
-0.093963
-0.074073
0.028554
0.037493
0.009481
-0.146297
0.219581
-0.179349
-0.035349
0.126728
-0.033205
-0.030883
-0.017374
-0.132684
-0.066243
-0.202881
0.004460
0.076897
-0.012038
-0.049570
0.067339
-0.072322
-0.103193
0.005764
0.085201
0.096062
-0.111890
0.036755
0.172828
-0.019286
-0.126595
-0.200194
0.104138
-0.045542
0.099840
-0.030598
0.080702
-0.063519
0.033345
0.067628
0.039835
0.124221
-0.188551
-0.114772
-0.094407
0.111195
0.038853
-0.017213
0.099226
-0.114521
-0.016756
-0.003739
0.067733
0.022164
-0.157457
-0.082687
0.137555
-0.015265
-0.055850
-0.333353
0.113932
0.031900
0.333275
-0.023780
0.047210
-0.019335
0.336667
-0.062029
-0.090720
0.045752
0.044275
-0.039096
0.216420
-0.157356
0.085665
-0.130802
-0.196505
-0.147628
0.035923
0.195025
-0.000247
0.391988
-0.090342
0.043223
0.267672
0.068034
-0.296202
0.235074
0.006578
0.024344
-0.096978
-0.005777
0.017025
0.187000
0.063897
0.293375
0.005184
0.195657
-0.230320
0.040273
0.038586
-0.064349
0.009270
-0.041180
0.259617
-0.216184
0.326259
-0.119468
-0.242038
-0.030235
0.098237
-0.087192
-0.064828
0.010490
-0.113308
-0.090276
0.022328
0.144503
0.088358
-0.177207
-0.012883
-0.080532
-0.073478
-0.000844
-0.024461
-0.076277
0.084074
-0.085325
0.017294
0.110400
-0.019436
0.055453
-0.148948
0.018380
0.142350
-0.062709
0.045618
-0.183515
0.023462
-0.121228
0.054302
0.004121
0.137618
0.134038
0.170649
-0.087267
-0.021069
-0.075084
-0.103984
-0.322073
0.124584
-0.039374
0.058881
0.082383
0.212255
-0.103535
0.106690
-0.061664
-0.165082
-0.033331
0.235353
-0.149734
0.162505
0.087055
0.088975
-0.057115
-0.095280
-0.103135
0.153968
0.021113
0.156057
-0.021101
-0.007921
-0.165958
0.144601
-0.353602
0.156964
-0.075349
-0.354218
0.370664
0.029090
0.088793
-0.313725
-0.161566
0.043869
0.050191
-0.046102
0.139092
-0.027301
-0.030144
0.147039
-0.173979
-0.076093
0.139894
-0.142487
0.076118
-0.054712
-0.076835
0.040237
-0.215805
-0.049949
0.085786
0.037207
-0.199692
0.293098
0.045228
0.184010
0.066906
-0.008187
0.152706
-0.084007
-0.108915
0.002020
0.003512
0.018334
0.027896
0.051549
-0.100195
0.053167
-0.001843
0.099207
0.018470
-0.064688
0.015110
0.064092
-0.004819
0.011608
-0.075897
-0.117229
-0.046925
0.087219
0.054883
0.152607
-0.159258
0.141259
-0.056125
-0.097511
0.114253
-0.046036
-0.017784
-0.075500
-0.026403
-0.069370
-0.143752
0.002844
0.165262
0.097796
-0.093959
0.118513
0.083675
0.056246
0.106102
-0.023543
0.006742
0.015051
-0.080518
-0.036144
0.120463
-0.027176
-0.097431
0.034793
-0.083245
-0.122164
-0.110863
-0.082355
-0.179952
-0.139732
0.009193
0.023299
0.119366
0.031646
-0.053590
0.051301
0.079340
-0.037342
0.011526
0.071096
0.063701
-0.073664
0.035102
-0.057119
0.107147
0.017236
0.042213
0.050049
-0.003061
0.047168
0.008270
0.152698
0.054352
-0.025985
-0.072409
0.023289
-0.015780
0.048022
0.000188
-0.151080
-0.057557
0.051519
-0.082139
-0.166368
0.055219
0.050646
-0.134644
-0.044042
-0.125586
-0.032330
0.094710
-0.083645
-0.002740
-0.001534
0.067425
0.012646
-0.017090
-0.004393
0.072629
0.122848
-0.032719
-0.000572
-0.013786
0.027465
-0.080458
-0.142907
-0.057908
0.069326
0.000578
0.002159
-0.034315
-0.034276
-0.057051
-0.011657
0.007118
0.044286
-0.075953
-0.014220
-0.097605
0.214464
0.175847
0.013560
0.022920
0.154842
0.183598
-0.038482
0.060683
0.066326
-0.001292
0.127483
-0.165007
0.005055
-0.164518
0.043351
0.230453
-0.009285
0.058086
0.087197
0.152913
0.004653
-0.103663
0.131157
0.121933
-0.180912
-0.019272
-0.094134
-0.009823
0.023377
0.236663
0.045403
-0.054647
0.024771
-0.085016
-0.002263
0.229320
-0.013262
0.013303
-0.062642
0.099414
-0.126111
0.158712
0.077969
0.071482
0.066824
-0.067185
0.083055
-0.006299
-0.147008
-0.030369
-0.007831
-0.069986
-0.175137
0.084139
0.092566
-0.000559
0.017316
0.157860
0.021357
-0.083256
-0.113075
0.059769
-0.144152
0.180573
-0.129386
-0.300111
-0.069281
0.239112
0.096243
-0.020619
-0.181764
-0.178354
-0.051832
-0.086891
0.077507
-0.005105
0.166756
0.230595
0.065521
-0.210020
0.016468
0.257326
0.021688
-0.108043
-0.240642
0.206949
0.067372
0.023091
-0.071495
-0.140855
0.093265
0.153403
0.184303
0.214162
0.053728
0.065768
0.111127
0.145191
0.092227
0.086623
0.041786
-0.381882
0.043363
0.117174
0.074970
-0.270133
-0.345030
0.236609
0.152709
0.032620
0.041142
0.263193
-0.011978
-0.007084
0.060649
0.098515
-0.039115
0.157773
-0.154012
0.007295
-0.060733
0.041831
0.008943
-0.066376
0.142966
-0.011704
-0.006403
-0.012664
0.017662
-0.216814
0.044678
-0.046701
0.181832
0.133587
0.040110
-0.123543
0.101391
-0.089123
0.074717
0.054711
0.016749
-0.121257
0.017512
-0.082103
0.120554
0.003918
0.198358
-0.272916
-0.039541
0.310897
0.046401
0.047006
-0.251417
0.080661
-0.102775
-0.140892
0.193956
-0.087359
-0.017850
0.023838
0.256469
0.168627
-0.118563
-0.036731
0.246306
0.150350
0.155980
0.095470
-0.183163
-0.195070
0.134543
0.163624
-0.165917
0.201967
-0.205788
0.043977
-0.072414
0.004379
-0.050895
-0.114823
0.107471
-0.181447
0.116792
-0.160630
-0.115537
0.113406
-0.038960
-0.257103
-0.017987
0.059538
0.103785
-0.203348
0.019658
0.225380
-0.475528
0.024314
-0.065389
-0.132533
-0.057166
-0.096931
0.169662
0.195117
0.052451
-0.041792
0.074671
-0.202853
0.091989
-0.006429
-0.173189
0.052569
0.037324
-0.213515
-0.157654
0.249744
0.048233
0.192282
0.051698
0.081211
-0.248773
0.019709
-0.031804
0.050003
0.046188
0.079908
-0.016118
0.273113
0.082278
-0.052878
-0.392873
0.143527
-0.024599
0.056447
0.010780
-0.259517
0.158217
-0.297882
0.064234
-0.398457
0.148950
-0.122573
-0.128074
0.038218
0.006949
-0.022090
0.002742
0.148496
0.064911
-0.020767
-0.028951
-0.150512
0.129408
0.042490
-0.143749
-0.230331
0.234501
0.185743
0.183000
0.172602
-0.070567
-0.289021
-0.066294
0.462191
0.147713
0.007798
0.034169
0.218668
0.076410
-0.317053
0.009066
0.199303
0.166616
0.048683
0.072741
0.209422
0.139693
0.001374
-0.333463
0.040062
-0.066366
0.328556
0.011223
-0.059757
-0.264271
0.221205
-0.083735
0.024898
-0.226764
-0.244958
-0.093783
-0.021529
-0.096057
-0.090781
-0.023241
-0.173112
0.037911
-0.044225
-0.114111
0.305154
0.102758
0.146266
0.030090
0.235083
-0.078356
-0.024339
-0.059496
-0.254328
-0.198872
0.322283
0.075168
0.005378
-0.079257
-0.186123
-0.189393
-0.159243
-0.253027
0.278368
-0.123776
0.009755
-0.018953
0.028294
0.137206
-0.048082
0.187146
0.034788
-0.095883
-0.086722
-0.123527
-0.310935
0.055752
-0.142910
-0.115647
0.030289
0.081245
0.129137
0.054313
-0.016197
-0.076310
-0.237661
-0.048737
-0.114261
0.220088
-0.125992
-0.048571
0.040137
0.081484
0.008670
-0.104913
-0.107274
0.134635
0.091522
-0.020278
-0.024037
0.268702
0.032539
-0.057347
-0.125746
0.117277
-0.053140
0.009671
0.022873
-0.100155
-0.367476
-0.068963
0.214346
0.058254
0.335054
0.216304
0.070153
0.181315
-0.065454
0.113487
-0.026440
0.162797
-0.389156
0.124735
-0.145045
0.253569
-0.092561
0.015983
-0.110578
-0.073134
0.071906
0.106406
-0.017517
0.065187
-0.137227
-0.102181
0.182163
-0.425352
-0.210617
0.101181
-0.172228
-0.143772
0.068224
0.138029
0.092208
0.110694
-0.049507
0.146404
-0.030111
0.018639
-0.057316
0.065554
-0.106229
-0.039605
-0.181230
0.046087
0.140861
0.092112
-0.077099
-0.091191
-0.189124
-0.033078
-0.076603
0.059550
0.022839
0.003348
-0.105923
0.094934
-0.004777
-0.041599
-0.081822
0.197570
0.122879
0.152076
0.157652
-0.068913
-0.151713
-0.180043
-0.086141
0.123482
0.146457
-0.002599
-0.047344
0.040672
-0.061356
0.200444
0.024951
-0.230533
0.015812
0.085734
-0.153242
0.090121
0.027088
-0.083979
0.083194
0.043705
0.089794
0.090193
0.074942
-0.004886
0.022639
-0.037760
-0.002195
0.115094
0.026871
-0.099778
-0.007222
-0.122927
-0.185035
0.071082
0.087595
-0.084206
-0.151620
-0.180666
0.050165
0.079487
0.057070
0.126292
0.053717
0.031384
-0.236219
-0.007445
-0.016027
0.021005
-0.053956
0.011646
0.031017
0.056404
0.132430
0.008553
0.001828
0.038358
0.103192
0.020476
0.042743
0.040644
0.244107
0.030866
-0.209711
-0.172115
-0.003446
-0.157569
0.114472
0.019586
-0.070381
0.020204
-0.109115
-0.016691
-0.061778
0.092428
0.111697
0.099197
-0.105037
0.002680
-0.030702
0.014154
-0.077784
0.105315
-0.110748
0.031422
-0.097260
0.105478
-0.146704
0.125576
0.148934
0.233567
0.320009
-0.066068
0.030032
-0.004882
0.109904
0.033431
-0.216911
0.084208
-0.069385
-0.125788
0.064567
-0.083495
0.106032
-0.043562
0.083009
-0.178750
0.035054
-0.105251
0.082357
0.081362
0.191337
0.004945
0.054867
-0.068204
-0.120188
0.143639
-0.192179
-0.039426
-0.079890
0.176809
-0.114825
0.170903
-0.387123
0.108244
-0.047985
0.076279
0.077586
-0.058038
-0.042230
-0.065403
-0.066709
0.217551
0.020324
-0.135142
-0.086514
-0.028845
-0.133899
0.245576
0.012621
-0.155386
-0.087922
-0.059166
-0.045962
-0.024676
0.101378
0.151786
-0.163031
-0.024023
0.056685
-0.111728
-0.122250
0.032368
0.004958
-0.142412
0.101099
0.035266
0.035044
-0.218816
-0.075372
-0.262521
0.289547
-0.088970
0.004316
-0.258235
-0.119338
0.115627
-0.105303
-0.002103
0.138889
0.069189
0.193486
-0.243835
0.246825
0.089125
0.149360
-0.185239
-0.125507
-0.067341
0.091747
0.010218
-0.080953
-0.055382
0.050737
0.127649
-0.003515
-0.074965
0.037109
-0.011674
-0.022744
0.127915
-0.032253
0.015412
-0.164075
0.030928
-0.012543
0.268888
0.055999
0.116605
-0.012174
-0.026570
0.180233
0.168386
0.041449
-0.079504
-0.349813
0.103990
-0.274822
-0.219141
0.061242
-0.211859
0.085539
-0.059160
-0.083885
0.046177
0.004223
0.010891
0.007595
-0.324855
-0.115824
0.129216
0.130331
-0.055166
0.191314
-0.236366
0.125711
0.077815
-0.073394
-0.073776
0.061512
0.136574
-0.272043
-0.090284
-0.016714
-0.164731
-0.036330
-0.014187
0.120810
0.063969
-0.020143
0.074458
-0.006790
0.110772
0.040687
-0.274589
0.153470
-0.035442
0.018117
0.155945
0.040328
0.114448
-0.069001
-0.038026
-0.200620
0.124505
0.214987
0.025027
0.072592
0.175092
0.161078
-0.226364
0.268409
-0.019744
-0.105182
-0.024937
-0.265881
-0.165138
-0.061686
0.098971
-0.053786
0.120613
0.024774
0.126023
0.166574
-0.055248
0.087799
0.068418
-0.044927
-0.263317
-0.002310
-0.096818
-0.239089
0.155729
-0.144108
-0.014297
0.251494
-0.252041
0.060455
-0.177746
-0.159456
0.004547
-0.240105
-0.184544
-0.125847
0.041044
-0.046454
0.085206
0.162434
0.041756
-0.016549
-0.009436
-0.007835
0.237397
0.027085
-0.064102
-0.051145
-0.015301
-0.175903
-0.150395
-0.094976
0.009393
0.102373
-0.162304
0.038674
0.063458
-0.083056
0.112094
0.144608
-0.167115
0.202246
0.320565
-0.321261
0.005131
-0.079308
0.142110
-0.060893
-0.054656
-0.017840
0.069206
0.098962
-0.103579
0.027588
0.092346
0.125796
-0.022515
-0.138129
0.033743
0.041549
-0.173537
0.041588
0.033361
