-0.191961
0.183214
-0.251451
0.447916
-0.468582
-0.650136
-0.777211
-0.556740
-0.411328
0.670934
0.292945
0.351123
-0.040154
-0.649360
0.452383
0.428013
-0.826802
-0.622620
-0.562233
-0.234318
-0.442876
0.094547
0.356750
-0.577379
-0.091161
-0.140087
-0.069121
-0.713025
0.123937
0.293893
-0.004440
0.445558
-0.597718
-0.678658
-0.429661
-0.335758
-0.060450
0.085474
-0.091426
-0.308135
-0.193338
-0.706127
0.154191
0.328434
-0.534269
-0.219356
-0.557520
0.237220
0.333909
0.147451
-0.335472
-0.591580
-0.632688
0.474814
0.143706
0.279526
0.443500
0.658195
0.438253
0.180412
0.531410
0.120073
0.134164
0.397578
0.544481
-0.351421
-0.512718
-0.751193
0.708864
-0.606709
-0.388937
0.394585
0.576952
-0.086065
-0.516043
-0.089891
-0.859772
-0.417988
0.505162
-0.296998
0.472790
-0.589091
-0.186570
0.622728
-0.685997
0.274128
0.299263
0.122929
0.179185
-0.340392
0.270326
-0.319668
-0.502830
0.343724
0.193335
-0.339166
0.590114
0.296816
0.110402
0.346318
-0.097035
0.285321
-0.415346
0.353289
-0.686074
0.425255
-0.267051
0.633934
-0.481132
-0.294579
0.371756
-0.634802
-0.574986
0.483618
-0.669728
-0.292100
0.404030
-0.661547
0.143768
0.583760
-0.217850
-0.179672
-0.834189
0.217656
-0.774535
-0.270457
-0.691701
-0.001112
-0.112364
-0.973047
-0.221932
0.493992
-0.191733
-0.825059
-0.496408
-0.309585
-0.590649
0.206187
0.588804
-0.270497
0.418172
0.325829
-0.140007
0.352491
-0.489063
0.011388
-0.049076
0.463285
0.470737
-0.457760
-0.660338
0.537797
0.463698
0.294275
-0.346605
-0.557641
0.321948
0.208098
-0.209884
0.265086
0.436678
0.360401
-0.141936
0.481788
-0.553228
-0.760178
0.177669
-0.462770
0.047870
-0.504380
-0.109189
-0.589044
0.574422
0.623756
-0.720544
0.725504
0.706426
0.384173
-0.761001
-0.352163
-0.045237
-0.412082
0.606622
0.499131
-0.866868
0.773003
0.552277
-0.689769
-0.304728
-0.503967
-0.643281
-0.932519
0.253992
-0.422100
-0.084270
0.110484
-0.085531
0.265351
-0.444691
0.279026
-0.246570
0.519547
-0.225674
0.276249
0.401112
-0.307417
0.278821
-0.691285
0.201601
-0.636336
-0.621714
-0.499774
-0.515305
0.387545
-0.444832
0.352989
-0.311154
-0.075780
0.165810
-0.616418
-0.816391
0.396288
0.578053
-0.751740
-0.180175
0.036476
-0.230326
0.450211
-0.135787
0.127648
0.386312
-0.233293
-0.065722
0.355371
-0.161374
-0.446993
0.212515
-0.093685
0.683707
0.346578
-0.340388
0.480779
0.471445
0.020092
-0.640365
-0.861380
0.818403
-0.411219
-0.540024
0.698703
1.024458
-0.574348
-0.583682
-0.734496
-0.165375
0.433784
