-0.146468
0.243274
1.093825
-0.501857
0.203853
-0.250126
0.238809
-0.649727
-0.469065
-0.423935
-0.075108
-0.051633
0.146869
0.050129
-0.013891
0.086968
0.109867
-0.123736
0.531085
-0.247421
-0.667446
-0.231837
-0.922816
-0.192116
-0.117071
-0.695452
0.382149
0.788676
-1.067567
-0.181279
0.472947
0.204964
0.093352
-0.342758
-0.143847
0.545236
-0.842512
0.078366
0.128204
0.145933
0.118643
0.305558
-0.278544
0.460617
0.296240
-0.591426
-0.059638
0.739738
-0.332228
0.212991
0.008756
-0.252903
-0.321541
-0.710507
-0.438909
-0.207033
-0.122471
-0.245534
0.449122
-0.244859
0.042554
0.660253
-0.665943
-0.638642
-0.756628
-0.354703
1.104978
-0.547905
1.177229
0.424449
-0.394415
0.384958
0.077386
-0.571694
0.294810
0.558236
0.413880
0.044250
-0.147436
-0.280182
-0.344776
0.675350
-0.409918
0.618568
0.577640
-0.234210
1.055915
-0.333981
-0.848034
-0.333650
-0.567289
-0.068778
-0.032143
0.360649
-0.583031
0.067112
-0.071864
-0.109839
0.298986
-0.419726
-0.159493
-1.390269
0.747390
-0.426857
-0.421720
0.230878
1.146631
-0.068301
0.297531
-0.112663
-0.269616
-0.533377
0.085553
-0.163519
-0.182239
-0.555900
0.324823
0.178687
0.003383
-0.420557
-0.492390
-0.009850
-0.383490
-0.462348
-0.165968
0.235078
-0.154249
-0.249322
