-0.621335
-0.606643
-0.091635
0.296213
-0.566944
0.426038
-0.512765
0.173676
-0.632512
-0.441209
0.470748
0.042007
0.438704
0.499984
-0.427217
-0.243485
0.332653
0.231318
0.002368
0.115089
0.376364
-0.090075
-0.050875
0.230747
0.478201
-0.226286
0.228167
-0.436550
-0.144006
-0.406299
-0.031137
0.007765
0.497364
0.460674
0.255260
0.370702
-0.120661
0.206560
-0.321087
-0.528360
0.283543
0.263522
0.089012
-0.484603
-0.171103
0.563424
0.054127
-0.639681
-0.222323
0.167672
0.322333
0.092664
0.257829
0.073226
-0.092760
-0.504393
-0.665136
-0.259592
0.293348
-0.576386
-0.811666
-0.329575
-0.183930
0.621571
0.274259
0.285810
0.218238
-0.597256
-0.475523
-0.196458
0.213846
-0.402188
-0.294236
0.740802
-0.272572
0.342649
-0.058317
-0.403980
0.341856
-0.350371
0.108285
-0.218484
-0.631086
0.483539
0.221206
0.716795
0.417788
-0.322603
0.353438
0.112630
0.066123
0.385438
0.086898
0.310401
-0.171950
0.080082
-0.625895
0.473191
-0.454111
-0.248959
-0.674332
-0.780895
-0.163259
0.478101
0.506214
-0.361708
-0.801490
-0.363989
0.523025
-0.145158
-0.156848
0.169865
-0.733912
0.085249
-0.265045
0.409292
-0.453372
-0.385731
0.158859
0.573224
0.356910
-0.044820
0.098453
0.007500
-0.076862
0.364603
0.077482
-0.538058
-0.461213
0.063869
-0.044904
0.321327
0.049173
0.510865
0.391380
0.239194
0.556557
-0.384442
-0.499748
0.549622
0.646236
-0.256032
-0.143445
-0.403314
0.344942
-0.902143
-0.343522
-0.286738
-0.189032
0.538987
-0.649321
0.412798
0.230056
0.319881
-0.712897
-0.431066
-0.309782
-0.374288
-0.544068
0.244319
0.473784
0.636283
0.446541
-0.119136
-0.087839
-0.004405
0.412966
-0.319705
-0.551871
-0.776200
0.501432
-0.684071
-0.362565
0.443687
-0.589929
-0.324948
0.473955
-0.083364
-0.610851
-0.130466
0.539340
0.205234
0.256254
-0.217358
-0.058348
-0.016157
-0.264336
0.240988
0.611634
-0.177828
-0.281585
0.429460
0.262770
-0.382309
-0.429453
-0.485333
0.124519
-0.042688
-0.105672
-0.827084
-0.284351
-0.530148
0.633730
-0.063285
0.266986
0.177639
-0.602217
-0.404510
-0.802325
0.279544
-0.504912
-0.696474
-0.521415
-0.673322
0.154679
0.205697
-0.366173
0.300844
-0.923729
-0.472476
0.367201
0.514209
0.459641
0.000761
0.119991
-0.946442
0.113923
0.119731
-0.473360
0.428763
0.113684
0.668952
0.226670
-0.762544
0.110192
-0.375066
-0.373065
0.144009
0.351575
0.192810
0.494441
0.488158
0.571291
-0.106265
-0.029390
-0.646779
0.443321
-0.767797
-0.455863
0.342838
-0.659959
-0.361835
0.279265
-0.545904
-0.575967
-0.465448
