-0.065099
0.244139
0.184386
0.080210
-0.239855
0.051128
-0.138290
-0.098636
0.252568
-0.001540
0.018208
-0.191107
-0.292331
0.159781
-0.173553
0.270782
-0.171457
-0.082046
-0.279841
-0.152442
-0.334209
-0.194697
-0.210396
0.031831
0.215818
-0.211327
-0.148389
-0.309490
-0.040980
0.084714
-0.305120
-0.253317
-0.011177
0.133714
-0.241623
0.125538
-0.337086
-0.183043
0.123813
0.055222
-0.191168
0.439215
0.206048
-0.186254
-0.072341
-0.248445
-0.886025
0.070219
-0.136845
-0.177722
0.350035
-0.103662
-0.104618
-0.092105
-0.083606
0.236022
-0.293470
0.120664
-0.131307
0.206715
-0.464297
-0.035097
-0.021770
0.294044
-0.248300
0.195735
0.246910
0.052294
-0.011297
0.132299
0.008747
-0.020608
-0.325462
-0.047228
-0.179003
0.179843
0.049505
0.098721
0.146191
0.239445
-0.095293
-0.199037
0.259026
0.266116
-0.282440
0.385611
-0.226281
-0.371736
0.292317
-0.123769
0.122205
-0.284093
-0.231688
-0.081821
-0.121726
0.214340
0.055172
-0.145343
-0.568943
0.249280
0.191023
0.012594
0.118973
0.246592
-0.082794
0.172162
-0.166162
0.101352
0.140498
0.176700
-0.351513
0.049793
-0.179711
-0.175929
0.030183
0.217147
-0.016656
-0.334203
0.017671
-0.018223
-0.381150
0.154950
0.021809
0.166774
-0.135396
0.062765
0.183650
0.233076
