0.674331
-0.645900
0.494681
0.346157
-0.090749
0.549833
-0.052450
0.251665
-0.090593
0.394526
0.243422
0.379210
0.046877
-0.308318
-0.350983
0.503884
0.570822
-0.755675
0.592637
-0.011516
-0.095830
0.413394
0.287912
0.415907
-0.919182
0.418868
0.178965
-0.232070
0.608229
0.158705
-0.072972
0.689695
0.624155
0.099095
0.631193
-0.813850
1.190399
0.585878
0.459583
-0.612316
0.435390
0.458608
0.401856
0.789535
0.571823
0.360202
0.524186
0.406673
0.703676
0.496807
-0.332376
-1.106618
0.493778
0.023964
0.506025
0.886063
0.420199
0.531534
-0.202439
-0.603607
0.621759
0.584543
-0.605335
0.293766
-0.164595
0.621414
0.580831
0.591755
-0.888672
0.658002
-0.506187
-0.250263
0.482281
0.298596
0.418546
-0.074896
-0.052149
-0.243536
0.952005
0.602635
-0.955114
-0.021611
0.383491
0.563012
0.336521
0.844441
0.609954
0.507549
-0.379057
1.223526
0.060659
0.775231
0.488102
-0.642369
0.247830
-0.018288
-0.538989
0.299271
0.437636
1.020004
0.507908
0.126326
0.202870
0.667586
-0.524593
-0.262891
1.033157
-0.258272
0.529160
-0.735579
1.039438
0.721118
0.648498
0.585547
0.622692
0.606871
0.285213
-0.280597
0.459207
0.545762
-0.929094
-0.175266
0.969830
0.515197
0.412731
-0.296845
0.480848
0.416038
0.083895
1.101382
0.489815
-0.420880
0.253892
0.556817
0.848997
1.089702
-0.002548
0.107400
0.735192
0.599319
0.159303
0.704736
0.490905
0.535602
0.582920
0.654100
0.255787
0.489494
0.281414
-1.476920
-0.848743
0.323324
0.315227
0.073597
-0.469594
0.697436
-0.025211
1.343871
0.444719
0.698065
0.561716
0.519797
0.681243
0.398964
-0.097998
0.509046
0.265480
0.429448
0.618559
0.308655
0.349430
-0.410331
0.695916
0.720936
0.781303
0.571901
0.980755
0.308162
1.208377
0.033256
0.550068
-0.059143
-0.036102
-0.852879
0.369760
-0.236672
0.311457
-1.035301
-0.842130
0.651072
0.631383
0.802052
-0.129920
0.981389
-0.366790
-0.280176
0.982420
0.525935
0.624097
0.391712
-0.042648
-0.136823
-0.088415
0.627325
0.335543
-0.510223
0.548783
-0.271109
0.891693
0.601483
0.587339
0.559696
-0.285655
-0.563865
-0.220710
0.462503
-1.062198
0.196406
0.577447
0.860400
0.285520
0.219270
0.327938
0.604901
-0.423256
-0.466833
0.502401
0.675172
0.554283
-0.788887
-0.403255
0.918343
-0.111823
0.813200
0.433080
0.199071
0.467534
0.651752
0.108016
0.891704
0.613995
0.643396
-0.383023
0.428249
-0.473649
0.760380
0.704971
0.222597
0.064237
-0.221205
0.730419
0.318219
0.058035
0.769086
0.346713
0.687497
0.422832
0.416825
0.422642
0.641139
0.551544
0.509881
-1.043332
0.212338
0.294829
0.622044
0.676053
0.642441
0.670326
0.325946
0.178418
0.548505
0.773930
-0.658081
-1.007457
0.818331
0.434379
0.725350
-0.041771
0.573197
0.581506
-0.494786
0.374730
1.249765
-0.235729
0.709220
0.470240
0.007706
0.472248
-0.007600
-0.651483
0.080398
0.042829
0.240611
-0.325605
0.187722
0.681789
0.237803
-0.175897
0.532459
0.680010
0.040293
0.750047
-0.232249
0.719675
0.447225
0.470091
0.164431
0.999755
-0.576587
-0.186286
0.317521
-0.189419
-0.050455
0.576652
0.423554
0.660127
0.480160
0.257427
0.492129
0.395695
-0.091740
0.864570
-0.212210
0.312360
0.507344
-0.532221
0.436611
0.126623
0.476010
0.820486
0.461513
0.880034
0.400560
-0.203659
0.626441
0.526678
0.426605
-0.160377
-0.709933
0.279794
0.014638
0.583461
0.639190
0.380162
0.783532
-0.513316
0.328010
0.454454
-0.647361
0.111811
0.329393
1.114694
-0.629710
-0.477406
-0.800231
-0.055625
0.700998
0.651842
0.479854
0.745056
0.660076
0.572650
0.403282
0.473157
0.039884
0.563230
0.385987
0.649661
-0.901370
0.013424
0.481240
0.404436
-0.779042
-0.807522
-0.024031
-0.174639
1.717317
0.328160
-0.039069
0.132117
0.350144
0.068300
0.302677
0.414635
0.665963
0.500685
0.224376
0.479960
0.292600
0.618191
-0.167339
0.530316
0.588595
0.192505
0.578016
0.493620
0.407212
0.514324
0.279508
-0.463841
0.957848
0.646708
-0.260325
1.311394
0.579210
-0.861238
0.179998
1.167038
0.211136
0.565610
0.569794
0.873423
-0.276630
0.530619
0.457180
0.483078
-0.472811
1.039746
-0.781952
0.607657
0.409354
-0.157166
0.642122
-0.085476
0.479213
0.950789
0.245979
0.500083
-0.949587
0.363478
0.275478
0.081977
-0.117103
0.615457
-0.906666
-0.501285
0.919249
0.601796
0.036696
0.886419
0.306868
0.489926
-0.042038
0.082059
-0.452618
-0.381926
-0.032192
0.946499
-0.770729
-0.620066
-0.457896
-0.253164
0.337796
0.446374
-0.647405
0.266960
-0.612600
0.363095
0.805516
-0.335587
-0.353230
-1.287909
0.511783
-0.404742
0.464941
0.518011
0.575963
0.627095
0.780677
-0.090287
0.264254
-0.354810
0.680680
0.526132
0.414907
-0.300599
0.361025
0.468639
-0.505023
0.076335
0.488907
0.059781
-0.037283
0.358762
0.193749
0.507259
0.507819
0.471957
-0.255994
0.428857
-0.043509
0.678664
-0.273877
-0.408236
-0.758074
0.304703
0.112670
0.171406
0.568937
0.558089
0.036238
1.235290
0.421458
0.948651
0.261498
0.376694
0.503146
0.125510
0.674988
-0.855431
-0.666746
