0.378074
-0.148330
0.177040
-0.084677
-0.781898
-0.312101
0.188067
-0.125580
0.794207
-0.203609
-0.124642
0.580053
-0.346451
0.184049
0.477578
-0.209819
0.305683
-0.436865
0.351809
0.273682
-0.355799
0.485260
0.327486
-0.191314
-0.321118
0.194818
-0.062890
0.252740
-0.283737
0.250592
0.148461
-0.322530
0.171425
0.014052
-0.378173
-0.061850
0.257140
-0.082500
-0.033745
-0.674943
0.635336
0.295884
0.056626
-0.082455
0.352828
0.024141
0.069130
-0.245439
0.021979
0.390112
0.566732
0.142145
-0.053599
-0.389043
0.284842
0.402092
0.392770
0.113786
0.084565
-0.470421
0.022676
0.131748
-0.078576
0.921246
0.182310
-0.070223
-0.431711
0.387941
-0.165034
-0.085501
-0.157136
-0.057521
-0.462130
-0.065086
0.548422
-0.634272
-0.493928
-0.071064
-0.139377
-0.878670
-0.362317
0.087584
-0.300097
0.349336
0.503233
-0.128287
-0.109080
-0.019269
-0.306523
-0.024219
-0.842549
0.127840
-0.521821
-0.163749
0.263662
-0.079354
-0.097813
-0.095167
-0.036160
-0.738460
-0.224134
0.240068
0.075307
-0.562523
-0.433872
-0.612519
0.123054
-0.181755
-0.184349
0.736333
0.039949
0.307661
-0.373849
0.592859
0.151972
-0.180002
-0.352535
0.291462
-0.455539
0.190806
0.365495
0.368124
0.553112
-0.228504
-0.082069
-0.142339
-0.631123
0.046246
