0.139868
0.036757
0.200020
0.453876
0.646161
0.458451
0.769614
1.059246
0.716537
0.818511
-0.627153
-0.317532
0.046999
-1.039265
0.256899
-0.670238
1.136124
0.900299
0.773282
1.034783
0.712267
0.149389
0.327530
0.244937
0.152477
0.499585
0.108038
-0.162652
-0.236127
-0.179565
-0.119889
0.043929
-0.081324
0.569609
1.061391
0.533579
-0.250960
-0.812933
-0.223339
-0.570916
0.204414
-0.620269
-0.575776
-0.899238
-0.491700
0.415705
0.426721
0.200769
0.756230
0.598211
0.259091
0.690425
0.757509
0.352845
1.885934
0.994728
-0.450881
1.642432
0.511978
-0.904782
-0.424827
0.395692
-0.100973
0.912996
1.786709
0.778805
0.567928
-0.152569
0.557599
-0.098760
0.265946
0.218077
-0.835512
0.986014
-0.775350
-0.405931
-0.920809
-0.345099
-0.402226
-1.008271
-0.484452
0.244170
0.282027
0.090011
1.013608
1.187054
0.984870
0.531121
1.119638
0.614726
-0.360397
-0.474698
-0.310606
0.803402
1.185106
0.861303
0.763436
1.452049
0.765656
-0.073179
-0.158161
0.028057
0.645952
0.921904
0.718058
0.474126
0.828854
0.527865
1.160880
1.727797
0.947191
0.210272
0.272463
0.233785
-0.610722
-0.195077
-0.428837
-0.557193
2.752399
-0.793432
-0.072227
0.977060
-0.199438
-0.318927
0.804107
-0.383194
-1.253967
-0.786249
-1.139520
-0.499622
-0.124106
-0.619009
-0.938108
-1.233369
-0.546957
0.425864
0.324747
0.453999
0.840995
0.594816
0.833728
0.381400
0.422134
0.349608
-0.465507
-0.797134
-0.391394
-0.345026
-1.445377
-0.252687
-0.829499
-0.393690
-0.781868
-0.543061
-0.020811
0.449184
-1.704316
0.159006
1.729660
-1.355782
0.418087
1.623199
0.696267
1.349177
0.589041
0.387825
1.003481
0.291959
-0.270506
-0.643544
-0.247613
-0.191397
0.323935
-0.278036
0.757988
1.863770
0.493565
0.939972
0.899551
0.965278
1.604319
-2.480011
1.805354
0.952558
-1.287923
0.850372
-0.097518
-0.493104
-0.117264
0.406932
0.404510
0.349982
-0.934689
-0.772612
-0.923248
-0.654252
-1.132268
-0.391664
-0.956515
-0.499558
-0.863223
-0.275571
-0.493825
-0.281889
-0.274931
-0.298782
-0.283618
0.589853
1.099191
0.580809
0.516715
0.879227
0.551888
0.080104
0.212408
0.179243
0.575188
1.406812
0.615625
-0.763297
-1.294761
-0.803756
0.312906
0.226173
0.364330
0.527889
0.458570
0.186376
-0.155918
0.127883
-0.188074
-1.827277
1.063202
-1.909749
-0.641836
-0.627889
-0.601810
0.481820
-0.943620
0.399431
2.622814
-1.939624
2.780856
0.526974
0.523486
0.154369
-1.432441
-0.341893
-1.391589
0.878004
2.777998
0.567882
0.213323
0.410310
0.241135
0.425120
0.587552
0.384286
0.369023
0.993740
0.430070
-0.238630
-0.365074
-0.272269
0.517803
0.724173
0.404172
0.821763
0.977072
0.710497
1.052455
-1.444290
-0.274264
0.825837
-1.280278
0.065099
-0.775858
-0.553497
-1.050343
0.610287
1.714220
0.709444
0.525651
0.736234
0.496612
-0.116958
-0.357850
-0.007261
0.048723
-0.411277
0.074383
0.039676
0.652956
1.107150
-0.337414
0.646244
1.004595
0.001837
-0.240367
-0.014461
0.699112
0.733205
0.640647
0.620795
0.748555
0.564324
-0.911239
-0.541624
-0.864079
-0.531629
-0.029835
-0.576094
0.227793
0.287894
0.292092
1.065060
0.077011
-1.279846
1.094681
0.059129
-1.148835
0.542802
0.041779
-0.722409
-0.348463
-0.445125
-0.309814
-0.399893
-0.618146
-0.369146
-0.359106
-0.372618
-0.414495
-0.008866
0.023723
-0.060929
0.995802
1.326321
0.574887
1.284707
1.546877
0.576102
0.896979
-0.400908
0.846170
0.424511
0.001395
0.384327
0.776044
1.135318
0.786533
2.098853
-0.517245
-1.706826
1.297443
-0.208135
-0.997683
-0.151076
-0.298623
0.082808
0.412650
0.779759
0.432333
-0.783120
-0.930237
-0.864447
-0.811294
-0.876006
-0.963416
-0.084969
-0.008871
-0.124808
0.320541
0.438745
0.356179
0.612986
0.670497
0.657509
-1.129565
1.607883
-1.582597
-0.546608
-0.251281
-0.716607
-0.411717
-1.673858
-0.165970
0.265983
0.649911
0.361363
0.440323
0.731986
0.389187
0.310361
0.535839
0.336482
0.448195
0.598073
0.469853
0.449623
0.743787
0.464148
0.169518
0.145442
0.096635
0.120669
0.273305
0.080486
-0.440753
-0.828833
-0.374121
-0.638718
-0.706135
-0.679507
-0.078782
-0.320695
-0.207925
0.400466
1.214695
0.372223
0.411070
1.454737
0.433890
0.554966
1.715652
0.698477
-0.045478
-0.707677
0.024674
-0.210550
-0.584722
-0.195586
0.079476
0.041906
0.068391
0.346968
0.659454
0.313615
0.414636
0.833159
0.504093
0.621840
0.800128
0.605789
0.427989
0.602944
0.384555
0.031167
0.573196
0.083307
-0.736835
-1.485762
2.157559
-0.167196
-1.393201
2.317639
-0.737951
-0.592581
0.739836
-0.579114
-0.894163
-0.627634
0.941519
1.502351
0.961846
-0.650912
-0.592105
-0.593062
0.523461
0.816568
0.585627
0.387063
0.881454
0.357395
-0.326674
-0.684929
-0.360580
-0.496630
-0.814412
-0.562126
0.093328
-0.411624
-0.152276
1.276958
1.759199
1.459800
0.322153
0.379221
0.368087
0.626023
1.256917
0.690671
0.470335
0.436306
0.464826
0.364117
0.566326
0.453464
0.505616
0.759707
0.507533
0.327174
0.429090
0.308940
-0.608739
-0.957079
-0.021423
1.075606
0.762161
0.854084
0.733178
0.580666
0.438203
0.213873
0.289544
0.222451
0.527634
0.841369
0.502788
0.359986
0.488811
0.281979
-1.055332
-0.642301
-0.981911
-0.862840
0.000159
-1.039306
-0.919568
-0.754947
-0.912169
-1.770912
-0.027501
1.618912
-1.770641
0.532077
1.233097
-0.573542
0.206688
0.778722
0.373130
0.696853
0.284209
0.518138
0.767706
0.431298
-0.122661
-0.078443
-0.120074
0.180617
0.017176
0.169283
0.861719
1.507135
0.808610
0.626360
1.246048
0.648641
-0.123855
1.433521
-0.027071
-0.276611
3.289967
-0.515812
-0.103211
-1.067476
-0.073238
1.014289
1.304040
0.931727
1.053941
1.087942
1.016570
-0.053782
0.408260
-0.177325
-0.933665
-2.468895
-0.998719
-0.532138
-0.383629
-0.477432
1.417682
1.796808
1.340479
0.538808
0.913638
0.445491
0.759799
0.930620
0.704392
0.406380
0.409259
0.377044
0.234841
0.184699
0.194149
0.431117
0.517729
0.399512
0.497657
0.582409
0.520094
-0.040366
0.035702
-0.039593
0.423255
0.792244
0.379769
0.533536
0.823550
0.481630
-2.808710
0.008107
2.842061
0.054475
-0.070339
-0.084911
-0.257179
0.068571
0.050037
0.343207
-0.210139
0.303062
0.499632
0.466576
0.513994
0.417110
1.056930
0.417708
0.540082
0.737246
0.595893
-0.604156
-1.050514
-0.684152
1.272112
0.767276
1.283132
-0.828071
-0.001579
0.851457
-0.857078
-0.224792
0.866715
-1.141370
-0.045515
1.774963
0.750669
1.075474
0.661044
0.325218
-0.006271
0.276192
-0.668247
-0.762280
-0.573857
0.984712
0.569247
1.097483
0.476170
-0.026998
0.776545
-0.459796
0.238377
-0.341854
0.449288
0.577066
0.467159
0.501180
0.829228
0.481771
0.184754
0.245073
0.127539
-1.878062
-0.554173
-1.317112
1.102671
-0.319160
-0.191123
-0.771169
-0.773572
0.024714
0.463447
0.638757
0.514599
1.044270
-0.442552
1.204317
1.575543
-1.578524
1.779845
-0.816080
-0.101886
-0.273691
1.472020
1.004112
0.234128
-0.709620
-0.802431
1.321156
-0.590001
-0.884175
-0.638983
-0.566984
-0.589396
-0.506368
0.010068
0.473328
-0.025043
-0.149303
-0.065674
-0.029592
1.209515
1.475546
1.142180
1.032636
1.336174
1.048783
1.198182
-0.083674
-1.091945
1.221124
0.045057
-1.113391
0.061323
0.038272
-0.119133
0.381986
-1.473129
0.073900
1.349240
-1.120015
1.302738
1.476869
-1.751255
0.895980
-0.351401
-0.267719
-0.315529
-0.584499
-0.571799
-0.605425
-0.405746
-0.504454
-0.426911
0.043978
0.390132
0.003635
-0.760712
-0.771616
-0.820273
-0.748351
-0.813709
-0.746276
0.387763
0.472529
0.342646
0.190908
0.853139
0.309174
0.341356
0.950536
0.253469
-0.310726
-0.788173
-0.393925
-0.454837
-0.390532
-0.537110
-0.564336
-0.887988
-0.422844
0.635775
0.641630
0.653753
0.479207
0.651312
0.498781
0.395229
0.335641
0.387989
0.973869
-0.080480
0.976821
0.356123
-0.350415
0.459005
-0.118458
-0.389363
-0.171149
0.431854
0.839229
0.385805
-1.125613
-0.681947
-1.314994
1.165192
0.741424
1.271061
-0.831540
-0.998587
-0.785339
-0.456970
-0.535624
-0.435810
0.306013
-0.126777
0.276563
-0.838897
-0.523457
-0.856450
-0.589217
-0.704814
-0.567421
0.324798
0.598794
0.317987
-0.559716
-0.921462
-0.545729
-0.362961
-0.761550
-0.563259
0.326708
-0.493268
0.312797
-0.162431
-0.553556
-0.265045
-0.401427
-0.802711
-0.347558
-0.633594
-0.581927
-0.665805
-0.156948
0.417811
-0.040934
-0.309553
-1.509002
-0.367369
0.433794
2.143870
0.340835
0.486698
0.912727
0.541236
0.456070
0.836546
0.476775
0.147932
0.754411
0.207396
-0.848815
0.751501
-0.968392
-1.907262
2.133953
-1.758193
-0.100161
-1.546468
-0.142627
0.068373
-0.428832
0.169694
-0.601669
-0.540605
-0.667196
1.033000
0.841576
0.972888
0.701142
-0.450410
0.681367
-0.429401
-1.055909
-0.384692
-0.714753
-0.348858
-0.736775
0.585093
0.668606
0.469729
0.433196
0.699069
0.498084
0.701702
1.003690
0.670359
-0.576160
-0.637912
-0.624538
-0.525172
-0.424740
-0.400160
-0.096969
-0.044927
-0.167266
-0.480670
-0.582154
-0.433556
-0.099865
0.203383
-0.084216
0.733761
1.317842
0.740807
0.844757
0.123778
0.765208
0.583893
0.466661
0.468958
0.740356
0.096776
0.718384
1.363285
0.653009
1.413316
0.752492
0.775041
0.758686
-0.313130
-0.019728
-0.200863
-0.149912
-0.331646
-0.143931
0.501869
0.677196
0.423634
0.542754
0.918770
0.552201
0.640826
-0.053859
-0.874088
-0.917106
0.043122
0.742501
-1.807425
0.367109
1.709006
-0.231759
1.239292
0.441740
-0.855412
0.708972
1.408441
-1.290929
1.794442
0.697648
-0.093480
-0.264820
-0.013820
-0.443861
-0.611258
-0.484433
-0.576478
-0.757716
-0.622239
-0.429971
1.690909
-0.677387
-1.363952
3.869699
-1.425392
-0.441146
-0.651579
-0.428284
0.595516
0.751078
0.458534
0.686607
0.961036
0.439869
-0.053202
0.025473
-0.091784
0.482694
1.448308
0.482369
-0.545955
-0.540528
-0.468448
-1.013862
-0.880651
-1.026577
-0.433703
-0.644010
-0.489573
-0.666856
-0.865026
-0.553593
-0.234903
-0.549461
-0.063855
0.504717
0.627323
0.412513
0.583136
0.654447
0.519751
0.359677
0.496899
0.375036
0.579625
0.950662
0.544383
0.422707
1.221406
0.549341
0.199059
0.549825
0.251146
0.234198
0.395533
0.217510
0.326120
1.020648
0.344117
0.005106
0.791931
-0.000033
0.511887
0.874487
0.514536
0.515573
0.974044
0.502131
0.079226
-0.024686
0.014863
-0.115548
-0.150346
-0.142667
0.424183
0.673035
0.390189
0.646803
0.625122
0.634952
0.934081
1.095477
0.993305
0.629559
0.816693
0.622122
-0.239954
-0.330891
-0.164723
0.219527
-0.113350
0.095632
-1.000027
0.044467
-1.135764
1.035512
1.882431
0.986947
0.547699
0.903192
0.634946
0.446355
0.527408
0.521548
-0.201457
-0.051859
-0.193087
0.541500
1.512086
0.596129
0.462786
1.270281
0.443197
0.015322
-0.079368
-0.017202
-0.059758
-0.097849
0.214597
-1.628581
0.012407
1.635673
-0.537827
0.015212
0.634263
-0.625385
-0.256835
-0.611453
-0.681830
-0.574247
-0.703075
-0.644549
-0.699353
-0.581191
-0.447525
-0.589619
-0.417129
-0.362901
-0.758254
-0.366480
-0.273995
-0.220548
-0.256178
0.329280
0.921003
0.297778
0.475822
0.864190
0.461761
0.124997
0.281585
0.165451
0.116611
0.275569
0.157275
-0.575112
-0.969193
-0.237346
1.643953
0.218853
1.736234
-0.980880
-0.711540
-1.015867
-0.469208
-0.573426
-0.343153
-0.675381
0.733879
-0.746234
-0.071468
-0.146435
-0.174104
0.602071
0.789246
0.560545
0.770733
0.846549
0.757097
0.683468
0.899291
0.600723
0.676610
1.049255
0.585197
-0.127913
-0.003972
-0.054670
1.320669
1.770043
1.265719
0.232360
0.753217
-0.177149
0.067827
-0.640137
-0.082499
-0.472665
-0.963636
-0.454905
-0.628557
-0.747351
-0.601208
-0.580355
-0.570185
-0.622214
0.749093
0.985908
0.680121
0.606956
0.762520
0.526487
-0.419109
-0.588072
-0.397444
0.680330
0.624726
0.566021
1.063774
-0.037889
1.005314
-0.332420
-1.528288
-0.311962
-0.383351
-0.605154
-0.275027
-0.864393
-0.409281
-0.718000
-0.352097
-0.953231
-0.330876
0.851016
1.220923
0.819411
0.598265
0.910796
0.625058
0.201663
0.020174
0.074417
-0.564969
-0.756495
-0.577257
-0.520055
-0.814799
-0.523522
-0.011772
0.165749
-0.002265
-0.115963
-0.327706
-0.078654
-0.563774
-0.901473
-0.580426
-0.499044
-1.176794
-0.482103
-0.694565
-0.821734
-0.651951
0.338219
-0.984879
0.275891
0.732909
-0.314636
0.753486
1.276427
1.322528
1.073599
1.011927
1.326831
0.923477
-0.459662
-0.132311
-0.370115
0.857717
1.536887
0.826647
0.631045
0.961812
0.611681
-0.443130
-0.531799
-0.460731
0.501797
1.007666
0.579672
0.531783
0.873584
0.517884
0.232995
0.117733
0.081792
-0.285322
-1.399971
-0.102520
-0.500152
-0.645984
-0.502039
-1.238475
-1.062405
-0.879809
0.148804
0.654767
0.054973
0.690926
1.215734
0.685517
0.692523
1.569653
0.784335
0.724352
1.590831
0.361266
-1.109357
-1.441490
-0.978474
-0.490925
-0.832002
-0.410153
0.554739
0.889459
0.567968
0.386106
0.696710
0.459771
-0.081207
-0.083941
-0.075427
0.114557
0.035678
0.081200
0.234397
0.893157
0.461002
0.294725
0.930510
0.393707
0.023655
-0.008868
0.034190
0.435518
0.687340
0.409359
0.640144
0.519316
0.665784
-0.144850
-1.293628
-0.083447
-0.686303
-0.132523
-0.620379
-0.912046
0.123916
-0.894741
-0.449304
-0.366945
0.215298
0.580055
0.618262
1.298733
0.243928
1.084064
0.651350
-0.045771
0.452027
0.266714
0.333883
1.651506
0.578914
0.240175
0.450188
0.693752
-0.340585
-0.491783
-0.354001
0.717235
0.834803
0.702161
-0.371862
-0.625866
-0.361981
-0.289090
0.041768
0.196856
1.953164
-0.301740
-1.890738
1.568434
0.053661
-1.541458
-1.111907
0.314842
-1.077655
-0.822071
0.366325
-0.916240
-0.561389
-0.429193
-0.555684
0.514684
0.556333
0.422998
0.292386
1.285712
0.342488
0.226431
0.579097
0.200289
0.649038
0.794261
0.566197
0.479125
0.657003
0.454237
-0.268343
-0.356357
-0.258414
-0.508636
-1.073393
-0.451906
1.787693
1.464228
1.552014
-0.099229
-0.454137
-0.175190
-0.532828
-0.225790
-0.507945
-0.564481
-0.421700
-0.462423
-0.576999
-0.380730
-0.587894
0.400625
0.773363
1.117513
0.271176
0.811577
0.648292
0.488688
0.725989
0.546453
-0.540474
-0.622991
-0.607101
-0.535873
-0.690696
-0.627674
-0.064292
0.081321
-0.075059
0.226839
-0.042802
0.125207
0.382150
1.017162
0.479889
0.731010
0.750078
0.727051
-0.195662
-0.248606
-0.185704
-0.389427
-0.487671
-0.332217
-0.257785
-0.370540
-0.300580
0.384961
0.750114
0.410840
0.531426
0.794456
0.542110
0.287595
0.331136
0.322075
0.880919
0.226389
0.979752
0.660566
0.672992
0.674161
-0.312671
-0.875823
-0.276851
0.593792
0.839462
0.575274
0.379730
0.651443
0.285482
-0.035017
-0.120767
-0.049562
0.582390
1.126070
0.608405
0.689412
0.486429
0.761875
0.008245
-1.026452
-0.011012
-0.865986
-0.157772
1.121018
-0.567864
-1.363377
1.160483
0.470684
1.532512
0.919164
0.356528
0.745508
0.326888
0.396264
0.939513
0.378194
0.028099
0.299669
0.132077
0.356830
2.847497
0.139608
0.068452
0.725948
0.130077
-0.483770
0.071078
-0.567801
0.534746
0.629888
0.547371
0.292702
0.628499
0.320041
-0.081662
0.100748
-0.071535
0.185059
-0.020522
0.126418
0.650774
1.353120
0.578854
0.786763
0.773521
0.824034
0.048220
-0.273946
0.066761
-0.138765
-0.486205
-0.044630
0.962139
1.552317
0.909785
0.878893
0.905785
0.901765
0.497009
0.722304
0.526677
0.112349
-0.618199
0.099787
-0.645981
-0.481066
-0.655345
-0.716570
-0.796703
-0.588849
-0.809973
-0.801795
-0.765099
-0.144975
-0.121496
-0.050912
0.522340
0.730031
0.499033
0.692477
0.601440
0.720482
0.425929
0.500703
0.364448
0.573466
0.883474
0.565993
0.333861
0.652044
0.411258
-0.177707
-0.336152
-0.176775
0.622275
1.120836
0.658152
0.788107
1.023146
0.769948
-0.318968
-0.297441
-0.480862
0.315944
0.966527
1.351053
0.388523
0.572776
1.119792
-0.444182
-0.383255
-0.470045
-0.530269
-0.644212
-0.594739
-0.247729
-0.552093
-0.204350
0.110249
-0.838104
0.284575
1.162105
-2.214824
2.264969
0.662654
0.183219
0.090020
0.060702
0.212366
0.048058
-0.324817
-0.456272
-0.295806
-0.352989
-0.604949
-0.346634
-0.117471
0.292790
-0.075171
-1.029703
3.234315
-1.204105
-0.134714
0.827459
-0.345140
-0.756561
-1.294389
-0.567619
-0.663027
-1.052170
-0.706038
-0.025398
0.606886
-0.037303
1.208540
1.465887
1.246174
0.868111
1.408255
1.004834
0.174992
0.232092
0.135774
-0.918631
-0.243031
-0.905228
1.811919
-1.844973
1.577385
0.255015
1.357966
0.003590
-0.297262
0.046900
0.183367
1.289708
-0.269736
-1.036167
1.726645
-0.008099
-1.795614
0.050237
0.283946
0.070512
-0.528796
-0.911269
-0.422532
-0.973029
-0.931010
-0.975970
-0.662002
-0.519806
1.315664
-0.449262
0.791566
1.320259
-1.893489
0.600941
1.025034
0.462115
1.100163
0.386144
0.301535
0.987875
0.176683
0.107358
-0.149240
0.142415
-1.202179
0.088543
1.135606
-1.342255
0.041727
1.309429
-0.630664
-0.007838
0.554364
0.723118
0.173241
-0.903100
-1.576378
-0.004202
1.410027
-1.146642
-0.117929
1.225003
0.450749
0.908308
0.712745
0.268466
0.272258
0.567984
0.067836
-0.222665
-0.009291
-0.192441
-0.068291
-0.157705
0.634603
0.803853
0.597746
0.721354
0.922877
0.847846
-0.587087
-0.890051
-0.641054
-0.395079
-0.769225
-0.450883
0.478691
0.753265
0.530072
0.878528
0.683562
0.870223
-1.747250
-1.072761
-2.274911
2.548734
1.926157
2.435186
0.284833
0.563328
0.263635
0.235630
0.418818
0.154485
-0.290613
-0.959291
-0.248391
0.010478
-1.596868
-0.075947
1.256640
3.230798
1.049140
-0.243546
0.067750
-0.222993
-1.464517
-0.269069
-1.367179
-0.713754
-0.850852
-0.852590
-0.622155
0.070496
-0.668882
0.031426
0.217908
0.038458
-0.455995
-0.638358
-0.571426
-0.538844
-0.902880
-0.597796
-0.400092
-0.487509
-0.283846
-0.638821
-0.743019
0.307665
-0.660063
-0.658711
0.578553
0.627934
0.696210
0.607288
0.776297
0.569247
0.730972
-0.000123
-0.564179
-0.073952
0.582131
0.788415
0.648320
0.586974
0.915114
0.607944
0.152853
0.107917
0.119986
-0.483009
-0.532025
-0.455135
-0.394812
-0.414686
-0.417234
-0.164919
-0.144181
-0.121130
-0.256539
-0.415776
-0.209181
0.330459
0.078127
0.308006
1.043886
1.442801
0.934330
-0.897602
-1.577742
-0.713871
0.765785
-0.054960
-0.442654
0.996498
0.971953
0.127798
0.291530
0.499399
0.260686
0.642663
0.817231
0.746829
0.583753
0.679372
0.638231
-0.632838
-0.575821
-0.595429
-0.473258
-0.497635
-0.524548
0.480096
0.757544
0.513022
-0.873662
0.192238
0.710744
-0.161619
-1.274266
0.447481
0.272001
-0.805410
-1.467630
-0.141285
0.191154
-0.113758
0.917726
0.622149
0.926857
0.840828
0.697395
0.824975
-0.312722
1.285342
0.702784
-0.040855
1.238620
0.758174
0.194085
0.645788
0.253885
-0.484096
-0.734128
-0.487962
-0.480967
-0.461831
-0.448040
-0.078798
-0.283047
-0.060780
-0.182463
-0.181461
-0.077113
0.664102
0.712087
0.623742
0.662145
1.194632
0.593429
0.149531
-0.044127
-0.004233
0.259970
0.726563
0.285723
0.994343
1.557976
0.724955
0.844717
0.546867
0.869310
0.418727
0.691831
0.448586
-0.143922
-0.016158
-0.021678
-0.488713
0.179508
-0.516959
-0.675488
-0.450733
-0.659430
-0.185105
-0.408255
-0.241258
-0.221115
-0.668206
-0.259099
-0.895030
-0.548568
-0.847865
-0.476201
-0.849122
-0.558149
-0.154008
0.007559
0.027995
0.064385
-0.808180
0.090746
1.296328
1.261759
1.263741
-0.679923
-0.387962
-0.724870
-0.300472
1.802459
-0.359459
-0.851847
-0.862168
-0.793352
2.031288
-0.949883
-1.018764
1.493449
-0.906241
-0.530725
0.755291
-0.414057
-0.357168
0.507957
0.741318
0.523991
0.496306
0.723078
0.473238
0.053010
0.031365
0.050280
0.388129
0.428382
0.398822
0.689270
1.026920
0.607991
0.289766
0.600421
0.237705
-0.040728
-0.408340
0.115045
-0.443346
-0.407647
-0.191588
-0.573462
-0.779531
-0.502865
0.772110
1.369554
0.710015
0.069853
-0.130264
0.048101
-0.410638
-0.212920
-0.493672
-0.139887
-0.274508
-0.167342
-0.341516
-0.605432
-0.361875
-0.255778
-0.250649
-0.280974
-0.270971
-0.163933
-0.282834
-0.577645
0.447356
-0.532483
-0.637274
-0.659228
-0.701093
0.568577
0.809855
0.506460
0.603155
0.712536
0.660021
0.087591
-0.012569
0.099226
-0.996156
0.131599
-0.890520
-0.721070
0.117663
-0.733884
-0.702822
-0.582207
-0.621519
-0.361603
-0.454727
-0.356479
-0.269043
-0.158798
-0.251043
-0.613470
-0.662669
-0.620745
-0.037002
-0.126784
-0.035905
0.630703
0.889806
0.587415
0.978366
1.100512
1.021466
0.008550
0.185351
0.025321
0.551955
0.618157
0.566560
0.687110
0.750500
0.806477
-0.029459
-0.131635
0.041489
0.683779
1.053371
0.583589
0.593086
1.010750
0.519688
-0.682403
-0.935706
-0.636012
1.052782
0.856640
1.096319
-0.146246
-0.209757
-0.314512
1.009414
1.168585
0.980456
-0.522175
-0.607810
-0.405451
-0.126222
-0.098369
-0.181847
-0.703324
-0.968487
-0.556902
-0.764377
-0.658070
-0.725896
0.128543
0.000308
0.067741
-1.276379
-0.706342
-1.366078
-0.722131
-1.021041
-0.788153
0.319544
0.141787
0.258046
0.289609
0.304686
0.238838
0.489955
0.552124
0.537899
0.167659
0.104114
0.183212
0.800479
0.930383
0.762190
0.884574
1.054576
0.716879
-0.200417
-0.136912
-0.028585
-0.602020
-0.850880
-0.613944
-0.029398
-0.944942
-0.057140
-0.602725
-0.240675
-0.594109
0.280195
-0.005096
0.205018
0.726407
0.813356
0.678973
0.163126
0.252958
0.209495
-0.002168
0.111796
0.058536
0.398525
0.511412
0.372497
0.640858
1.032830
0.673577
1.848893
-1.858156
1.845282
1.122385
-0.682251
0.891817
-0.241625
0.334187
-0.068376
-0.641272
-0.887583
-0.656239
-0.178010
-0.668656
-0.224555
0.366987
0.463707
0.235020
-0.148872
-0.205436
-0.308528
-0.738576
-0.990917
-0.886130
-0.815831
-1.120687
-0.827537
-0.914593
-0.932626
-0.946699
-0.685349
-0.416466
-0.798971
0.172700
1.087032
0.164772
1.748184
-0.238090
-0.223650
1.478136
-0.336296
-0.133840
0.387466
-0.359676
-0.297659
-1.305402
0.405582
-1.320936
-0.392918
1.770936
-0.520259
-0.147160
-1.171166
0.060349
0.139377
1.025549
0.063628
-0.454890
-1.072943
-0.469548
0.785315
1.480425
0.898246
0.250705
0.214705
0.235876
0.393648
0.406039
0.386913
0.505514
0.679997
0.458530
-0.033687
0.179000
-0.083998
0.490220
0.801493
0.447630
0.547219
1.125973
0.532884
0.575871
1.443851
0.493909
0.308483
0.848438
0.146031
0.213166
-0.044910
0.173187
0.668649
0.761270
0.693130
0.613628
0.655787
0.527032
0.085763
0.127214
0.073444
-0.175858
-0.155852
-0.154620
-0.665009
-0.980712
-0.754443
-0.725211
-0.859985
-0.808758
0.083203
-0.320386
0.090729
-0.568942
-0.516295
-0.487154
-0.812072
-0.403115
-0.791502
-0.596013
-1.488633
-0.304377
-0.201558
-1.033417
-0.114227
0.804867
-0.816237
0.051147
-0.209223
0.263276
-0.229307
0.308566
-0.879268
0.352261
2.062841
-0.818915
2.079449
-0.456523
-1.033442
-0.573897
-0.196082
-0.669105
-0.252217
0.283809
0.317902
0.314844
0.721549
0.785855
0.694109
0.713959
0.754855
0.698238
0.115342
0.436494
0.073366
-0.114401
-0.651469
-0.171541
0.707748
1.096532
0.653741
0.313240
0.650717
0.288467
-0.066413
-0.120096
-0.083728
0.169996
0.642162
0.137636
0.531597
0.611638
0.539160
-1.084294
-0.615785
-0.823885
0.362690
-1.497428
0.657890
0.074825
-1.466435
0.522994
0.539373
0.868407
0.524178
0.455562
0.830181
0.524970
0.023285
-0.057503
-0.015391
0.667604
0.933649
0.669959
0.412973
0.436689
0.417764
-0.142537
0.110719
-0.166142
0.669059
0.955064
0.614602
0.457741
0.678727
0.392798
-0.170282
0.039753
-0.050328
0.493109
-0.713003
0.334348
0.597318
2.014527
0.709456
0.359035
0.936707
0.358606
0.320273
-0.174801
0.317181
-0.915807
-1.124825
-0.912335
0.989140
2.206970
0.840740
-0.119850
-0.813697
-0.109399
-0.409502
-0.747714
-0.336703
-0.123931
-0.573325
-0.196276
0.873328
1.453442
1.035375
0.987249
0.535480
1.051617
0.085803
-0.512955
0.263905
-0.051083
-0.155174
-0.036995
0.630987
0.826284
0.695330
0.679275
0.672180
0.745260
0.677021
1.165210
0.608516
-0.345147
-0.995137
-0.169891
-0.273372
-1.518362
-0.088844
-0.222416
-0.635510
-0.164086
0.419532
0.570974
0.388286
0.574844
1.110927
0.612552
0.696743
1.226134
0.604834
1.029505
1.402172
0.778256
-0.109408
-0.628476
-0.101274
-1.205912
-0.880781
-1.234027
-1.053743
-0.754185
-1.062353
-0.031004
0.505062
0.074989
-0.528086
-0.143345
-0.428341
0.337143
2.124217
0.150960
-0.481366
-0.810852
-0.406339
0.039321
0.285826
-0.001548
0.485287
1.141210
0.519952
0.917917
1.277421
0.846989
-0.300271
-0.412538
-0.431410
-0.337547
-0.527807
-0.264694
-0.650342
-0.608310
-0.604195
-0.961296
0.007882
0.995497
-1.602143
-0.400999
1.984082
-1.323440
-0.044210
1.447314
-1.337222
-0.021776
1.365624
-0.727940
0.002573
0.785404
-1.266232
-0.175840
1.499998
0.008359
-0.096418
-0.043537
-0.537066
-0.705419
-0.561920
-0.681476
-0.723807
-0.756247
-0.612989
-0.974566
-0.554319
-0.390845
-0.468571
-0.376373
0.287806
0.233309
0.235038
0.214828
0.224058
0.194641
0.466736
0.616530
0.490133
0.250343
0.447660
0.267014
1.116440
1.650827
1.079583
0.276176
0.339982
0.161361
-0.009819
-0.311155
0.074827
-0.164278
0.556988
-0.153540
0.950100
0.391663
1.012421
1.301229
0.089252
1.344283
-0.840046
-1.224343
-0.884633
-0.702376
-1.383920
-0.793776
-0.197741
-0.185404
-0.106340
0.783404
1.355609
-1.172548
0.869652
0.790792
-1.200980
0.858652
0.346560
-1.180657
1.113663
0.763677
0.993000
1.199738
1.270649
0.893062
0.879188
0.591279
0.726562
-0.721695
-0.895951
-0.677034
-0.431705
-0.702133
-0.423914
0.338036
0.492686
0.346092
1.003941
2.484435
0.946374
-0.536530
0.656092
-0.382563
-0.169797
-1.088210
-0.258071
-0.244501
-0.300752
-0.190670
-0.544811
-0.702982
-0.531891
-0.266274
-0.219445
-0.373350
-0.641260
-0.911287
-0.639655
-0.538771
-0.788944
-0.435234
-0.280573
-0.304133
-0.329701
0.606522
0.863922
0.651701
0.688908
1.090689
0.688602
0.280646
0.307765
0.302411
0.586814
1.330251
0.556758
0.171409
0.835407
0.204146
0.018363
-0.095476
0.021220
0.805104
1.235412
0.829666
-0.590066
-0.157685
-0.636953
0.417084
0.550514
0.401952
0.535393
0.690987
0.500658
-0.299731
-0.557319
-0.218198
-0.556844
-0.534424
-0.623116
1.611636
2.005499
0.624026
-1.290435
-0.596002
0.372119
-0.252285
0.001817
-0.646389
0.893775
2.220133
0.864636
-0.541341
-0.220553
-0.413453
0.207194
0.361942
-0.000193
-0.779369
-1.039317
-0.768864
-0.165800
0.319160
-0.088815
0.696628
1.642016
0.566306
0.428378
-1.745313
0.660207
-1.025394
1.483208
-0.785918
-0.485684
-1.898135
-0.391735
-0.518918
-0.770933
-0.614082
-1.049734
-1.090595
-0.915719
-0.993089
-1.467676
-0.875963
0.061302
0.070588
0.015949
0.793013
0.759320
0.926177
0.899502
1.305913
0.823177
1.250477
-0.670462
1.242296
0.605235
0.097857
0.499886
0.202245
-0.126871
0.131933
0.421450
1.100138
0.505342
0.254431
0.605897
0.329810
-0.507904
-0.485007
-0.404952
0.299501
0.620178
0.237961
0.604259
0.782954
0.652022
0.430776
0.480142
0.446163
0.064489
-0.000442
0.059097
0.522161
0.743842
0.579547
0.592411
0.872702
0.656675
1.549996
1.736944
1.453766
-0.532135
-0.584920
-0.627303
0.452525
0.930496
0.394718
0.298225
0.640986
0.313763
-0.560692
-0.790444
-0.583212
-0.754648
-1.070356
-0.867524
0.540585
1.273678
0.104325
0.911570
2.479642
0.330729
0.238464
0.238850
0.250235
0.277974
0.346538
0.328956
0.452807
0.904682
0.565848
0.363330
0.886668
0.505585
2.138287
-1.004789
2.191810
-0.470576
-1.217152
-0.311404
-0.151870
0.275388
0.325670
1.166045
0.923898
0.983056
0.563120
0.646425
0.482880
0.015660
0.053000
-0.035884
1.744931
-0.275140
-0.634084
1.306263
-0.732278
-0.851810
-0.812718
-0.526411
-0.149084
-0.187571
-0.296051
-0.181328
-0.409282
-0.382921
-0.379030
-0.340763
-0.531419
-0.330117
-0.749466
-1.064827
-0.602873
-0.279916
-0.499775
-0.060802
-0.939362
-0.606525
-0.893573
-0.992159
-0.638678
0.625791
-0.633687
-0.612881
0.164965
-0.016750
-0.364835
-0.601540
0.000077
0.115258
-0.059898
0.077091
0.291713
0.082959
0.685538
0.957539
0.710454
-0.101677
0.155102
-0.014534
0.311992
0.985504
0.457940
0.295246
2.117619
0.330510
-0.234579
-0.225191
-0.266612
0.676978
0.786329
0.657228
0.689273
1.070660
0.597006
0.234815
0.234180
0.107951
0.682290
1.001503
0.697968
0.741291
1.177346
0.674609
0.197808
-0.583724
0.400891
1.600450
-0.574376
2.198108
0.045946
-1.080322
0.247526
0.126016
0.224002
0.105070
0.528692
0.953535
0.513921
0.501239
1.108551
0.359730
0.389077
0.653611
0.411545
0.650287
0.609265
0.715929
0.346927
0.270773
0.351302
-0.172674
-0.261386
-0.177003
-0.411070
-0.608095
-0.415059
-0.476657
-0.452639
-0.507833
0.448582
0.527117
0.484772
0.767160
0.934403
0.810798
0.578331
0.642106
0.494796
0.620823
0.764326
0.596644
0.592909
0.794403
0.481632
0.209393
0.144404
0.196800
0.928581
-0.080087
-1.018254
1.690294
-0.476635
-0.986120
-1.024827
-0.134210
-0.928861
-0.474588
-1.201725
-0.412355
-0.301895
-0.721272
-0.335844
0.415239
0.834394
0.296646
-1.253950
-0.545478
-1.291473
-0.154985
-0.322572
1.054234
-0.755429
-0.653815
-0.318840
-0.206182
-0.692486
-0.316383
1.536314
-0.205791
1.465549
0.163608
0.203003
0.194550
-0.623822
-1.007859
-0.907558
-0.544740
-0.466271
-0.684419
0.022960
-0.172024
1.149831
-0.449390
-0.666602
-0.401215
-0.505716
-0.269260
-0.508452
-0.679719
-0.337131
-0.779985
-1.206074
-0.686743
-0.674716
-0.717505
-0.756773
-0.668741
1.004154
0.005159
0.532524
-0.138269
-0.262588
-0.174129
-0.308744
-0.364790
-0.317412
-0.278952
-0.265675
-0.193756
-0.271789
-0.302568
-0.289862
0.201059
0.142455
0.322961
0.709624
1.496199
0.672881
0.698751
1.218580
0.716301
0.545403
0.797288
0.510287
-0.038967
-0.069824
-0.036107
0.855702
1.053738
0.687186
0.726337
0.788627
0.702653
0.107635
0.033513
0.097643
0.119223
0.035031
0.056329
-0.527716
-0.949182
-0.649824
-0.299468
-0.734180
-0.529483
0.693819
1.815520
0.785572
0.840614
0.801605
0.932750
-0.242264
-1.505946
-0.340776
0.726161
0.140367
0.794749
1.195813
-0.842155
1.165074
1.439059
-1.677959
1.336564
0.128949
0.190794
0.164842
0.657446
0.641002
0.562925
0.731025
1.285386
0.673197
-0.043482
-0.281732
-0.048681
0.529778
0.990902
0.729097
0.766987
1.101349
1.007002
-0.150634
-0.134010
-0.092390
0.408979
0.467346
0.468107
1.059245
1.102734
1.117191
0.450679
0.794925
0.351417
-0.240300
-1.011759
-0.299201
-0.665099
-1.371544
-0.536458
-0.054076
2.801643
1.452793
-0.990897
1.180777
1.433803
-1.222952
-0.694967
0.631153
-0.442416
-0.481244
-0.471883
0.860304
0.949765
0.293025
0.776735
1.609839
0.203027
-0.434293
-0.235836
-0.138386
0.344424
1.071950
0.412835
0.919152
1.527426
0.967310
0.674631
1.115204
0.756825
0.303548
0.509008
0.424923
-0.130193
0.118517
-0.144906
0.083885
0.077953
0.106496
0.255321
0.484752
0.315752
0.642083
1.122499
0.654510
0.168250
-0.558799
0.152380
1.058662
-0.850390
1.136931
1.254205
-1.904983
1.419057
-0.257723
-0.310077
-0.097592
0.578937
0.857807
0.120554
1.027689
1.079306
0.292785
-0.661997
-0.605042
-0.601014
-0.380377
-0.964070
-0.452471
-0.595149
-0.728214
-0.580956
0.460630
0.682352
0.455206
0.718731
0.843335
0.894187
0.035825
0.182390
0.041337
0.443443
1.651499
0.513484
-0.048492
0.210098
-0.040248
-0.209140
-0.336543
-0.332975
-0.152765
1.065495
0.038753
-0.522886
-1.274700
-0.714004
0.792829
1.134476
0.677495
0.271017
1.002766
0.342659
0.295562
0.912023
0.433117
0.125110
0.263569
0.170020
-0.381615
-0.405524
-0.303345
-0.277732
-0.391821
-0.353414
1.277847
0.357726
1.272815
-0.140097
-0.357732
-0.173484
-0.358687
-0.456584
-0.355091
-0.267300
-0.338221
-0.280728
0.494857
1.514840
0.409541
-0.955793
-0.726529
-0.803933
0.812139
0.350005
0.769130
-1.222548
-0.193095
-1.313308
1.347963
-2.618534
1.479594
-0.055744
-1.758301
0.159190
-0.579020
-1.572695
-0.501978
1.116626
1.511897
1.156258
0.256526
0.349435
0.239460
1.531782
-1.241418
1.606762
0.181185
-0.771147
0.158882
0.160198
-0.031094
0.093517
0.246280
0.446425
0.289316
0.577083
1.002354
0.486242
0.444212
0.472876
0.381026
-0.333169
-0.284988
-0.296034
-0.240368
-0.513821
-0.293077
-0.640066
-0.759499
-0.679264
0.555881
1.032845
0.461521
0.578818
0.703934
0.524369
-0.069254
0.286950
0.104139
0.540433
0.983299
0.531168
0.714318
0.446433
0.750490
-0.043153
-0.319447
-0.074746
0.260432
0.496923
0.276223
0.558526
0.864583
0.589228
0.543448
1.221902
0.510244
0.460954
0.942914
0.397828
0.288282
0.553146
0.271610
0.015061
-0.010037
0.048340
0.330303
0.548073
0.384842
1.050669
1.497782
0.988905
0.344162
0.323697
0.393925
1.070951
1.255662
0.227564
1.439152
0.826624
-0.055582
0.025229
-0.152575
-0.249621
0.309437
-0.037969
0.129149
1.445904
0.262569
1.062699
0.992095
0.494877
0.854101
0.515260
0.963795
0.681262
0.747741
1.172742
0.820713
0.689783
0.606538
0.940901
0.472879
1.544623
0.241417
-0.040443
-0.070885
-0.176533
-0.144142
-0.071256
-0.179512
0.278002
0.479463
0.224432
0.416433
0.712077
0.420235
0.339233
0.484391
0.291803
-1.107265
0.075023
1.079751
-0.626517
-0.147456
0.724661
-0.754940
0.156310
0.623294
-0.743763
-0.562914
-0.954101
1.095856
1.687426
1.637950
0.698431
-1.459405
0.653537
1.218649
2.209925
1.354255
0.354572
0.893818
0.231332
-0.050938
-0.058451
-0.016545
-0.040171
0.026277
0.013494
0.435605
0.553015
0.434199
0.428834
0.903112
0.339202
-1.123957
-0.734295
-1.150590
1.297577
1.090099
1.206386
-0.240649
-0.161723
-0.293539
-0.709927
-0.863266
-0.769973
1.074656
1.733307
0.821289
-0.629812
-0.292697
-0.641545
-0.250069
-0.593809
-0.261775
-0.813684
-0.679256
-0.795152
-0.787334
-0.436087
-0.788444
-0.347769
-0.165438
-0.353561
-0.868691
-0.562072
-0.847185
-0.977377
-0.225651
-1.096808
0.041991
-0.049074
0.020050
-0.118102
-0.273429
-0.145520
-0.302554
-0.508052
-0.323815
-0.795016
-0.723537
-0.803066
-0.819387
-0.851656
-0.827782
-0.050424
-0.594656
-0.130426
-0.853384
-1.025284
-0.923062
-0.471095
-0.116752
-0.664831
-0.760067
-0.187067
-0.853527
-0.929377
-0.988647
-1.047953
-0.904757
-0.144579
-0.842662
-0.571803
-0.180887
-0.635048
1.040192
1.268909
1.040235
0.802533
0.934966
0.719642
-0.253366
-0.815208
-0.091841
-1.038538
-1.442375
-0.991339
0.548691
-0.536828
0.660930
-0.900788
-1.436402
-0.904308
0.859460
1.076839
0.782751
0.907946
0.894774
0.721694
0.243290
0.310999
0.394734
0.306040
0.487203
0.276001
-0.789589
-0.544089
-0.596105
-0.578619
-0.674737
-0.526433
0.086473
-0.467158
0.059366
0.076632
-0.301664
0.018222
1.214693
0.549303
1.206081
0.430818
0.667643
0.472948
0.298779
0.522493
0.318385
0.140058
0.179584
0.107985
-0.669814
-0.410201
-0.512726
-0.432304
-0.381658
-0.474840
-0.808622
-0.531119
-0.733631
0.406619
0.671092
0.526719
0.997993
0.701994
1.379624
0.926673
0.840191
1.164225
0.654544
0.754963
0.649458
0.679201
0.943461
0.623358
0.186752
0.059389
0.179354
1.315460
-0.831144
1.390596
-0.823684
0.141540
-1.042709
-0.772200
-1.178654
-0.932383
0.564043
0.010112
-0.476671
0.456587
1.625064
-1.098879
0.679699
1.715427
-0.820396
-0.184588
-0.174816
-0.103424
0.855042
0.978895
0.816937
0.729032
0.992958
0.772787
0.846242
1.396437
0.793632
0.273821
0.573098
0.315981
-0.199615
0.075763
-0.173968
0.595229
0.864035
0.460116
0.547623
0.769059
0.496036
-0.065609
-0.012280
-0.083417
0.138885
0.338321
0.131289
0.421047
1.292422
0.420400
-0.030101
0.112886
0.036197
-0.571599
-0.243598
-0.476300
-0.715897
-0.571287
-0.660472
-0.056155
-0.329934
-0.143582
0.787949
-0.634939
0.793578
1.261128
-0.883960
1.346511
0.750193
-0.229860
0.750311
0.438751
0.752969
0.477260
0.444359
0.471077
0.462649
0.399560
0.393150
0.458937
0.368228
0.714860
0.453259
0.640571
0.686609
0.689739
0.753030
1.111908
0.784617
-0.459006
-0.734542
-0.389648
-0.478932
-0.400291
-0.466477
-0.563223
-0.533708
-0.601200
-0.236363
-0.044823
-0.148199
-0.644984
-0.855132
-0.588062
-0.670741
-0.540473
-0.657525
0.693308
-0.955508
0.730139
1.222195
-1.180307
1.158855
-0.129467
-0.170963
-0.084631
-0.571907
-1.142471
-0.624445
0.679330
0.180150
0.776970
0.681579
0.830302
0.884160
0.235900
0.154159
0.147281
-0.276409
-0.641628
-0.315709
-0.366169
-0.699364
-0.324991
0.717658
0.871066
0.709866
0.204337
0.414391
0.210248
0.055528
-0.140989
0.087559
0.227163
-0.288534
0.371904
-0.909777
-1.053343
-0.779847
1.360186
1.860327
1.136566
-0.297542
0.371236
-0.491532
-0.280672
2.450600
-0.539669
0.636220
0.730440
0.437236
-0.568075
-0.729924
-0.522708
-0.299321
-0.738187
-0.339518
0.043758
-0.054735
0.001551
-1.306352
-0.883414
-1.291729
-0.370726
-0.926009
-0.296494
-0.084234
1.425012
-0.214591
0.169104
0.356509
0.243550
0.208445
0.526202
0.178289
0.617571
0.645892
0.664718
0.870330
1.039658
0.864395
0.571785
0.805125
0.762178
-0.365622
-0.547115
-0.355922
0.623431
0.853930
0.582825
-0.157864
-0.355504
-0.115838
-0.111890
-0.482531
-0.155602
0.385066
-1.755226
0.618462
0.245238
-0.975280
0.181824
-0.494307
-1.287433
-0.463265
0.062966
-0.288147
0.018244
0.544098
0.610449
0.691053
0.830836
1.328493
0.709752
-0.211774
-0.270142
-0.174499
-0.036098
0.128824
-0.059808
0.485999
1.579942
0.640071
0.784474
1.987356
1.035660
0.658033
1.024328
0.700904
0.052636
0.031889
-0.118214
-0.097687
-0.419951
0.031521
0.752038
-0.926146
0.735007
1.710420
2.321988
1.701555
-0.388789
-0.329904
-0.482008
-0.259808
-0.258538
-0.274189
-0.476528
-0.404491
-0.489171
-1.217115
-0.022799
1.442764
-1.534487
-0.055065
1.569931
-0.644044
-0.175438
0.599977
0.516728
0.597583
0.507156
0.364701
0.571047
0.295601
0.029021
0.274420
0.085776
-0.300107
-0.287030
-0.385087
-0.427071
-0.511575
-0.454442
-0.171162
-0.726062
-0.235692
-0.643966
-0.973487
-0.420743
-1.266302
-0.703238
-1.312518
0.129448
-0.703843
0.193148
0.158421
-0.103965
-0.039697
0.873846
0.969260
0.165240
0.958061
0.868931
-0.061239
-0.009422
-1.186549
-0.077077
1.039659
2.111651
1.030913
0.680156
1.871215
0.595394
0.685570
0.881100
0.765118
0.561479
0.310412
0.527992
0.123777
-0.024856
0.054295
-0.096176
-0.107784
-0.096882
-0.552514
-0.668631
-0.509439
-0.552952
-1.030999
-0.532595
-0.204774
-1.235273
-0.081568
-0.409702
-0.967155
-0.384535
-0.027980
-0.653145
0.007145
0.130573
0.268425
0.165436
0.481936
0.759365
0.463717
0.445713
0.540301
0.368608
0.105112
-0.024527
-0.028836
1.250370
-0.016335
-1.204578
1.413552
-0.019652
-1.417323
-0.304295
-0.240552
-0.179237
-0.642769
0.201714
-0.678992
0.314922
2.194504
0.282976
-0.096598
0.326227
-0.135715
-0.690843
-0.888832
-0.713169
-0.584330
-0.855179
-0.530281
0.531482
0.507606
0.564325
0.185463
1.036537
0.385127
-0.714609
1.828680
-0.569292
-0.814181
-0.726647
-0.855651
-0.195568
-0.587556
-0.256657
-1.092459
0.640000
-1.132246
0.017255
-0.033205
0.032070
0.428655
0.461372
0.418853
0.709488
1.108300
0.668350
1.510704
-0.336741
-0.704685
0.788985
-0.130302
-0.637244
0.278759
0.037730
-0.355566
-0.550116
-0.531484
-0.466471
-0.811294
-0.259088
-0.868143
-0.754420
-0.286476
-0.803420
0.602138
-1.376223
0.708439
-0.986465
-0.091951
-1.123636
-0.882404
-0.728003
-0.853751
0.530592
0.913495
0.575157
0.554145
0.762172
0.591006
0.085375
0.209198
0.089051
-0.618560
-0.494203
-0.549246
-0.493578
-0.515297
-0.469067
-0.651359
-1.023748
-0.505621
-0.295870
-0.464136
-0.331238
-0.381239
-0.572516
-0.454596
-0.184530
-0.176104
-0.212126
0.553891
0.690037
0.506034
0.724043
1.046574
0.640681
-0.127495
-0.066992
-0.074517
0.747882
1.372377
0.781807
0.218661
1.365273
0.429866
-0.325263
-0.470985
-0.366030
0.647042
0.770373
0.564830
0.931557
0.977830
0.785155
0.063033
0.165142
-0.030697
0.898875
1.706587
0.794792
-1.133938
-1.194986
-1.223382
-0.159397
-0.771012
-0.053373
0.245887
0.167094
0.301945
-0.829678
-0.867666
-0.854762
-0.787678
-0.759696
-0.785355
1.067435
2.303767
0.903764
-0.324420
-0.506468
-0.194130
0.026276
0.193797
0.019891
-0.558581
-0.409427
-0.594200
-0.955515
-0.685578
-0.856469
-0.458696
-0.590103
-0.453722
-0.456496
-0.596074
-0.491947
-0.553925
-0.979640
-0.594985
-0.353789
-0.639756
-0.392062
0.630772
1.763619
-0.297046
0.601758
1.817399
-0.092209
-0.099644
0.928396
-0.161356
0.028350
1.202638
1.039133
-0.261947
1.502846
1.404661
-0.083499
-0.037906
-0.269536
-0.741366
-1.517980
-1.029043
-0.985498
-1.714004
-0.841248
0.346178
0.034550
-0.269547
0.450696
-1.400806
0.536370
1.145414
-1.703069
1.080307
-0.766231
-1.290129
-0.462137
1.076055
1.262417
1.152078
0.604712
0.973885
0.685189
0.075731
-0.493821
-0.058712
-0.072356
1.322961
1.105214
-0.129499
-0.177804
-0.339728
0.532082
0.114699
0.362302
-0.702456
-1.985055
-0.726915
0.508271
3.218964
0.506026
0.027699
-0.509814
0.063769
-0.249343
-0.024882
-0.383113
1.194496
0.895306
1.100619
0.780343
1.505979
0.628167
0.064466
0.236873
-0.061632
-0.935391
-1.779359
-0.942533
1.319707
3.041590
1.081656
0.988869
0.958609
0.858519
0.837801
1.251052
0.670659
0.108970
-0.032017
0.190394
0.365418
0.616284
0.499005
-0.591781
-1.035810
-0.493958
-0.317702
-1.327716
-0.466748
-1.087049
-0.517281
-1.232466
1.276847
2.359871
1.173885
-0.171341
0.106396
-0.156594
0.666703
-0.359990
0.589963
1.065050
-0.606808
0.431771
1.675289
-1.262131
1.136302
-0.943325
-1.342680
-0.953166
0.996441
1.778024
0.891461
-0.353010
-0.825212
-0.333205
-0.317562
-0.241286
-0.308216
0.323929
0.956555
0.346962
0.832501
1.043090
0.917548
0.856318
1.288555
0.575405
-0.434176
-1.441796
-0.552815
0.247556
0.935104
-0.012775
-0.078968
-0.334624
-0.135441
-0.174004
-0.082122
-0.117471
0.642345
1.397543
0.650156
0.113988
-0.016589
0.100464
-0.404229
-0.635304
-0.359855
-0.755971
-0.738265
-0.760123
0.616816
1.129782
0.590300
0.463480
0.804939
0.406180
0.004715
-0.260998
0.045968
0.562399
0.779980
0.544998
0.427341
0.791874
0.436433
-0.030990
0.082448
-0.072612
0.042978
0.387514
0.080749
-0.561068
-0.677129
-0.547222
-0.572297
-0.526928
-0.628424
1.130025
0.999623
1.110801
0.814175
0.352262
0.978359
0.147401
-0.178374
0.218137
1.042472
1.704246
1.118129
0.539663
0.229032
0.647308
-0.457439
-0.596369
-0.471845
-1.226518
-0.813714
2.614320
-0.709053
0.262420
2.447038
0.303931
-0.338858
0.613955
0.396327
-0.426891
0.307087
-0.588948
-1.324573
-0.512089
0.104677
-2.200824
-0.001663
0.139179
0.062263
-0.042868
1.037198
1.147281
0.473119
0.667932
0.810932
0.317775
1.053459
1.380093
1.059415
0.610156
0.751965
0.598123
-0.074493
0.022269
-0.075601
-0.623931
-1.107431
-0.634232
0.019374
-1.269889
-0.363712
-0.630877
-0.352725
-0.651950
1.063246
1.268802
0.779171
0.456199
0.502245
0.437006
-0.370870
-0.309318
-0.384451
0.761669
0.862136
0.761246
0.554471
0.947139
0.450188
0.040320
-0.112437
-0.029686
-0.124991
-0.450599
0.084407
0.096786
1.242657
-0.110788
-0.855351
-1.102997
-0.907932
0.586189
-0.954417
0.543690
0.552950
-0.616070
0.483827
2.701300
-2.889397
2.761862
0.524554
1.132896
0.431237
0.423664
0.698676
0.351205
-0.037634
-0.189795
0.059568
-0.100871
-0.839989
-0.463009
1.270407
-1.746238
0.484547
-1.083586
-1.453250
-0.866313
-0.985584
-0.897799
-0.945412
-0.952860
-0.103644
-0.915333
-0.017975
-0.904176
-0.009557
0.312080
0.215510
0.303973
-0.740480
-0.696158
-0.646315
-0.614280
-0.857286
-0.574719
-0.078781
-0.232793
-0.037382
0.452867
-0.151472
0.336928
0.939055
1.725514
0.656238
0.394041
0.620456
0.419860
0.541924
0.847487
0.541619
0.132354
0.314906
0.197952
0.653566
0.934515
0.703410
0.577371
0.826585
0.568637
0.191349
0.561873
0.079894
0.099708
0.337936
0.148061
0.378189
0.419616
0.372526
0.403047
0.767306
0.356587
-1.241034
-0.416433
-0.211000
0.096386
2.941062
1.855411
0.358570
2.245833
1.043212
0.570031
1.051395
0.582071
0.296150
0.566589
0.266165
-0.060489
-0.121852
-0.108794
-0.131342
0.308011
-0.469231
-0.415485
-2.100296
-0.143950
0.597064
2.856007
0.309253
0.335266
0.565728
0.302888
0.564003
0.956773
0.553480
0.226124
0.499771
0.137738
0.899410
-0.567483
0.928986
1.359270
-0.518471
1.250123
0.212565
0.567360
0.262055
-0.145015
0.121012
-0.202577
0.060088
-0.171381
0.087339
1.943307
0.635701
1.841962
1.484678
1.729602
1.490813
-0.184575
-0.311764
-0.257062
0.025095
-0.558703
0.170786
0.472299
0.708798
0.478876
0.595909
0.752945
0.610881
0.073129
0.229318
0.029762
0.802477
0.214007
0.628343
0.678414
0.645432
0.726060
0.546108
0.883093
0.411529
-0.233480
-0.199971
-0.234764
-0.051235
0.134760
-0.112592
0.659296
0.921823
0.651197
0.906755
0.959092
1.004079
1.084605
0.970257
1.214349
0.732574
0.888802
1.086704
0.092059
0.437937
0.133424
0.435415
0.581957
0.461158
0.443387
0.405143
0.472319
-0.642433
-0.926943
-1.023978
-0.746296
-0.833470
-0.845794
-0.215672
0.313441
-0.113392
-0.677096
-0.967959
-0.653039
-0.683564
-0.736174
-0.704233
0.305216
-0.026324
0.247495
1.073419
1.551260
1.039541
0.742134
1.201552
0.784617
0.255809
0.301458
0.216213
0.143114
0.215639
0.210362
-0.521786
-0.937580
-0.539668
-0.591371
-0.950906
-0.606585
0.431610
0.974979
-0.044708
-0.241187
1.629555
-0.487691
-0.013676
0.570385
0.019034
0.528808
0.837867
0.834852
-0.445718
0.501150
-0.053066
-2.048286
-1.241807
-2.107542
0.433317
0.773546
0.442637
0.301944
0.911242
0.324836
0.130727
-0.155973
0.187258
-0.427131
-1.139229
-0.253230
0.698593
1.567099
0.586139
-1.417563
0.398280
-1.570825
-0.111750
-0.214089
-0.145353
-0.817646
-1.164256
-0.745012
-0.930133
-1.000422
-0.938838
1.438266
-0.193758
-1.473348
1.393448
-0.030309
-1.504691
0.079077
-0.135797
0.034827
-2.310367
0.504800
1.742506
-1.826082
0.301407
1.359935
-0.186085
-0.398478
0.276667
