-0.115484
1.076912
0.076918
-0.037880
0.963415
-0.622058
0.204145
0.022387
-0.182226
-0.467434
-0.527599
-0.627084
-0.765842
-0.385568
0.843263
-0.943650
-0.193768
-0.179470
0.474780
-0.414433
0.213204
0.719578
-0.923887
1.260384
0.106316
0.592388
0.257056
-0.620792
-0.592351
-0.317577
-1.022269
-1.734345
-1.506031
-0.507368
2.293977
0.039056
0.602190
-0.531183
0.510918
0.047169
-1.955460
0.529836
1.198543
0.419054
1.070958
-0.307755
-0.652020
-0.086964
-0.329136
-2.297547
1.553875
0.105398
0.784325
1.516313
-0.158162
-1.004748
-0.038207
0.304660
-0.240191
-0.171393
0.113897
0.899422
0.397758
0.889443
-0.406736
-0.597420
0.634575
0.811323
-1.113066
-0.722703
-0.696679
-0.548774
0.688713
-0.487948
-0.922942
0.042917
-1.266763
-0.254920
0.476486
-0.843559
-0.873869
0.808546
0.414513
0.975668
0.598523
-0.337435
-0.162356
-0.448827
-0.834267
-0.562671
1.482822
-4.677207
1.610954
2.933029
0.571437
0.548367
-1.448840
2.449457
-0.899561
0.205667
-0.042774
-0.322190
1.518748
0.017444
-0.720402
-0.354589
-0.190462
0.080158
2.082252
-1.437678
-0.973569
-2.176182
-0.346901
0.544393
-0.269988
-0.745708
-0.909819
0.960241
-0.086479
0.594906
0.562324
-0.367440
0.956692
0.295397
0.822457
-0.184802
-0.719748
-1.363086
-0.244025
0.031393
0.813807
0.257102
0.189334
0.910597
-0.118771
-0.329545
1.566099
-0.198288
0.771832
1.463550
-0.584972
0.652958
0.444063
-0.192515
1.212845
2.001186
-1.141385
0.128110
1.125534
-0.808740
0.882092
-1.260744
-2.060843
-0.426697
-0.114021
-0.042096
-0.562566
-0.256752
-0.228493
-0.382027
0.433044
0.125879
0.095364
1.430404
0.107314
0.054330
-0.783403
0.213606
0.041828
-0.424526
0.193401
-0.236142
-0.620677
-0.046659
0.704331
1.294452
-0.556039
0.522914
1.167852
-0.804659
-0.354318
-0.086231
-0.048019
-0.864743
-0.383017
-0.231586
0.599765
-0.541277
-0.588554
0.350261
1.095180
-0.357807
-0.075745
0.688935
0.072672
-0.220595
-0.402614
-0.328124
-0.359426
1.808722
1.196604
0.732643
-3.459131
0.808607
1.204079
1.652248
-0.634833
0.072037
-0.657052
0.322218
1.239433
3.626930
0.503960
0.849213
-2.296278
0.641946
0.193753
-0.577257
0.759880
0.636542
-1.399892
-0.646423
1.604592
0.679370
0.207531
-1.148273
1.212033
-0.204702
-2.821980
2.593843
-0.202768
-0.167755
-1.163919
-0.027704
0.278253
-0.124098
-0.159029
0.293300
-1.527440
0.720681
0.140712
1.288927
0.684657
-1.023605
-0.297118
0.324971
-3.119044
3.343137
0.873094
1.616139
-2.229291
-0.451900
0.993774
0.893624
0.347850
-0.531481
1.306145
0.170559
-0.101848
0.488200
-0.424101
-0.699259
0.724848
1.109319
1.209433
-1.001940
-0.045371
1.712024
-0.526006
-1.208101
0.019917
1.436092
0.729892
-0.599986
-0.999887
0.582832
0.362087
-0.744830
0.241930
-0.576846
0.781437
-0.038001
-0.762030
0.513321
1.455604
-0.008400
0.388902
0.107216
-0.140672
-0.252553
0.314897
-0.015420
-0.509759
-0.158545
-0.260228
-0.389737
-0.220385
-0.435180
-0.616531
-0.599109
-0.243542
-0.109802
0.158883
-0.408717
-0.176915
0.131085
0.680488
0.497229
-0.539116
1.295532
-0.295385
-0.186519
0.022809
-0.411096
-0.058826
-0.256022
-0.170554
0.215926
-0.178797
-0.618212
-0.189254
-0.081177
0.075681
-0.088179
-0.174928
-0.769648
0.028095
-1.011232
0.015069
-1.681630
-0.525768
-1.038042
1.295576
0.316426
0.676262
-0.521327
0.810592
2.154375
-2.698193
0.359335
0.322550
-0.012187
0.880994
0.484659
0.457521
-1.318582
-0.466020
1.663594
0.387659
-0.844501
0.427860
0.242128
-0.058511
0.514864
-1.636728
2.944893
-0.277133
-1.613068
0.876017
-0.090465
-1.215041
0.640348
0.904782
-0.393230
1.145065
1.467817
0.067986
-0.256387
-0.270896
-0.173786
0.265060
-0.164376
-0.085946
2.197538
-0.431388
-0.237343
0.585827
-0.145636
-1.287845
0.615907
2.053515
-1.774729
-1.332641
2.557027
0.257435
-1.454215
-0.286969
0.514238
0.145400
0.337245
0.195776
1.936189
1.224131
-0.289698
-1.925448
-0.021728
-0.143153
0.939775
0.125046
-0.186193
0.788419
-0.771050
-0.769367
-0.674233
-0.993885
-0.335098
-0.682994
0.137818
-0.024680
0.070499
-0.174645
-0.140475
-1.083666
-1.249705
-0.062812
-0.841806
-0.489319
-0.486359
0.397804
-0.681732
0.214373
-0.518795
-0.456944
-0.829376
1.808679
-1.363732
2.660397
4.221642
-2.516168
1.348567
-0.919258
-0.330259
-0.939148
-0.164246
-0.636614
-0.229707
0.427498
0.021647
-0.365653
0.118193
0.323482
0.529397
-0.233511
-0.347722
0.327062
1.736338
-1.133906
-0.098284
1.017986
-0.130915
0.164052
-0.256640
-0.227145
0.166012
2.737000
-0.600055
-0.577839
-0.600970
0.132118
0.089714
-0.468598
-0.279337
0.049269
-0.715810
-0.150880
-0.050802
-0.178734
0.040010
-0.538595
-0.278971
-0.620405
0.210717
1.031778
-2.221898
0.111108
-1.206426
0.784946
1.418340
0.837540
1.204493
-0.414066
-0.569179
-0.216254
-0.797620
-0.394727
-0.820947
-0.411289
-1.161875
0.191516
0.348609
0.376645
-0.166685
-0.078932
-0.018060
-0.341259
-0.147882
-0.149528
-0.250128
-1.020492
-1.578473
0.220370
-0.866729
2.201948
1.129917
-0.422816
-0.203097
-0.189975
-1.701764
1.130753
-0.678071
-0.835374
-1.620273
-0.159187
0.264729
1.873122
-0.294584
0.426091
0.347887
-0.089480
0.459707
-0.006495
-0.170572
1.308759
0.344079
-0.290407
0.665029
1.502606
-0.767093
-0.670775
0.338368
0.581860
-0.281350
0.907727
0.395228
1.778920
-1.198938
-0.975983
-0.263806
-0.005820
0.496863
-1.471380
1.684193
-0.360985
-1.207020
1.012596
-1.466163
-0.348552
-0.285327
-0.002084
-0.219686
0.133012
1.402368
-0.542603
-0.086185
0.078096
-0.368459
0.614049
1.946251
-0.423725
-2.555012
0.370807
0.370631
-0.619633
-0.993478
2.336369
-0.038801
0.607235
-0.024635
-0.354086
-0.029089
0.363813
0.206325
-0.881306
0.011195
1.866486
-0.665337
0.944666
1.163313
0.279899
2.002042
0.597068
-1.475729
-0.534387
-1.524255
-1.037217
-1.133067
2.524604
1.239041
-1.333427
-0.594219
0.414930
-0.046852
-1.165803
0.758539
-0.647637
-0.377161
-0.643739
-0.872108
0.527127
-0.843888
0.229561
0.320687
0.128916
0.825109
0.302480
0.654164
0.633874
1.267257
0.547878
0.717160
0.971105
0.535461
1.725667
-0.042253
0.000217
0.987333
-1.123061
-0.919471
0.753708
0.747155
-0.393397
-0.194976
0.613764
-0.103182
0.367636
1.387914
-0.046642
0.227501
0.231444
-0.190170
-0.018961
1.035170
1.373445
-1.681644
-1.375346
1.657875
-0.587391
-0.719957
1.199537
0.404483
-0.834625
-0.176859
1.129398
0.294207
-0.646909
0.016854
0.688991
1.544890
1.299828
1.750732
0.720076
-0.427744
-0.663542
-0.333617
-0.688280
-0.051798
-0.562395
-0.514758
-0.731801
-0.098303
0.127083
-0.419056
0.077275
-0.140250
-0.449782
-0.526919
-0.321519
-1.777318
0.751811
-0.722579
-1.002757
2.239096
-0.116089
0.132215
-0.204359
0.142691
-0.884236
-0.413970
0.912861
3.538776
-0.258699
-0.609180
-1.040635
0.048875
-0.395880
-0.479488
-0.398361
-0.606996
-0.432696
0.317746
0.593484
-0.899371
-0.182835
0.502842
-0.124144
-1.021952
0.839841
-0.811643
-1.838673
-2.059338
0.213922
-0.653926
-0.634263
0.479014
0.081958
-0.526673
1.489449
0.157500
0.026393
0.576553
-0.270288
-0.163364
-0.386700
-0.200532
-0.653322
0.263630
-0.404569
0.227941
-1.469725
-0.211923
-0.137738
-0.286453
-0.270052
-0.332288
-0.267113
0.011431
-0.178513
-0.289257
-0.256468
0.263053
1.049899
0.392235
0.246185
0.647266
-0.045825
0.516818
-0.139832
-0.752710
-0.459343
0.473063
1.003326
-0.725006
0.107420
1.403361
-0.355633
-0.101181
-0.816150
0.329005
-2.747685
-0.061977
-0.967727
0.079831
1.265083
0.784786
2.541815
-1.314446
-1.504716
-0.935885
-0.823999
0.040861
-0.604962
0.115285
1.115481
1.561272
0.075949
-0.418420
0.055049
-0.759468
-0.291113
0.016786
-0.106788
-0.510953
-0.686996
-0.204310
0.024196
-0.311361
-0.299135
0.132975
-0.438838
-0.035862
-0.351000
-0.274690
-0.045840
1.103448
0.925834
1.315368
1.157964
-1.330267
0.436679
-0.516432
-0.942163
-0.698130
-0.442102
-0.256291
0.781705
-0.762692
1.306284
0.921136
-1.429369
0.607551
1.229153
-0.187719
0.532952
0.041366
-0.214817
1.217515
-0.395580
-0.390849
-1.138829
-0.289188
-0.053559
-0.152874
-0.146811
-0.363325
-0.361811
-0.416794
-0.157318
-0.381638
-0.169771
-0.067967
1.705510
-0.187308
0.204053
-0.056754
-0.319787
0.232744
-0.093386
0.184059
-0.438735
-0.135496
-0.415331
-0.611158
-2.579472
-0.344237
1.021101
2.945642
-0.031905
-0.401429
-0.098411
-0.419597
-0.043823
0.179935
-0.272051
-0.327106
-0.541929
-0.432793
0.869765
-0.042152
-0.940947
-0.822856
2.033220
0.048822
1.655170
0.025823
-1.197376
-0.502171
-0.268043
-0.527393
-0.401270
-0.657911
-0.382216
0.336570
0.236450
0.269734
0.350204
0.682842
-0.296309
0.391675
1.860641
0.390024
-0.588270
0.471238
0.215507
-0.466347
-2.129303
-0.246796
-0.958466
-2.359149
0.836822
-0.503470
1.476838
-0.281792
-0.247781
-0.288845
-0.263027
-0.264494
-0.509388
-0.134265
-0.112916
-0.188141
-0.045704
0.869200
0.911487
1.095944
0.207975
-1.868569
-0.017405
0.416536
0.049636
0.105294
0.243342
-0.507932
0.269475
1.507301
-0.005881
-0.373374
0.747759
0.154914
0.009637
-1.262054
1.195274
-0.506446
-2.889529
2.683522
-1.509625
-0.611282
-0.086083
0.606550
1.393112
0.835563
1.215350
0.079467
0.976550
0.161854
0.327339
-0.558753
0.447110
-0.312645
0.044546
0.425203
0.346234
0.194630
0.603169
-0.345580
-0.144863
1.371263
1.204897
1.680313
0.810315
-0.034765
-1.075965
-0.216482
-0.342597
-1.018989
0.002235
0.210648
-1.047733
0.718450
-2.331380
0.178996
-1.080443
-0.005250
-0.692380
-0.376664
-0.305133
-1.724854
-1.387632
0.226460
1.205135
0.218794
0.574680
-0.568548
-0.583539
0.340857
0.741297
0.380242
0.909953
1.049779
0.023473
-0.580406
-0.196558
0.008556
-0.061792
-0.551734
-0.424911
-0.095258
-0.159421
-0.217877
-0.286038
0.319795
-0.202714
0.006359
1.022894
0.752541
0.160377
0.347609
-0.383914
0.027747
0.825847
-0.553344
0.257214
1.303021
-0.003016
-1.210104
0.371448
1.049449
-0.421849
-0.187451
-0.221185
-0.399642
-0.528011
-0.419357
-0.295249
0.205551
-0.334683
-0.267123
-0.380701
-0.318160
0.426187
0.141147
0.340703
1.506408
1.471855
1.778431
0.124779
0.456839
0.315489
1.574609
0.776801
1.122655
-0.029692
1.045482
0.355794
1.410682
1.595075
-0.557752
0.111626
1.752036
-0.858612
1.347203
2.290556
-0.222708
-0.240040
-0.208883
-0.932957
2.678176
-0.376169
-0.158198
1.315081
-1.152815
-0.073966
1.415565
0.334053
0.472060
0.981329
1.398051
-0.272321
1.493425
2.055460
-0.105002
-0.618892
-1.659650
1.227389
-0.640860
-0.446375
0.222643
0.674081
1.664860
0.088506
-0.180320
-0.944814
-0.338839
0.059004
-1.180820
-0.285972
1.739694
0.297393
-1.393992
-0.692529
1.021672
0.548949
-2.577316
-0.128797
0.086129
3.188204
2.136526
-0.235986
1.054941
-0.320732
0.021163
-0.146953
-0.007144
-0.318754
0.075999
-0.272499
-0.434981
-0.190884
-0.137598
-0.036099
0.746817
-0.428233
0.329698
0.846118
-1.492090
0.096083
1.413210
1.539807
0.431134
0.174014
-0.259693
-0.638275
-0.267817
-0.257858
2.266704
-0.006812
0.189195
0.611770
-0.125226
-0.035811
0.009154
-0.426443
-0.268022
0.370192
-0.370711
-0.179602
0.404355
-0.584205
0.077264
0.404109
-1.299164
0.252720
1.115744
-0.190891
0.087300
0.127700
-0.840461
-0.340227
-0.263923
0.546887
-0.195748
-0.588237
0.013989
-0.295836
-0.503779
-0.679928
-0.985226
-0.079573
1.524389
1.423486
-0.265485
-0.531555
-0.711769
-1.525834
0.357721
-0.567263
-0.114035
1.140315
-0.617544
-0.524139
-0.366918
-0.170536
0.178505
