0.053127
0.004251
0.213724
0.215844
0.233103
0.193520
0.060952
0.013862
0.115399
-0.210759
0.360284
0.147139
0.189033
0.062433
0.147105
0.059344
0.157482
-0.067805
0.202984
-0.008030
0.178294
-0.023274
-0.185000
0.136046
0.279757
0.200059
0.227705
-0.087379
0.106540
0.034600
0.089401
0.168358
0.119421
0.352444
0.079824
-0.188448
0.081098
-0.190877
-0.208335
0.235106
0.122256
0.276182
-0.055543
-0.116314
0.099516
0.010075
-0.075337
0.135369
-0.147381
0.363260
-0.113535
0.098104
-0.057448
-0.189355
0.269670
-0.015841
0.107430
0.166016
0.080654
0.132901
0.199514
-0.057220
0.286407
0.151029
-0.022856
0.189463
0.075327
-0.433737
-0.076089
0.080823
0.011935
0.045089
-0.044061
-0.220854
-0.239442
-0.033832
-0.049940
0.025350
0.030922
0.283393
-0.112367
0.014682
0.162954
0.016808
0.025752
0.147597
0.147198
0.134835
-0.051194
0.002440
-0.120845
0.017043
-0.067945
0.009009
0.038880
-0.046564
0.097056
0.043180
0.181440
0.230132
0.092945
0.106078
-0.095938
0.243490
0.115538
-0.099988
0.038297
0.182350
0.302870
0.378297
-0.115235
0.051652
0.070002
0.217091
0.104294
0.126651
0.094469
0.095358
0.012699
0.891132
0.050505
-0.182923
0.408889
-0.033503
-0.142266
-0.036101
-0.021422
0.034575
0.169292
0.005116
-0.243976
-0.069006
-0.109457
-0.080872
-0.053109
0.184310
0.042833
0.128715
0.355055
0.386605
-0.041463
0.148511
0.082773
0.117209
-0.433896
0.147388
-0.018884
0.281938
-0.000755
0.154672
0.166540
0.024402
-0.042652
-0.066796
0.164731
-0.058920
-0.198682
0.116105
0.036905
0.201722
0.130823
-0.076851
-0.100718
0.049025
-0.023217
-0.084428
0.219027
0.052750
0.107705
0.045125
-0.029257
0.086057
0.342234
0.087266
0.110158
0.811151
0.268908
-0.166760
0.001241
0.270812
0.017494
0.050870
0.141987
0.228644
0.273841
0.049777
0.122615
-0.105794
-0.126560
0.182930
-0.171838
0.031582
-0.031167
0.045656
0.055475
-0.057467
0.046309
0.008607
0.065036
0.074284
-0.085500
-0.042298
0.057933
-0.018975
-0.206378
0.350879
0.269188
-0.269095
0.070181
0.112563
0.022174
0.202036
0.319619
0.124102
0.389946
0.156243
-0.081758
0.216870
-0.028971
0.261616
0.242118
0.011563
-0.043844
-0.079770
0.301045
-0.012501
0.186854
0.098592
0.149125
-0.197814
-0.141079
-0.007715
-0.020554
-0.061287
0.156428
0.063162
-0.042442
0.073075
0.009860
0.010284
0.134128
0.113373
0.303925
0.226121
0.073634
0.227086
0.369911
0.174940
0.031081
-0.079652
0.149628
-0.044533
0.186589
0.141539
-0.043247
-0.043987
