0.360310
0.610595
0.483433
-0.798871
-0.266068
-0.832980
0.938982
0.036946
1.105650
-0.541419
-0.113450
-0.164172
-0.240329
-1.359603
1.991427
-0.913837
-0.297940
-0.417802
0.376218
0.433309
0.588959
-1.208939
1.836960
-1.622757
0.058895
-1.883786
-0.206770
-0.590920
0.228981
-0.586044
-0.799236
0.123681
-0.199527
0.158532
1.548060
0.922177
0.365624
0.713613
1.040066
-0.615527
1.371021
-1.430815
-0.306562
-1.526819
0.574687
0.408573
1.567520
0.236009
-0.260370
-0.329137
0.307893
-0.021589
-1.004510
-0.773039
-0.020766
0.694914
-0.127091
-0.545518
-0.517545
-0.433397
-0.199176
-1.000671
-0.763308
0.154248
-0.826403
-0.208947
-0.038240
0.442039
-1.137259
-0.615999
0.186707
1.895399
0.403408
-0.450787
0.738893
0.083010
-1.231096
0.805068
1.150879
-0.164288
1.188576
-0.709441
0.095137
-0.739871
-0.527486
1.361313
-1.443235
0.911899
1.489066
-1.345300
-0.152572
-0.647955
-0.921980
-0.062649
0.259107
-0.552953
-0.437231
0.350048
-0.833322
0.837289
-0.131350
-0.248599
0.821538
-0.564856
-0.200360
1.043078
-0.196068
-0.223567
-0.597851
-0.287620
0.678152
-0.797695
-1.303400
0.361659
-0.290556
-0.324661
0.005708
0.698084
-0.177682
-0.473836
2.555111
-1.975788
0.298559
0.478053
0.146616
-0.899711
0.980950
1.305573
0.784705
0.146327
-0.346254
-0.173291
-0.534064
-0.856030
-0.406306
-0.063156
-0.520958
-1.066054
0.847092
-1.420479
0.877912
0.835942
1.169877
-1.691824
0.195395
0.230088
0.422406
0.744523
0.567366
-1.149156
1.189746
-0.150611
-0.554859
0.913478
0.403149
1.113180
-0.192503
-0.364699
-0.288267
-0.767579
-0.072715
-0.823227
0.076545
-1.065498
-0.210451
-0.556450
0.400363
-0.574451
0.710527
-0.661683
-0.834587
-0.435507
-0.943334
-0.249329
-0.551001
0.088186
-0.403805
0.127369
2.271554
-0.037005
-0.155203
-1.143176
-0.417038
1.735824
-0.392663
1.147326
-0.145852
-0.229296
0.455964
1.058120
0.217895
-0.176542
0.914926
0.949498
-0.578144
-1.415913
-0.939202
1.451259
-0.254852
0.309464
0.280083
-0.300281
-1.395682
-0.137732
0.443026
1.605957
0.947913
0.474282
-0.285241
-0.056904
1.768447
-1.347092
0.055293
0.411188
-0.494278
-0.306231
-1.202431
0.833808
0.411664
-0.751362
1.445536
-1.006377
-0.710584
-1.132258
0.075505
-1.279212
0.501799
-0.523947
0.803600
0.500842
0.054416
-1.093669
-0.003109
-1.213999
-0.431706
-0.719979
-0.272546
-0.248818
-0.785408
-0.202164
0.097037
0.512186
0.145305
1.488422
-0.266002
-1.120087
1.212998
-0.568378
-0.692930
0.473937
0.013902
-0.234532
1.145873
-0.641775
-0.200420
2.038473
-1.120584
1.035269
-0.145746
-0.078203
0.283769
-0.628833
-1.175500
-0.126290
-0.985426
0.365319
-1.103055
0.014143
2.911869
-0.121818
-0.013797
-0.320038
0.797113
-0.989320
0.844891
-0.797574
-0.695137
-0.033225
-0.760114
0.277512
0.675894
-0.445031
-0.256139
-0.300567
-0.568333
-0.631950
-0.632898
-0.361115
0.374575
-1.828535
-1.291184
0.567940
0.371879
-0.086592
1.406996
1.324851
-0.199305
-0.558455
0.172958
-0.720675
-0.553828
-0.667678
-0.420102
-0.261384
-0.658160
-0.054901
-0.264950
-0.318676
-0.113866
-1.254297
0.316693
1.522117
-0.358605
0.734406
-0.094434
0.462829
-0.328351
0.347539
-0.469682
-0.051605
0.956243
-0.740167
0.299864
1.484059
0.081109
0.161287
0.068565
0.549300
-0.982027
0.347118
0.752004
1.083760
-0.054784
-1.048463
-0.323767
0.960532
-0.318944
-0.080360
1.726810
-0.017554
-0.089070
-0.306270
0.085562
-0.563223
0.559658
-1.135820
-0.139760
1.591361
-0.202190
-0.041815
0.298822
-0.971867
0.118313
0.044758
-0.670104
-0.086558
1.851544
-0.564263
-1.069117
-0.512826
0.398827
0.995404
0.184480
-1.084806
-0.066048
-0.696261
-0.445164
-0.528086
-0.449932
0.932301
-0.457586
-1.343498
-0.235229
1.301378
-0.685394
-0.263282
-0.482047
-0.611471
-0.917866
-0.132704
0.402663
-1.451374
0.237275
0.181004
0.527457
0.175761
1.407936
0.665373
1.649723
0.830847
-0.723530
0.281973
-0.992907
-0.670766
0.048215
-0.517709
-1.052899
1.294526
-0.222802
-0.342033
-0.692885
0.465479
-1.523608
0.226159
1.253721
-1.490046
2.243720
-0.699239
1.260561
-0.995287
0.189065
-0.409586
0.021937
-0.143332
-0.616740
-0.086425
-0.725942
1.282285
0.841607
0.822004
0.232099
-0.180967
0.105265
-0.500833
-0.448204
0.545724
0.078538
-1.621372
1.103855
-1.761655
0.582696
1.098694
-0.613289
-0.290053
-0.480573
0.393666
-0.305075
0.249021
0.846766
0.396425
0.740004
-0.164803
1.103221
-1.258576
0.159717
0.209807
-0.849413
-0.720354
-0.850355
0.182230
0.109723
-0.246578
-1.585350
1.647818
1.378438
-0.447847
0.803520
0.847622
-0.037824
1.179812
-1.139324
-0.993821
1.353929
-1.134074
-0.676861
-0.855270
-0.960226
0.959983
1.487022
-0.287905
-0.545098
0.900046
-0.472556
-0.066873
0.055984
-0.379864
-0.198965
0.085953
-0.287657
-0.161853
2.683731
-0.615626
-0.573609
-0.752170
0.015202
0.698551
0.197513
0.469191
0.148733
-0.288629
-0.272712
-0.580422
-0.591251
-0.600456
-0.473386
-0.006895
2.311242
0.496698
0.434008
-1.365809
0.028022
0.006440
0.301020
0.096742
-0.396710
-0.052388
0.235559
0.044197
-0.829944
0.221271
-0.355998
-0.786060
-0.427892
-0.645971
0.555118
0.564875
-0.865648
0.392801
0.487452
-0.813602
0.162989
0.618376
-0.283162
-0.302596
1.677871
-0.329298
0.469651
0.824222
-0.001245
-0.735081
1.504039
-0.313336
-0.128471
-0.393122
-0.582321
-0.385323
-0.560322
-0.161538
0.677257
-0.104176
-0.371669
1.145451
-0.156864
0.303865
0.457946
0.567473
1.088257
-0.809255
1.470431
-0.677143
-0.565862
-0.911085
0.218571
1.387824
0.381833
0.325567
-0.234994
0.798019
0.463251
-1.627917
0.495050
-0.815356
0.378825
-0.893114
-0.283386
1.896612
0.152098
-0.285584
-0.088436
-0.238218
-0.599439
-0.176768
-0.968172
-0.043979
1.810765
0.382320
1.820100
-1.387236
1.404085
-0.085973
-0.122362
-0.005010
-0.577909
0.472594
-0.301855
0.170563
-1.125203
-0.613742
-1.272812
0.446345
-0.531636
0.518014
0.879008
-0.981805
-0.306241
0.902635
-0.445153
0.025464
0.574583
-0.301838
-0.485447
-0.591392
-0.340808
-0.665138
-0.656212
0.181083
2.306725
2.774982
-1.315297
-0.058383
-0.581248
-0.431881
-0.361770
-0.390885
-0.380992
0.176606
2.849629
-0.173576
-0.296361
-0.894518
-0.329103
-0.297193
-0.535872
0.215047
-1.206054
0.917404
0.421883
0.032690
-0.979410
-0.536551
0.060933
-1.903261
0.007231
-0.456059
0.351381
-0.030577
0.614721
0.467853
0.697561
0.090459
1.069451
-0.590188
0.132572
-1.240048
1.660053
0.641300
-0.276398
0.200966
-0.659735
0.658928
0.698971
-0.167530
0.252198
0.479613
0.597022
0.496161
0.933712
0.203978
-0.131579
0.640622
-0.419851
2.282036
-0.637044
0.473043
1.493856
0.210871
0.883750
-0.096990
0.135887
-1.798818
2.871201
0.160388
-0.271211
0.321334
0.368780
1.586743
-0.410006
-0.352296
-0.686079
0.003110
0.653031
-0.834076
-0.160926
0.687946
0.603056
2.158584
-0.611272
0.367480
-0.058710
0.159604
-0.661146
-0.803903
1.035028
-0.398214
1.886995
0.234742
-0.498143
-0.135367
-0.628432
0.384648
-0.853638
0.348752
-0.245579
-0.686962
0.566700
-0.603438
-0.965662
-0.759507
-0.157699
-0.504593
-0.279451
-0.781257
-0.688802
-0.408948
0.618905
2.338140
-0.423434
-0.672427
-0.840585
-0.722842
1.062686
1.404461
0.242595
0.181988
-1.090682
0.078770
0.600829
0.281003
-0.106996
0.144411
0.800776
-0.379711
-0.904376
1.552331
0.730431
-0.113167
-0.534528
0.883652
-1.186848
1.184710
-0.970989
1.908879
-0.590069
-1.088447
-1.552318
-0.160947
0.163475
0.770847
0.029720
-0.511132
0.990786
0.630701
-1.668959
0.150648
0.026813
-0.269583
0.598560
0.208003
-0.468164
1.358825
0.057231
-0.820052
0.158643
0.303056
-0.664007
-0.415252
-0.563171
-0.311550
0.509618
0.804862
0.673899
-0.824728
-0.794921
-0.760545
-0.282858
-1.301140
-0.352864
0.045646
0.604240
0.097199
-0.305658
-1.052594
-0.718836
-0.474001
-0.669003
0.035940
1.383246
0.299539
-1.481139
-0.085185
0.915738
-0.051860
-0.537234
-0.690160
-0.948208
-0.576503
-0.911040
-0.802616
0.125413
0.529657
0.453859
-0.669460
-0.899013
0.096164
-0.695013
-0.199895
-0.223588
-0.250971
-0.525387
-0.645644
0.393100
0.497120
0.419478
0.904980
-0.258727
0.763579
-0.130105
-0.287805
-0.281969
0.115921
1.172997
0.036830
-0.340551
-1.088733
-0.326030
-0.511390
-0.353537
-0.629868
1.348008
-0.120292
-0.950883
0.899204
-1.251634
-0.016522
0.737967
-0.685965
0.106260
0.042606
0.460761
-0.297036
-0.307208
-0.156780
1.611103
-0.067032
0.019173
0.692892
0.886241
0.195699
0.950702
-0.429538
-0.401074
-0.556495
-0.599692
-0.270524
-0.592040
0.144633
1.736809
-0.103282
-0.048788
-1.071976
-0.016719
-0.162470
0.407105
-0.076539
0.235698
-0.034028
0.265301
-0.649044
-1.339289
-0.569781
1.403220
0.917630
1.234156
-0.762290
-0.417945
0.342155
-0.463664
-0.233326
0.913342
0.140894
-0.138542
0.074979
-0.771719
-0.400468
-0.600732
-0.591337
-0.106985
-0.614917
-0.390860
-0.210648
-0.532024
-0.167062
-1.445656
-0.052915
-1.788810
2.677515
-1.649952
-0.800963
-0.317147
0.663794
1.344221
-0.444696
-0.120237
-0.479649
-0.273683
1.350223
0.157586
0.558809
0.178284
-0.506189
-0.242656
-0.846699
-0.246908
-0.043389
0.694812
-0.487985
-0.396772
-0.411523
0.774732
1.668514
-0.267528
-1.613232
1.076822
1.335851
0.080606
-0.168738
-0.030131
-0.502275
-0.978524
-0.205543
-0.786840
1.297147
-0.232924
-0.804464
-1.016999
-0.403060
-0.521898
-0.481798
-0.624578
0.113670
0.180146
-0.101776
1.226726
0.270838
-0.083182
-0.767913
-0.377206
-0.864487
-1.032372
1.012737
-1.069206
-0.475033
-0.639023
-0.249266
-0.516241
-0.836645
-0.018742
-0.924321
0.288451
0.886309
-0.608826
-0.305036
1.519381
1.285190
0.172405
-0.367102
-0.411468
0.742479
-0.626777
-0.022463
-0.694205
0.233449
-0.253374
-0.980214
-0.427951
-0.332365
0.367118
-0.614464
-0.487985
-0.691110
-0.328124
-0.587505
0.929777
0.015423
-0.948801
0.730355
0.408340
-0.838377
0.113215
0.581641
-0.343133
1.708852
1.461923
-0.216921
-0.641993
-0.162592
-0.423887
-0.440384
-0.247039
-0.912161
2.334008
-0.920492
-0.488829
0.314860
-0.508230
-0.512050
-0.840707
-0.296778
0.780792
2.091122
0.404406
-0.321634
-1.303217
-0.194246
-0.289088
-0.219919
-0.170300
-0.228275
0.436131
0.236431
-0.238197
-0.203392
0.250777
-1.416547
0.239415
1.486905
0.080288
1.293911
-0.455186
0.743207
0.131106
-0.484326
0.986158
-0.055327
-1.047674
-0.751186
-0.702947
0.929039
-0.764659
0.509778
0.936422
0.481381
0.461897
-0.016023
-0.107962
-1.481752
0.488939
-0.877923
-0.233584
1.697881
-0.261327
0.553737
0.108638
0.408691
0.441279
0.226487
-0.145195
0.704443
-0.470886
-0.332904
-0.954434
-0.569193
0.291395
0.342848
0.616592
-0.781891
-0.031914
0.970058
0.583597
-1.088534
-1.160605
0.622119
-0.072064
0.601598
-0.589593
0.832320
-1.149282
-0.689128
-0.029404
-1.079811
-0.338655
-1.167841
-0.369993
0.238337
0.911636
0.381746
1.032703
-0.604576
0.923825
0.547213
0.245141
-0.532500
1.596147
-0.845689
-0.059416
0.623086
-0.107067
-0.312360
-0.718371
0.440940
0.135280
-0.882875
0.077532
-0.010892
-0.912000
0.185113
-0.723594
0.325979
1.390264
0.363872
0.028424
-0.357632
0.436019
0.161570
2.108094
0.282602
-0.232882
0.396317
-0.339822
-0.689576
2.301465
-1.945071
0.646036
0.473689
-0.064907
-0.354737
-0.269522
-0.287601
-0.582985
-0.464206
-0.741046
-0.032059
0.171509
0.012996
-0.077135
-1.057135
-0.852427
0.878070
1.303018
-0.931044
1.305745
0.481550
-0.393514
-0.121361
0.179891
0.020280
-0.729084
0.671564
-0.426093
1.078249
1.219519
0.384687
-1.066957
0.000740
-0.104012
-0.611387
-0.091694
1.758786
-0.056131
0.150359
-0.319535
-0.262877
-0.194461
-0.232722
-0.546335
-0.962078
-0.542500
0.567424
1.565197
0.020179
-0.441173
-0.062483
-0.178800
-0.895070
-0.422841
1.188025
-0.204613
-0.353496
-0.186931
0.264018
0.228352
0.454573
1.933528
-1.165310
-0.089616
0.818698
0.902318
-0.549836
-0.509536
-0.211272
0.320449
1.749253
-0.111131
-1.770811
-1.221494
-0.269150
1.054520
-0.335504
-0.762939
-0.101563
0.724882
-1.861155
0.920089
0.868518
1.235526
0.883545
-0.080559
-0.756195
0.022741
-0.123082
-1.502843
1.271350
-0.880565
1.353614
0.152105
-0.633156
-0.309680
-0.903774
1.235615
-0.052198
1.882891
0.148022
-1.088598
0.049171
0.689395
-0.492630
0.323114
0.841883
-0.450752
-1.010371
0.639779
0.689373
-0.686491
-0.669489
-0.783667
-0.999465
-0.599690
-0.362620
-0.585789
0.393124
0.484606
-0.029057
-0.131082
-0.876080
-0.273652
0.003664
-0.838744
0.103485
-0.408178
-0.501391
-0.461688
-0.674578
0.058711
0.613868
-0.812745
-0.178978
0.897388
-0.703698
-0.005006
0.717506
-0.664793
-0.386098
0.669766
0.005129
-0.335878
0.234300
-0.269334
-1.333067
2.228162
0.092681
-0.377852
0.170949
-0.828246
-1.354178
1.467699
-0.174771
0.398808
1.434165
-0.463426
-0.459021
-0.443214
-0.686281
0.245563
-0.505615
-0.596347
-0.996324
-0.586572
1.858440
-1.227904
-1.241733
-0.273393
-0.166986
0.125214
-0.319700
0.113343
-0.347896
0.156780
1.163247
1.569079
-0.096054
-0.411409
1.194751
0.645568
-0.422581
0.038632
-0.979717
0.688259
0.252697
-0.717233
-0.801072
1.136755
0.161457
-0.463104
0.454195
-0.837141
-0.783251
1.523438
0.995324
-0.000209
-0.393115
0.605475
0.358581
0.111611
0.301516
-2.153590
-0.501407
0.234105
-0.173827
0.054231
0.063176
1.149647
1.018824
-0.559501
-0.861933
-0.134779
-1.297413
0.736238
0.932929
0.331229
-0.138230
0.704756
0.386055
2.608210
-0.664187
0.009861
0.314114
-0.769555
-0.783155
-1.097122
-0.174500
0.413404
-0.629928
-0.510370
0.065652
-0.123764
-0.609342
1.235813
0.557674
-0.946921
-0.479205
-0.451118
-0.030849
-0.538376
2.193681
-1.450720
0.029714
0.496569
-1.239534
0.060462
1.694023
0.136113
-0.191772
1.783334
-0.131017
-0.613310
-1.354680
-0.422246
-0.091192
0.256320
-0.192533
0.056209
0.877887
0.938749
0.790359
0.486910
0.937512
0.388788
0.612154
0.274448
0.023433
0.512918
-0.158008
-0.846327
-0.567853
-0.900118
-0.185079
-0.353263
0.628234
-0.150262
-0.853867
1.608049
-0.150992
-0.071426
0.544054
-0.153236
0.158810
-0.199583
-0.318967
-0.768010
-0.348647
1.368201
0.724628
1.189644
0.500656
1.537259
-0.603250
-0.929408
-0.966008
-0.367196
0.028800
0.058869
-0.336696
-0.260956
-0.518967
-0.541123
-0.752206
-1.232841
-0.536285
0.393066
1.050532
0.358672
0.287592
-1.099603
0.138327
-0.408956
-0.192832
-0.215255
0.500975
1.471768
0.355530
0.201469
-0.442550
0.381289
-1.112242
1.604346
-1.498378
-0.703776
0.802997
-0.549479
-0.515237
-0.099204
-0.599893
-0.715908
-0.092199
-0.606106
-0.446722
-0.310081
-0.452050
-0.119048
-0.414434
0.362509
-0.257446
-1.221783
1.463049
-0.690375
1.360568
0.301110
0.234803
-0.409303
0.034551
0.733909
-0.956548
-0.339434
1.859029
-0.246286
0.329036
0.016694
0.592310
-0.579559
1.496048
0.405038
0.111728
0.150201
-0.993888
0.283379
1.252268
1.410699
-1.189326
-0.671855
-0.651766
0.100192
-0.459957
-0.618776
-0.048986
-0.596609
-0.309378
0.612839
1.851066
-0.048066
-1.280955
-0.345613
-0.070802
0.036833
1.409350
0.064481
0.102726
-0.905703
0.345386
0.560273
-0.267740
-0.598484
-1.090263
-0.874137
1.071464
-0.852002
-1.209052
-0.504087
-1.192727
0.680294
-0.231218
0.346367
-0.051203
-0.348467
0.000416
-0.287407
-0.505340
-0.261314
0.647211
0.840331
0.662387
-0.759474
-1.141069
-0.194041
1.252502
1.095784
0.611173
0.431818
-0.607166
-0.564372
-0.461832
-0.885737
-0.414585
-0.368826
-0.091469
-0.219157
0.198661
1.717230
0.396600
-0.434365
-1.039765
-0.422149
0.647347
0.029192
0.493931
-0.698261
-0.990782
-0.458348
0.120008
1.319404
0.324063
0.649009
-1.011726
0.774576
-0.066901
0.120519
-0.033347
-0.601030
2.356662
-1.524018
-0.515701
-0.743885
0.573675
0.024014
0.870012
-0.620447
0.764146
-0.094233
0.064898
0.442211
0.508893
0.759184
-0.882877
-1.315046
-0.750497
0.120516
0.230525
0.187965
2.453417
0.451213
0.044248
-0.649857
-1.522928
-0.027739
0.788382
-0.245867
1.489320
0.717290
-0.820294
0.964251
-0.250996
0.522839
-0.217755
-0.392847
-0.194804
0.276147
-0.146046
-1.144351
1.278644
0.206218
0.569282
1.364379
-0.649930
-0.793165
-0.772862
-0.535380
1.580414
-0.430872
-0.735856
-0.093441
-0.717551
-0.386935
0.060243
-0.047407
-0.581681
-0.215286
1.233515
-0.559170
0.165282
1.043018
-0.442990
0.367159
-0.061581
-1.733199
1.866533
-1.079007
-0.653343
0.518264
0.610186
-0.538622
-0.426703
-0.636792
0.107668
1.553149
0.013859
0.349750
0.230523
0.583606
0.562812
2.789497
-0.291340
-1.084613
-1.553858
-0.702671
-0.374878
-0.239539
-0.322265
-0.060116
0.020069
-0.124702
-0.820324
1.931287
-0.694939
-0.440186
-1.045215
-0.528556
-0.165170
-0.274326
-0.071901
0.045827
-0.473898
-0.022086
-0.097924
-0.487326
-0.393850
-0.528102
1.155805
-0.372888
-0.418324
0.959452
-0.147560
0.622443
0.997443
0.847320
-0.355939
-0.201712
1.166083
0.377242
0.695316
-0.067288
0.607186
0.721417
-0.332228
1.499089
-0.323588
-1.385669
-0.572982
0.302739
0.320071
-2.355582
0.573163
1.843881
-1.038093
1.046497
-0.910510
1.681675
-0.906974
1.403394
0.146984
-1.463597
0.408859
0.158267
1.805447
-0.078507
0.586996
-0.330176
0.189890
0.062038
0.727667
0.120797
-0.936312
-0.461777
2.011851
0.228724
0.047960
-0.819274
-0.175250
-0.309882
0.298441
-0.936418
-0.764617
-0.869522
0.010267
-1.198077
0.297738
0.575584
0.072580
0.782665
-0.110494
-0.612356
-0.327209
-0.095124
-0.484068
-0.304496
-0.554752
-0.398184
-0.495984
-0.781230
-0.545806
-0.543647
-0.212826
-0.742441
-0.477130
-0.898237
0.091561
0.092369
-0.349626
0.158551
0.182861
-0.820072
-0.589904
2.154564
-0.158190
0.124095
0.027710
1.049393
0.359339
1.523955
-0.092948
-0.340327
-0.545241
-0.135038
1.054476
-0.346435
0.892474
0.652628
-0.458593
1.192018
-0.716743
-0.354032
-0.625505
0.343987
-0.172554
0.069933
1.847544
0.527675
-0.264647
-1.209829
-0.367333
0.014697
-0.132591
0.008069
-0.474719
-0.522537
-0.380573
-0.623406
1.065586
-1.134404
1.207345
0.614374
-0.620781
-0.126371
1.414337
0.885946
0.026566
1.275140
0.060685
0.064490
0.395394
0.005143
-0.842935
-0.031265
1.006027
-0.210707
-0.903423
1.544915
1.518308
-0.175134
-0.050824
0.671166
0.627089
-0.366347
1.171984
1.219999
-0.301494
0.006937
-0.451160
-0.814135
0.307062
0.589985
0.504072
-0.011805
1.286373
-0.271287
0.300373
0.554606
0.355327
0.523908
2.259620
-0.283925
0.267152
-0.095370
0.333696
0.651037
-0.199331
0.706417
-0.286229
-0.213858
0.010482
-0.228790
-0.547434
-0.248797
-0.180833
-0.304871
-0.427016
0.611230
-0.960448
-1.002723
-0.002669
-0.745255
-0.676731
0.471209
1.585364
-0.504946
-0.613738
1.182265
0.076472
0.645608
1.233962
-1.270489
2.481514
-1.002680
-0.336641
0.333508
-0.336629
-0.351516
-0.213548
-1.573680
2.191773
-0.656080
1.039469
0.785132
-0.327036
1.398875
-0.622420
0.426732
0.811174
0.807738
0.165447
-1.477025
0.296396
-0.895552
1.945141
-0.516856
0.663611
1.579851
-1.518026
-0.243887
0.291408
-0.683386
-1.197521
0.280608
-0.922858
0.957501
-1.067956
-0.210280
1.295886
0.614076
-0.687649
-0.574596
-0.500939
-0.497150
-0.129104
0.793533
-0.320751
-0.169246
0.894860
-0.751185
-1.134978
-0.572132
-0.487421
0.590357
0.403501
-0.181749
1.193413
0.530089
-0.708537
-0.823705
-1.160587
0.055974
-0.604088
1.035273
-0.120447
0.358689
1.232775
0.011020
1.032210
-0.054163
-0.663004
0.472449
-0.037587
-0.592514
0.718149
-0.377909
-0.597108
-0.525024
0.845608
1.990906
-0.514398
0.808137
-0.501743
0.075797
-0.057609
-0.255612
0.040728
-0.216918
-0.179207
-0.290515
0.248850
-0.380061
-0.521957
-0.552916
-0.524272
0.355892
1.822295
-1.317858
0.373388
-0.449486
-0.055128
0.230848
-0.673302
-0.589149
-0.478315
-0.254257
-0.268244
-0.409946
-0.265862
-0.708794
-0.889714
-0.437707
-0.781403
0.740750
0.261204
0.324987
0.941443
-1.263169
0.115949
1.548574
0.266646
-0.096151
0.598721
0.913625
0.603156
-0.083930
0.065232
-0.039022
0.013515
1.222227
0.009685
-0.880223
-0.743931
-0.779762
-0.038521
-0.707697
-0.001072
0.480334
0.711002
1.202591
-0.334952
-0.256353
0.253158
0.981012
-0.443169
-0.605139
0.494067
-0.518145
-1.075411
0.266683
-2.142078
0.491160
1.986605
-2.418238
1.515969
0.827038
0.919716
0.422589
0.680896
0.610565
0.230162
-0.297912
-0.001387
-0.590714
0.035984
1.957495
-0.410752
0.426382
0.385737
-0.355044
-0.200163
0.100041
-0.540149
-0.652091
-0.941887
-0.668061
0.767595
-0.312096
1.485841
-0.410608
-0.269205
-0.433050
0.405538
-0.084639
-0.039688
0.105349
-0.811723
0.711029
1.589416
-2.060497
1.575391
-0.591342
0.853763
-0.066102
-0.323008
-0.463477
1.622725
-0.326846
1.474066
0.540970
0.609036
0.206704
-0.379037
-0.631237
-0.987507
0.101055
-0.536024
-1.025006
0.406320
-1.057197
-0.638407
-0.029345
0.072656
0.080088
0.197485
-0.694536
-0.733941
-0.722155
-0.184308
-0.722037
0.073576
0.326813
-0.462008
-0.170328
1.316188
-0.455134
-0.863954
1.146009
-0.130983
-0.229532
1.874322
-1.862889
-0.363321
-1.606712
1.465004
-0.767474
-0.886177
0.019514
-0.331922
-0.481825
-0.970175
0.460448
1.296059
-0.562262
1.986629
-0.984524
-0.778408
-0.704889
0.432577
-0.514334
-1.785676
-0.790800
0.024161
0.721401
-0.686263
0.212762
0.036440
0.062368
-0.152739
-0.102551
1.340275
-0.231622
-0.710649
0.777908
-0.186813
0.319714
-0.144296
-0.249541
0.912895
0.091424
-0.741731
1.451674
-0.287543
0.217353
0.409704
0.226954
0.434639
0.622223
0.723286
1.108117
-0.440818
0.266378
0.622188
0.635576
0.096190
-0.221201
0.610210
1.633028
-1.152845
0.860342
0.276036
-0.175082
0.110306
-0.935279
2.163780
-0.679765
1.297598
-1.686446
1.704438
0.215757
-0.533067
-0.077651
0.626441
0.548595
-1.038898
0.939596
-0.464624
-1.192722
-0.144791
-0.120704
0.191029
-0.270027
-0.364504
0.096308
-0.036295
0.178435
-0.257860
-1.436740
1.063643
1.312836
0.580671
0.191649
-0.749331
0.546982
-0.237846
-0.762797
0.816705
-1.016422
-0.490437
2.053119
-0.561156
-0.696044
0.378742
-1.204273
0.169905
0.362417
0.083512
0.452593
-0.054891
0.029977
-0.280460
-1.129301
-0.148350
-0.859638
1.020849
1.208677
1.140650
0.915819
1.198098
0.376215
0.837528
-1.697389
0.029286
-0.357044
-0.159876
-0.314752
0.373491
1.795503
0.285519
-0.211071
0.249081
-0.011665
-0.710133
-0.708425
-0.598858
0.382461
1.291567
0.183373
-0.247617
-0.382151
-0.332242
-0.526833
-0.028751
-0.236208
-0.661120
-0.308688
-0.605652
-0.478593
-0.369882
-0.367115
0.133519
0.046039
0.150073
-0.525328
0.041048
0.575865
-1.256210
0.370698
0.961806
-0.608822
0.061307
0.445828
-0.341996
-0.425192
-0.405107
0.084889
1.542572
0.018174
-0.154122
-0.218051
-0.196199
-0.435549
0.039290
-0.136730
0.330169
-0.375023
-0.263127
-0.568550
2.845263
-1.295596
1.513656
-0.288238
0.288384
0.552027
-0.286306
1.176577
-1.122424
-0.604583
0.483125
0.637735
1.608462
0.645045
-0.024846
-1.269744
0.094577
0.209596
-0.270309
0.360891
0.569989
0.808839
0.909061
0.081753
-0.106410
-0.062212
-0.185826
0.167072
-0.024231
