0.336992
0.844825
-0.059919
0.505970
0.721042
0.345184
0.474412
-0.573691
-1.070171
-0.821110
-1.058058
0.372688
1.342352
0.662130
0.342765
0.671401
0.333736
0.678439
0.756184
0.560454
0.892103
0.069296
0.725098
0.665920
0.610007
0.746526
0.668886
0.661134
0.584174
0.424177
0.237806
0.262656
0.757478
0.231638
0.644359
0.475160
0.298286
0.593557
0.534287
0.846174
0.775567
-0.256555
0.140086
1.065589
-0.652282
0.456689
0.549979
-0.408540
0.675411
0.252615
0.198657
-0.187366
0.674063
0.530251
0.596632
0.145572
-0.710176
0.788120
0.303586
-0.568691
0.382079
0.387262
0.059305
0.580205
0.430011
0.534051
-0.907813
0.298518
1.078140
-0.085194
0.828839
0.059005
-0.975581
0.695935
0.655760
0.467397
0.605875
0.564016
0.248652
0.375990
-0.554062
0.632954
0.477217
0.207023
0.301873
0.513867
0.714304
0.376108
-0.528206
-0.835470
0.335728
-0.919994
-0.398461
0.437595
0.728295
1.269964
-0.683226
0.470290
0.518957
0.157294
-0.041556
-0.682171
-0.231870
0.504539
0.128210
-0.030836
0.462857
-0.597197
0.788200
0.455398
0.338641
-0.411443
0.869059
0.301773
0.405226
-0.056655
0.402222
0.585818
0.677873
0.444973
0.692854
-0.724304
-1.227408
0.874304
-0.866321
0.306270
0.177957
0.521331
