0.155622
0.948937
0.700065
-0.242576
0.592556
0.906138
-0.330641
-0.076562
0.452645
0.201915
0.464738
0.269574
0.289191
0.522463
0.339413
0.129827
0.213585
0.226772
0.393949
0.760526
0.500536
0.374866
0.652430
0.473154
0.076117
0.226866
0.096731
-0.223855
-0.237456
-0.139037
-0.399531
-0.674299
-0.316830
-0.263158
-0.441448
-0.256859
1.778718
0.276282
-0.774110
1.237965
-0.271287
-0.780456
0.803493
-1.178765
-0.277824
-0.460855
-0.429504
-0.121178
-0.667397
-0.717699
-0.469139
-0.473157
-0.503641
-0.212930
-0.505164
-0.512987
-0.014702
-0.427702
-0.479389
-0.401863
-0.074629
-0.480143
-0.494933
-0.348336
-0.444693
-0.143985
-0.677011
-0.948200
-0.410820
-0.461363
-0.633450
-0.276141
-0.387333
-0.531543
-0.622286
-0.675895
-0.589910
-0.119811
0.748809
1.161701
0.862166
0.955690
1.168994
0.434208
0.352065
0.213188
-0.129014
-0.256418
-0.420316
-0.275638
-0.180100
-0.200281
-0.074146
-0.681925
-1.024441
-0.292014
-0.542851
-0.791548
-0.475135
0.012744
-0.223602
-0.188776
-0.231269
-0.617039
-0.508472
-0.291589
-0.522413
-0.362766
-0.054291
-0.072168
0.119265
-0.521312
-0.694501
-0.259144
-0.345923
-0.653657
-0.426384
0.241114
0.461087
0.366246
0.277031
0.629617
0.536860
0.026188
0.223319
0.305435
0.095514
0.228062
0.134383
0.271667
0.724307
0.494575
0.203086
0.561119
0.437989
0.418381
0.368910
0.149451
-0.558238
-0.832924
-0.473741
-0.744157
-1.035571
-0.803049
-0.286712
-0.675090
-0.326755
-0.641991
-0.776365
-0.038328
-0.420990
-0.115783
0.357388
0.402464
-0.069561
-0.646485
1.192940
0.529204
-0.569004
0.918895
0.838913
0.013889
-0.296325
-0.481745
-0.279732
-0.424450
-0.524464
-0.056265
-0.400754
-0.138856
0.067787
0.205687
0.397355
0.279172
0.216059
0.557338
0.385742
0.126952
0.138179
0.097218
-0.471531
-0.495392
-0.203341
-0.594302
-0.648753
-0.438604
0.150493
0.151183
0.167954
-0.165889
-0.305304
-0.154146
-0.240330
-0.362308
-0.330268
-0.192084
-0.355917
-0.170949
0.562301
0.322884
-0.020520
0.570451
0.766147
0.412695
0.239500
0.701691
0.529662
0.695878
1.035628
0.557258
0.414250
0.185419
-0.111070
-0.221758
-0.414050
-0.436480
-0.563445
-0.202814
0.132554
-0.684528
-0.977490
-0.445248
-0.205359
-0.825750
-0.654015
-0.507426
-1.188026
-0.820823
-0.775140
0.414134
0.950456
-0.803018
0.780823
0.898762
-0.735766
-0.789042
-0.773555
1.266374
1.374635
1.163111
-0.552248
-0.734394
-0.384591
-0.161416
-0.156110
-0.114205
-0.317196
-0.457106
-0.297790
-0.199601
-0.361347
-0.189573
0.887508
-0.240350
-0.707651
1.160135
-0.122668
-0.827714
0.744739
0.014266
-0.564740
-0.290616
-0.018768
0.278653
-0.840768
-1.028426
-0.137881
-0.416981
-0.911104
-0.503439
-0.778445
-0.954857
-0.186230
-0.531176
-0.415112
-0.223413
-1.047545
-0.716542
-0.318952
-0.201697
-0.149093
0.004097
-0.502422
-0.982979
-0.595449
-0.385584
-0.713283
-0.724414
0.094120
0.079666
-0.031101
0.149923
-0.633056
-0.770611
-0.045647
-0.841040
-0.933190
0.130006
0.230612
0.214816
0.382607
0.608298
0.449916
0.246403
0.521550
0.373122
-0.252211
0.018180
-0.085429
-1.044123
-1.338710
-0.541709
1.092143
1.559729
1.314700
0.667182
0.793623
0.840812
-1.235134
-1.315246
-1.096509
0.681440
0.861148
0.338968
0.151399
0.183094
0.212717
0.460793
0.685626
0.511307
0.291173
0.459222
0.177502
0.378244
0.505437
0.269631
0.312781
0.627560
0.318358
-0.021544
0.137571
0.075961
-0.085788
0.298349
0.608329
-0.148170
0.473849
1.056667
-0.039831
0.158941
0.926145
-0.357509
-0.657186
-0.097497
0.420188
-0.351211
-0.677140
1.058376
1.035442
0.055052
-0.542012
-0.365039
-0.036348
-0.898837
-0.942490
-0.229858
-0.562562
-0.562352
-0.146749
-0.439293
-0.345463
0.186470
-0.753213
-0.487502
0.209335
-0.469669
-0.246887
0.144732
1.218102
-0.265170
-0.952013
1.390493
-0.307986
-1.162078
0.650299
-0.275534
-0.753128
-0.687579
-0.868865
-0.600694
-0.527947
-0.551821
-0.286782
0.052245
0.182652
0.177489
-0.350639
-0.395133
-0.379804
-0.355958
-0.703808
-0.445057
-0.187728
-0.365603
-0.328755
0.425637
1.590565
0.730045
-0.503108
0.107916
-0.097845
-0.724520
-0.928244
-0.838127
-1.417267
0.955167
0.907059
-1.317146
0.274596
1.131540
-1.066164
-0.763533
0.211487
-0.128027
0.011948
0.023192
0.570682
0.944547
0.636187
0.652387
1.060446
0.759038
0.719639
1.000089
0.119886
0.953076
0.917891
-0.261068
0.257905
-0.144831
-0.407758
-0.216428
-0.252772
-0.129602
-0.358916
-0.492476
-0.231424
-0.222279
-0.332952
-0.214569
-0.153818
-0.563304
-0.499087
-0.472468
-0.807782
-0.694069
-0.355166
-0.448674
-0.320632
-0.154442
-0.175505
0.051745
0.222835
0.581711
0.513439
0.379485
0.755979
0.540456
-0.135959
-0.188070
-0.084559
-0.399497
-0.410003
-0.211799
-0.226415
-0.285953
-0.155795
0.344449
0.577165
0.498452
0.405429
0.884611
0.637856
0.202665
0.408875
0.291431
0.111604
0.286143
0.274775
0.250511
0.502069
0.301093
0.158073
0.261388
0.055701
0.377601
-0.190865
-1.068061
0.536592
-0.373454
-1.219814
0.180297
0.161807
-0.752353
0.194891
0.356438
0.258458
0.429979
0.672722
0.310840
0.297093
0.462765
0.192878
0.200055
0.342392
0.188005
0.384830
0.653911
0.452978
0.173021
0.280953
0.186278
-0.195838
-0.226503
-0.169659
-0.304640
-0.453601
-0.215266
-0.308839
-0.375238
-0.295185
-0.966766
-1.403210
-0.739438
0.471907
1.286422
0.591657
-0.598219
-0.606128
-0.641321
-0.262164
-0.791100
-0.631488
0.082595
-0.526881
-0.770498
0.414831
0.230291
-0.060645
0.425131
-2.886485
0.305356
0.550134
-1.402648
0.969734
-0.045565
-0.604282
0.276326
0.035458
-0.535849
-0.349104
-0.147866
-1.163986
-0.813815
-0.073155
-0.536581
-0.367554
0.323509
0.587610
0.184316
0.408678
0.754258
0.366639
0.317227
0.493054
0.379004
-0.102920
-0.255356
-0.166276
-0.354587
-0.669487
-0.490028
-0.299471
-0.535180
-0.337424
-0.310735
-0.392022
-0.260822
-0.422193
-0.688795
-0.542487
-0.265137
-0.416837
-0.259687
0.396731
0.430613
0.267021
0.449962
0.531418
0.378776
0.121600
0.186345
0.193935
0.259901
0.228770
0.007939
0.715073
0.905293
0.417763
0.570396
0.747510
0.459101
0.437361
1.118868
-0.612607
1.113818
1.020259
-0.933483
0.821130
0.020806
-0.411929
0.020100
0.245953
0.170138
0.397374
0.739612
0.495617
0.242220
0.471689
0.170684
-0.904722
-1.534352
-1.179613
1.120398
1.309183
0.588409
1.446548
1.709936
1.134344
0.687800
0.387126
-0.343502
0.855787
0.647793
-0.292772
0.312197
0.503675
0.104214
-0.253803
-0.486207
-0.382505
-0.401381
-0.500555
-0.412958
-0.775324
-1.081155
-0.337244
0.149283
0.277993
0.242040
-0.417379
-0.502847
-0.226358
-0.479231
-0.871785
-0.519723
-0.410155
-0.597453
0.360764
-0.631403
0.097603
1.235853
-0.341279
0.607572
1.364733
0.368787
0.578664
0.245252
0.434609
0.854867
0.546384
0.128287
0.500619
0.367599
0.119598
0.232891
0.153602
0.386892
0.590408
0.328548
0.262203
0.452440
0.228565
0.417397
-0.137572
-0.512659
0.900334
0.459688
-0.393363
0.612485
0.800520
0.184331
-0.361126
-0.307955
-0.291663
0.187325
0.538512
-0.106112
0.816732
1.153536
0.333229
0.454662
0.597833
0.300227
0.546357
0.771528
0.230727
0.315631
0.332917
0.089967
-0.438346
-0.564745
-0.054954
-0.850148
-0.979738
-0.371246
-0.520897
-0.567295
-0.265333
0.321813
0.485034
0.296160
0.412282
0.632094
0.348324
0.111952
0.238574
0.239456
-0.258628
-0.400934
-0.155467
-0.363604
-0.607462
-0.286491
-0.198201
-0.272209
-0.153108
0.118679
-0.361670
-0.485011
1.192930
-0.272571
-1.055763
0.690863
-0.135887
-0.987727
-0.278568
-0.796811
-0.447865
-0.414293
-0.844775
-0.488068
0.998528
1.499450
0.663183
-0.244424
-0.472076
-0.215083
0.185955
0.558147
-0.188875
0.695718
1.144637
0.692598
0.430631
0.646970
0.390267
0.418106
0.795481
0.497460
0.091177
0.299973
0.278384
0.299576
0.563474
0.390679
0.488284
0.599866
0.360484
0.145334
0.151066
0.112518
0.056048
0.086931
-0.085535
-0.461392
-0.338875
-0.388360
-0.673618
-0.646207
-0.455546
0.158757
0.549994
0.331837
0.368712
0.761684
0.406672
0.259325
0.389938
0.057440
0.182303
0.193721
-0.031310
0.528348
0.621899
0.160422
0.369026
0.455156
0.260271
0.264486
0.298145
0.202521
0.333456
0.622237
0.314526
0.254037
0.298525
0.198129
-0.450468
-0.698972
0.123420
-0.665587
0.253134
1.209563
-0.086504
0.969277
1.166208
0.727284
-1.829663
-0.924608
-0.895177
-0.764624
1.270144
-0.590337
1.129443
1.964486
0.096732
0.019425
0.035431
0.325186
0.646728
0.202302
0.211364
0.533149
0.461629
1.370063
1.757888
1.227284
-0.432730
-1.505974
-0.516081
-0.471587
-0.332797
-0.435375
0.844243
1.013209
0.416215
0.757921
0.610557
0.051358
-0.061712
-0.309999
-0.303616
-0.494214
-0.491988
-0.446000
0.925024
1.674718
0.871345
-0.845262
-1.423798
-0.556411
-0.116130
-0.260793
-0.003462
-0.238066
-0.344603
-0.244488
-0.389711
-0.480212
-0.328131
1.019945
-0.214515
-0.845024
1.710399
-0.058293
-0.952547
0.634257
-0.177895
-0.261465
0.353380
0.670194
0.388983
-0.056450
0.986199
1.175823
-0.379462
0.353415
0.843466
0.388216
0.865534
0.101380
0.779207
1.009995
0.029435
0.288966
0.190126
-0.251010
-0.805504
-0.865911
-0.613730
1.496071
1.630323
1.077405
-0.695233
-0.909794
-0.348459
-0.021636
0.585856
0.620265
0.411091
0.947544
0.606819
0.379327
0.437983
0.032990
-0.360306
-0.573290
-0.428649
1.198070
1.792060
0.970508
-0.521045
-0.676100
-0.317476
-0.620454
-0.901431
-0.493116
-0.127948
-0.498421
-0.229923
0.350256
0.710289
0.391123
-0.410556
-0.526169
-0.470714
-0.394642
-0.730319
-0.636398
-0.088987
-0.392274
-0.289869
-0.181525
-0.197487
-0.169439
0.378161
0.634108
0.223207
0.483432
0.781565
0.554091
-0.201084
-0.847925
-0.591820
-0.785612
-0.773492
0.000711
-0.296602
0.085350
0.569896
-0.331833
-0.505301
-0.215478
-0.529187
-0.763654
-0.382270
-0.247423
-0.445811
-0.213994
0.168593
0.612145
0.644015
-0.181229
0.464402
0.872131
-0.607320
-0.213310
0.430021
0.467604
0.789763
0.105796
0.319748
1.098512
0.606723
-0.865390
-0.445762
0.034504
0.220949
0.173570
0.044391
0.380965
0.395750
0.164729
0.267847
0.369009
0.324752
-0.278484
-0.449932
-0.191207
-0.466872
-0.725913
-0.449932
-0.257010
-0.312586
-0.213824
-0.066646
1.299313
1.516691
0.331474
1.563839
1.184408
0.162493
0.288746
0.015086
-0.350507
-0.879293
-0.617222
0.369319
0.487662
0.132238
1.240347
1.329893
0.404501
0.232978
0.390317
0.266135
0.282554
0.558018
0.381653
0.037759
0.081247
0.139472
-0.146429
-0.346838
-0.192139
-0.443166
-0.724793
-0.101401
-0.389682
-0.381740
0.118564
-0.517873
-0.598663
-0.105313
-0.517864
-0.848624
-0.121410
-0.015683
-0.303301
-0.037346
-0.037451
-0.206053
-0.121267
-0.166496
-0.374627
-0.301050
-0.158892
-0.250707
-0.207612
-0.087148
-0.244723
-0.211136
-0.251422
-0.478625
-0.379035
-0.164238
-0.326075
-0.204132
-0.341630
-0.362289
-0.335770
0.051878
0.035027
-0.060126
0.864779
1.340241
0.952318
-0.149115
-0.134913
-0.104637
-0.441132
-0.868714
-0.483406
-0.445691
-0.672678
-0.393729
0.201176
0.324472
0.100261
0.392080
0.588545
0.281289
0.276033
0.351327
0.187098
0.034075
0.198921
0.253165
0.370929
0.636810
0.522014
0.438102
0.496261
0.439333
0.080590
0.340452
0.278939
0.321700
0.556152
0.383082
0.282467
0.410792
0.168481
0.217333
0.333770
0.149525
0.554327
0.868848
0.321372
0.460401
0.672394
0.321212
0.287509
0.435514
0.132320
0.451210
0.694164
0.312117
0.243556
0.384103
0.323668
0.669235
-2.060616
1.242954
1.555332
-1.993169
0.575351
0.864988
-0.733007
-0.092943
-0.384847
-0.683025
-0.396059
-0.583377
-0.857661
-0.622092
-0.402640
-0.353120
-0.285540
0.125800
-0.370893
-0.731330
0.308693
-0.273403
-0.723851
0.256181
-0.003882
-0.184414
-0.949660
-0.368033
-0.250902
-0.712604
-0.438773
-0.476706
-0.462752
-0.491219
-0.208183
0.432944
0.784194
0.366870
0.619939
0.809109
0.334145
0.329345
0.421675
0.156956
-0.929226
-1.370154
-0.472084
-0.551165
-0.298420
0.360673
0.815042
1.329567
0.977399
-0.132704
-0.141415
-0.012496
-0.419270
-0.657545
-0.241284
-0.377498
-0.656546
-0.316394
0.344349
0.141140
-0.149689
0.735963
0.805854
-0.013725
0.247017
0.656244
0.360134
-0.240687
-0.448422
-0.325149
-0.398739
-0.650185
-0.509522
-0.143009
-0.242106
-0.097292
-1.338150
-0.676685
-0.202521
0.266479
1.797654
1.257201
-0.510097
0.075123
-0.116396
-0.615637
-0.613126
-0.579112
-0.347886
-0.656568
-0.404435
0.136481
0.012454
-0.065077
0.260909
0.389429
0.204793
0.396562
0.442168
0.258672
0.192936
0.195121
0.156790
-0.194558
-0.300595
-0.210254
-0.323679
-0.458990
-0.343060
-0.180393
-0.270558
-0.197926
0.413938
0.682645
0.365738
0.480668
0.670837
0.258598
0.066077
0.083081
-0.060209
-0.435352
-0.522759
-0.153516
-0.686110
-0.641899
-0.252296
-0.228133
-0.255697
-0.213376
-0.298730
-0.500921
-0.246519
-0.451661
-0.793487
-0.393004
-0.254791
-0.394814
-0.147291
0.233300
0.407686
0.353437
0.208767
0.586847
0.435521
0.029874
0.306379
0.302461
1.270522
1.607968
0.656770
-0.144947
-1.250872
-0.850814
-0.112258
-0.225544
-0.034766
-0.359511
-0.344121
-0.108330
-0.347527
-0.550725
-0.236642
-0.201541
-0.239729
-0.080692
-1.077471
-0.168602
1.758222
-0.626268
-0.337536
1.371817
-0.219641
-0.144328
0.325726
-0.365660
-0.525211
-0.446208
-0.206026
-0.423471
-0.450192
-0.233307
-0.446282
-0.540533
-0.159135
-0.364050
-0.323875
-0.375809
-0.708042
-0.607553
-0.299001
-0.496904
-0.306349
-0.781950
-0.747538
-0.695255
1.119133
1.285316
1.046270
-0.304095
-0.762738
-0.459525
0.297201
0.479111
0.407576
0.280364
0.622199
0.378098
0.181580
0.311484
0.145542
-0.398923
-0.032025
0.638621
-0.327935
0.735147
0.985245
0.136545
0.774858
0.415452
-0.192280
-0.296121
-0.239789
-0.297666
-0.450214
-0.322851
-0.188261
-0.322641
-0.252321
-0.384897
-0.707187
-0.269724
-0.152286
-0.510405
-0.547436
0.176651
-0.062500
-0.280289
0.387141
0.639765
0.392872
0.433298
0.710208
0.443996
0.140857
0.216837
0.107157
0.692032
1.091777
0.767175
-0.181662
-0.073880
0.259409
-0.374974
-0.603043
-0.339597
-0.244260
-0.818566
-0.177486
-0.440963
-0.752288
-0.525609
-0.430138
-0.544966
-0.192967
0.729999
-0.027845
-0.583085
1.061172
1.041205
0.064153
0.043872
0.688271
0.458745
-0.238381
-1.248356
-0.822015
-0.222172
-0.299811
-0.258276
0.677165
1.285478
0.244530
-0.055413
-0.082683
-0.187604
-0.519223
-0.622376
-0.514848
-0.450547
-0.598647
-0.200994
-0.362039
0.512249
0.512893
-0.276776
0.626092
0.731115
-0.102176
0.206650
0.390111
-0.460977
-0.421163
-0.269097
-0.721217
-0.963170
-0.598616
-0.535260
-0.715744
-0.448471
-0.353732
-0.529090
-0.373885
-0.633328
-0.761154
-0.582455
-0.379080
-0.462816
-0.331175
0.700173
0.936733
0.317680
0.578562
0.319033
0.041495
-0.219598
-0.778815
-0.444322
-0.762003
0.047352
0.570824
-0.921146
-0.242976
1.120507
-0.609504
-0.360878
0.782799
0.551101
1.035417
0.585958
-0.342221
-0.440494
-0.087124
-1.008844
-1.576689
-0.741242
0.178678
0.447828
0.294991
0.704356
0.883753
0.365363
0.418624
0.449953
0.266107
-0.647778
-0.060648
0.554512
-0.575804
0.335476
0.960679
-0.375989
0.400648
0.570718
-0.004706
0.315886
0.268580
0.108580
0.588960
0.644110
0.168496
0.448298
0.461356
0.846110
1.503878
0.838749
-0.337867
-0.818393
-0.177105
-0.824017
-1.088762
-0.366699
-0.220518
-0.497335
-0.229270
-0.304182
-0.752834
-0.449985
-0.177886
-0.324730
-0.297288
-0.645261
-1.067140
-0.547817
-0.258776
-0.245137
0.063552
0.871967
1.104729
0.661730
0.240153
0.456913
0.297408
0.456545
0.672503
0.400595
0.430724
0.527741
0.130354
0.345611
0.410833
0.195376
0.359046
0.651193
0.352266
0.129489
0.268831
0.176316
-0.441207
-0.852894
-0.561604
-0.686960
-0.798907
-0.335363
-0.221742
-0.091474
0.084408
-0.557826
-0.072223
0.362442
-1.264932
0.128659
1.075573
-0.644400
0.009479
0.662340
0.662669
0.863726
0.198711
0.608997
0.704290
0.078852
0.280675
0.119824
0.037806
0.436840
0.238526
-0.189160
0.692694
0.530509
-0.100033
0.501736
0.512244
0.137324
-0.043156
0.025319
-0.131161
0.908450
1.032326
0.090648
1.098689
1.810605
0.437431
0.370208
0.652490
0.453235
0.555134
0.878370
0.589547
0.155671
0.112295
0.213656
-0.516469
-0.374592
-0.302014
-0.613189
-0.648264
-0.493702
-0.340725
-0.506229
-0.499246
-0.329347
-0.439804
-0.149970
-0.594347
-0.805703
-0.210481
-0.443772
-0.476003
-0.151554
-0.517448
-0.375211
0.253946
-0.404491
0.726802
0.983290
0.345384
1.131230
0.736996
-0.073588
-0.378613
-0.309136
-0.134608
-0.594853
-0.555930
-0.047421
-0.306315
-0.223554
0.463715
0.497426
-0.104410
0.785056
0.641478
-0.292689
0.296833
0.291982
-0.037190
0.492709
0.740454
0.220306
0.420859
0.760551
0.297484
-0.019763
0.108082
0.157711
-0.402745
-0.266678
-0.106345
-0.446296
-0.537716
-0.256492
-0.277165
-0.413617
-0.296318
-0.231674
-0.420890
-0.228798
-0.495163
-0.724637
-0.389853
-0.254929
-0.445993
-0.226686
-0.315395
-0.458471
-0.364780
-0.437281
-0.667204
-0.489376
-0.439013
-0.454690
-0.089387
-0.341864
-0.831439
-0.573043
-0.271544
-0.727531
-0.661613
0.022519
0.023204
-0.096712
0.532777
0.765240
0.309330
0.483278
0.899807
0.533188
0.208522
0.532760
0.389457
-0.080604
-0.465936
-0.511587
-0.472509
-0.552233
-0.753903
-0.153602
-0.422718
-0.323287
-0.509833
-1.430317
-0.327985
-0.160728
-0.680543
0.011347
-0.076821
-0.240248
-0.524611
1.661037
1.369252
-0.371782
0.580973
-0.195740
-0.266234
-0.584366
-0.837838
-0.234730
0.030675
-0.145565
0.413227
-0.314360
-0.565635
-0.323921
-0.273029
-0.728254
-0.656942
0.247191
0.649440
0.517635
0.373681
0.935273
0.662401
0.113938
0.376751
0.274647
0.079378
0.294716
0.308480
0.190587
0.498851
0.476483
0.105431
0.334030
0.111819
0.135188
-0.378076
-0.111755
0.266690
-0.361117
-0.985979
0.167581
-1.083070
-1.051391
0.739644
1.224682
0.850632
0.505548
0.709979
0.482211
-0.232958
-0.534544
-0.139762
-0.311900
-0.392201
-0.163740
-0.401152
-0.584328
-0.249595
-0.239227
-0.227779
-0.204448
0.020463
0.482983
0.165434
0.457872
0.495026
0.380873
0.624256
0.617491
0.147324
0.123455
0.319479
0.454412
0.496754
0.882768
0.557303
0.361692
0.517018
0.139536
-0.861292
0.488165
1.505180
-0.716524
-2.105930
0.607331
1.031626
-0.741888
-0.080005
0.403417
0.705771
0.458594
0.744214
1.220454
0.950047
0.449497
0.716474
0.521558
-0.182451
0.169552
0.326030
-0.843796
-0.587775
0.041914
-0.957739
-0.829224
-0.098823
0.257663
0.215691
-0.004579
0.454667
0.624464
0.308417
0.543603
0.721057
0.239559
0.029636
0.249062
0.137593
-0.516028
-0.708992
-0.229762
-0.564796
-0.794801
-0.399549
0.210063
0.371319
0.298274
0.540844
0.815933
0.622506
0.271761
0.446580
0.311271
-0.587206
-1.033504
-0.757147
-0.480048
-0.118524
-0.431269
-0.446521
-0.861430
-0.273942
-0.501909
-0.670657
-0.249114
-0.802246
-0.748866
-0.129625
-0.448347
-0.467284
-0.021109
0.247764
0.638128
0.236990
0.775846
0.805240
0.139263
0.586085
0.454524
-0.221293
0.735027
0.566581
0.150591
0.139284
-0.664716
-0.458741
-0.570821
-1.274070
-0.344590
0.469611
0.714092
0.538880
0.727221
1.235876
1.002648
0.477186
0.803960
0.614295
0.409583
0.590940
0.559176
0.147496
0.721234
0.637657
-0.077302
0.210750
0.261917
0.309160
1.504948
0.817870
-0.797102
0.135244
0.484356
-0.242858
-0.436022
-0.060937
0.288512
0.389337
0.240444
0.385306
0.624618
0.405165
0.150306
0.379622
0.312543
-0.653911
-0.930867
-1.103364
0.957914
0.049725
-0.567302
1.112692
0.881003
-0.042290
-0.367296
-0.710899
0.322480
-0.610227
-1.043283
-0.092022
-0.322874
-0.910263
-0.745980
-0.018349
0.054714
0.002072
-0.343698
-0.603733
-0.253009
-0.331820
-0.507106
-0.351473
-0.404441
-0.590595
-0.249578
0.909360
1.381288
0.445479
0.054595
-0.211415
-0.170558
-0.588677
0.068498
-0.325682
-1.301277
-1.459049
-1.256732
1.591475
1.712286
1.009031
0.534627
0.492989
-0.041351
0.699333
0.434466
-0.046779
0.273388
0.142464
-0.086896
0.339172
0.614038
0.335424
0.531313
0.834134
0.481613
0.269785
0.374235
0.256915
-0.392218
-0.511655
-0.123904
-0.498612
-0.792585
-0.308721
-0.232996
-0.350935
-0.149814
-0.425212
-0.675902
-0.486415
-0.503062
-0.679704
-0.300121
-0.029887
0.089066
0.099816
-0.476171
-0.172157
-0.165530
-0.678091
-0.774598
-0.687202
-0.100963
-0.838302
-0.882378
0.684368
0.962000
0.333746
0.501317
0.457749
0.058040
-0.179868
-0.469485
-0.305232
-0.379955
-0.566082
-0.522226
-0.513168
-0.546514
-0.584786
-0.136132
-0.494077
-0.443435
0.043182
0.319612
0.199290
0.622468
0.722172
0.493533
1.171601
1.147946
0.160359
1.220392
-0.288662
-1.028810
-0.426009
-1.126212
0.130262
-1.555501
-0.042585
1.817449
-0.327169
-0.306832
0.321509
-0.671265
0.405104
1.036477
-0.167150
0.856525
0.866579
0.327658
0.600218
0.435621
0.505714
0.680052
0.407013
0.136493
0.106217
0.066230
0.924175
1.472652
0.446447
-1.123706
-2.129551
-1.159441
0.650442
0.926358
0.354873
0.323422
0.442885
0.354460
0.289939
0.392928
0.403331
-0.021983
0.104588
0.043517
-0.014332
0.348872
0.200138
-0.452724
-0.815467
-0.484665
-0.708084
-1.015571
-0.580671
-0.549178
-0.405757
-0.590710
0.032183
-0.487285
-0.396351
-0.356887
-0.604460
-0.123333
0.265107
0.356833
0.241366
0.519899
0.714025
0.389783
0.364199
0.436422
0.302609
1.150471
1.154079
0.401366
0.039980
0.091100
0.063243
-0.478431
-0.734114
-0.339739
-0.228279
-0.338045
-0.201461
-0.294130
-0.529817
-0.320228
-0.237219
-0.251315
-0.229511
-0.551628
-0.652633
-0.434500
-0.392334
-0.320138
-0.532257
-0.293573
-0.407332
-0.850707
-0.717822
-0.460748
0.041496
-1.027441
0.706467
1.814297
0.065868
0.917032
1.914604
0.127433
0.722765
0.599828
0.157174
0.909060
0.765411
-0.136093
0.200063
0.048318
-0.482806
-0.255510
0.096210
-0.306774
0.338783
0.539983
0.383073
0.637498
0.479733
0.189896
0.426313
0.210227
0.050725
0.606936
0.540449
-0.070122
0.228041
0.349457
-0.597245
-0.223050
-0.784525
-0.698065
-0.178242
-0.417657
-0.492215
-0.483306
-0.348638
0.307579
-0.794811
-1.132717
0.373417
-0.619184
-0.682269
-0.442660
-0.779045
-0.832178
0.355560
0.525320
0.382185
0.586316
0.841866
0.570615
0.258231
0.455283
0.267386
-0.331381
-0.495755
-0.297677
-0.116163
-0.973477
-0.807368
-0.133399
-0.568118
-0.650365
-0.501676
0.957016
1.703437
-1.009005
0.507527
1.215000
-0.392954
0.076301
0.415171
-0.139581
-0.368995
-0.256770
-0.355188
-0.665213
-0.436561
-0.251685
-0.436029
-0.236841
-0.393464
0.539913
0.823749
-0.339711
1.131935
1.159055
-0.031340
0.496302
0.316118
-0.513693
-0.422178
0.252107
-1.166479
0.263959
0.651498
-0.324104
0.943211
0.792737
-0.110469
0.241762
0.298983
0.102432
0.534282
0.464072
0.113795
0.475216
0.329383
0.362775
0.294486
0.007770
0.499936
0.675611
0.139572
0.301834
0.476133
0.136906
0.283752
0.639713
0.378197
0.206616
0.636304
0.455787
-0.019796
0.086471
0.056082
