-0.217403
0.816181
-0.288486
-0.396113
1.261478
-0.187804
0.132823
0.006139
0.348854
0.065569
0.027643
-0.192116
0.142815
0.511025
0.687437
-0.234341
0.128677
0.260322
-0.191195
0.174541
0.471692
0.130535
0.201252
-0.135681
0.617965
0.871052
0.327767
0.355987
-0.269131
0.043023
0.136963
-0.081524
-0.259832
-0.008566
-0.177616
0.485207
-0.266533
-0.022794
-0.031392
0.257240
0.092051
-0.357820
0.553932
-0.150657
-0.337785
-0.076588
-0.035243
-0.123165
-0.308893
-0.047051
0.319913
0.279291
-0.133228
0.272927
-0.150447
-0.223048
0.103657
-0.206282
0.770948
0.313837
-0.232541
-0.080348
0.271736
-0.048441
0.319950
-0.103248
-0.309278
-0.240294
0.512540
-0.291655
0.574899
0.047580
0.113049
0.401061
-0.346624
0.775664
0.379534
0.353947
-0.032474
-0.068293
0.528360
0.299661
-0.397377
-0.154239
-0.110307
0.199710
-0.059039
-0.325975
0.364446
-0.082005
0.387129
0.062454
-0.036081
0.411967
-0.084001
0.580741
0.187164
-0.138323
-0.275412
-0.240786
-0.314176
0.180912
0.020271
-0.222637
0.448422
0.172299
-0.146258
0.393786
-0.260071
0.770777
-0.128315
-0.241127
-0.131251
-0.113819
-0.222137
0.032077
-0.009783
0.375609
-0.192905
-0.133092
0.490673
-0.098511
-0.256240
-0.409828
-0.081461
0.960659
-0.017895
-0.264357
-0.035552
-0.110601
-0.078455
0.175537
-0.152574
-0.028590
-0.103499
-0.153261
-0.297232
0.230553
-0.095937
-0.188980
0.721787
-0.118455
0.043668
-0.390329
-0.230905
-0.108810
0.534308
-0.172120
-0.055563
0.420615
0.356743
0.366508
-0.110610
-0.245476
0.590157
-0.037865
-0.012014
-0.133763
-0.187302
-0.900837
-0.141698
-0.158026
-0.265901
-0.138559
0.257457
-0.273505
-0.271641
-0.439682
-0.064246
0.021788
-0.048977
0.287305
-0.263932
-0.186738
-0.080054
-0.178665
-0.221487
0.450459
-0.363178
0.372540
0.084327
0.002869
0.442584
0.448337
0.110023
0.213080
-0.143622
0.358726
0.494393
-0.512604
-0.118555
-0.133573
0.334627
-0.127429
0.567910
0.406525
-0.075891
-0.304177
-0.288492
-0.272525
-0.477282
0.496841
0.158981
-0.059698
-0.279933
0.496380
-0.032496
0.154678
-0.269551
-0.174587
-0.183293
-0.053420
-0.269540
0.848229
0.208295
-0.154009
0.378307
-0.253519
-0.283619
-0.510562
0.040106
-0.746606
-0.465669
-0.230751
0.710541
-0.272890
-0.136545
-0.173868
-0.111176
0.218546
0.370237
-0.027031
0.024006
-0.352911
-0.013884
1.012402
-0.439349
-0.222970
0.472831
-0.198245
0.085903
0.123246
0.341706
0.083542
0.429278
-0.261461
-0.199152
0.119388
0.108165
0.322086
0.029981
0.433418
0.521986
-0.267107
-0.221073
-0.188445
-0.512240
0.444441
-0.209356
-0.423200
-0.162847
-0.003014
0.274923
-0.349058
-0.014961
-0.150402
0.085509
-0.386273
-0.055965
0.132006
0.060367
-0.008769
-0.282377
0.456932
0.412258
-0.027871
-0.240491
-0.325041
0.286419
0.093634
0.179076
0.354585
-0.036514
-0.063111
0.347360
-0.549167
-0.117665
-0.111064
-0.300268
0.145042
0.279249
0.364863
0.138254
0.288704
0.809424
0.549903
-0.093867
0.421143
0.031141
-0.179597
-0.050115
0.259346
-0.045383
0.094720
-0.161956
0.160701
-0.137837
0.052028
-0.478925
0.653893
0.533610
-0.513537
0.145958
0.135237
-0.130275
-0.065324
-0.247458
-0.107171
-0.371951
-0.172350
-0.244794
0.143900
0.104744
0.384942
0.047213
-0.001869
0.275370
-0.038131
-0.962667
-0.347042
-0.212443
-0.064639
-0.153826
0.051876
0.417609
0.017222
-0.040720
-0.183294
-0.091940
0.037820
0.139094
0.112290
-0.208803
-0.345622
0.225764
-0.200176
0.357234
-0.013297
-0.076222
0.519745
-0.122868
-0.384426
-0.675082
0.529970
0.686854
0.616581
0.388692
-0.413635
-0.332991
-0.087080
-0.098115
-0.130564
-0.411976
-0.134656
-0.139736
0.044013
-0.106113
-0.380009
-0.112006
0.764556
0.222833
-0.094068
-0.380170
0.388198
0.233626
0.043217
0.978921
-0.657724
0.068607
0.145485
0.345498
0.080332
0.788381
0.111961
-0.161291
-0.141951
-0.404163
-0.057662
0.036251
-0.143161
0.234405
0.208882
-0.061148
-0.225106
-0.176731
-0.447120
-0.407384
0.299646
-0.353545
0.002849
-0.287084
-0.242179
-0.007796
0.710603
-0.402860
-0.250863
0.414852
0.197656
-0.251606
0.463925
-0.131193
-0.148540
-0.345259
0.161516
-0.007950
-0.434307
0.007038
0.462790
-0.293789
0.247949
-0.379543
-0.369823
0.283856
-0.201444
0.145964
-0.295374
-0.082255
1.152042
-0.389409
0.685025
0.103646
-0.005975
0.264771
0.406647
-0.314192
0.512069
0.212494
0.260944
-0.086813
-0.001331
-0.326413
-0.046613
-0.201199
0.065966
0.348864
0.310782
0.275708
0.007794
-0.104416
0.032104
0.067391
0.794763
0.729479
0.033120
-0.245402
0.375945
0.011029
0.337943
-0.004926
0.153322
0.385365
0.499161
0.257035
-0.031003
0.206442
-0.234796
-0.196181
-0.262915
-0.217852
-0.213968
0.045062
0.114569
0.410516
0.285354
-0.204131
-0.175540
0.849097
-0.032545
0.013117
1.152510
0.634838
-0.182672
0.988165
0.557845
-0.059248
0.110320
-0.261931
-0.062255
-0.349460
0.280142
-0.339148
0.243001
-0.243989
0.544451
0.325756
0.263070
-0.066205
0.203212
-0.332737
-0.040993
-0.302275
0.476700
-0.148749
-0.033500
-0.087268
0.076726
0.701493
-0.290424
0.262909
0.095981
0.326670
0.106625
