0.168410
0.499280
-0.420724
0.360856
-0.838221
-0.136862
-0.386595
-0.845042
0.803312
-0.156562
-0.017693
-0.665960
-0.495267
0.074709
0.639519
0.466022
0.467992
0.088631
0.460266
-0.261769
-0.724482
-0.323693
-0.264464
0.347656
-0.224309
-0.752121
-0.241057
0.796204
0.215696
-0.256398
0.232054
-0.418093
-0.098252
0.243754
0.209733
0.608058
-0.401427
-0.848662
0.592733
-0.051522
0.884640
-0.823979
0.575123
-0.500667
-0.009065
0.633820
-0.073616
0.204932
0.230530
-0.373083
0.021060
0.188948
-0.288566
0.071723
-0.313344
-0.240846
-0.040290
-0.036056
0.000902
0.108124
0.468175
-0.663303
-0.477805
-0.237896
-0.151995
0.338074
-0.575606
-0.534194
-0.684021
0.586561
-0.449496
0.301338
-0.031721
0.138966
-0.406179
-0.506165
0.053328
0.298969
0.105382
-0.385468
0.325934
-0.210794
0.293256
1.017412
0.073174
0.157252
-0.244206
-0.699885
-0.285380
0.063541
0.265912
-0.025550
-0.042960
-0.194689
-0.429437
0.466978
-0.095284
0.229042
-0.181282
-0.479003
0.057773
-0.318597
0.319182
-0.319542
0.430064
0.000225
0.288331
-0.168458
0.263050
0.240614
-0.014686
-0.412318
0.151924
0.882156
-0.076390
-0.382933
0.114010
-0.069390
0.409227
-0.151596
0.358232
-0.715824
-0.401363
0.041453
-0.084776
0.289681
-0.049505
0.316089
