-0.087896
-0.081094
-0.101111
-0.099350
-0.115854
0.074117
-0.114071
-0.254261
-0.055064
0.089183
-0.018169
-0.141559
-0.160098
0.063609
-0.173141
-0.196160
-0.117653
-0.192297
-0.403827
-0.038857
0.298230
-0.252384
-0.102008
0.174226
-0.141406
-0.109184
-0.082403
0.115376
-0.121598
-0.049368
-0.187202
-0.274057
0.007429
-0.062907
-0.189750
-0.051473
0.009477
-0.302214
-0.230881
-0.482188
0.249917
-0.055727
-0.105830
-0.027643
-0.189990
0.016964
0.271080
-0.109999
-0.231564
-0.008882
-0.225621
0.082076
-0.403046
-0.558206
-0.258996
-0.140896
-0.401941
-0.147384
0.123213
-0.341397
-0.205866
0.299477
-0.129632
0.433753
-0.170340
-0.444410
-0.065913
-0.000491
-0.005220
-0.248446
0.026312
-0.191485
0.124252
-0.162066
-0.068857
0.088591
-0.197586
-0.099810
0.038056
0.163120
-0.057461
-0.161614
-0.110074
-0.047202
-0.248957
-0.347386
0.116106
-0.020271
-0.090103
-0.217215
-0.279482
-0.423645
0.109647
-0.175417
-0.041913
-0.066375
0.035865
0.036152
-0.303240
-0.080336
-0.072507
-0.066258
-0.150959
-0.092733
-0.052478
-0.042318
-0.020184
-0.495258
-0.019379
0.160264
-0.000235
-0.255785
-0.109969
-0.026214
0.081206
0.064964
-0.047786
-0.345571
-0.013059
0.078787
-0.172039
-0.097337
-0.177916
-0.103125
0.156501
0.093056
0.106865
-0.137743
-0.123781
-0.299168
0.052317
-0.130548
0.258662
-0.227583
0.035062
-0.004097
-0.182531
-0.220530
-0.182715
-0.111858
-0.060190
-0.447993
-0.327349
-0.145934
-0.132152
0.032306
-0.123629
-0.112803
-0.138178
0.222746
0.121262
-0.109960
-0.128042
-0.013663
-0.000995
0.057438
-0.027759
-0.193867
-0.142241
-0.323423
0.148834
-0.103336
-0.093990
-0.005165
-0.072898
0.020487
0.006316
-0.282219
0.213369
-0.255723
0.016651
-0.101508
0.027839
0.088748
-0.075341
0.082146
-0.111364
-0.160086
-0.183000
-0.152057
-0.004947
-0.031097
-0.215623
-0.134053
0.258463
0.030577
0.077055
0.053647
-0.065308
0.113895
-0.440495
-0.063700
-0.262978
-0.028062
-0.125558
-0.304467
0.380980
0.068963
0.059805
-0.142447
0.203117
-0.177898
-0.145724
-0.320744
-0.075495
-0.034595
-0.217870
0.169840
0.073183
0.168118
0.029601
-0.077312
0.093857
-0.137528
0.421380
-0.047092
-0.029005
-0.131740
0.022257
-0.223420
-0.070355
0.188252
-0.028634
0.253282
-0.218476
-0.149729
-0.011615
0.159697
-0.036020
-0.257872
0.104561
-0.431072
0.135066
0.012608
-0.048722
-0.138899
0.195825
-0.197898
-0.215188
-0.028439
0.009152
-0.001988
0.259574
-0.016420
-0.191938
0.036918
-0.046912
0.077484
-0.211987
0.314612
0.251900
-0.218108
0.017314
-0.362270
-0.014660
-0.145635
