-0.457177
1.483661
-0.347231
1.025469
0.585581
0.361737
-0.391045
0.174433
0.531370
0.121527
0.749457
-0.158354
0.650280
0.149421
-0.000588
0.632110
0.613597
-0.767465
-0.531983
-0.125638
-0.036659
-0.691161
0.362155
0.425481
0.102450
0.715634
0.004501
0.862672
0.543382
0.055742
0.101672
-0.138379
-0.688062
-0.313058
-0.364488
-0.920056
0.692336
0.467295
0.145825
0.354462
0.097419
-0.279681
0.820573
0.686215
-0.128981
0.707797
0.024919
0.049052
-0.472227
0.458690
-0.420537
-0.662292
0.055185
-0.053594
-0.384094
0.759606
0.742111
-0.296214
-0.131604
-0.196500
0.616809
0.943859
0.877304
0.078296
0.339615
0.731916
0.012002
0.539681
0.478670
-0.595228
0.492089
0.289912
-0.078712
0.062371
-0.145418
0.523964
-0.209039
0.714886
-0.413133
0.261711
-1.099456
-0.408487
-0.236810
0.665034
0.621935
0.144385
-0.566732
0.032445
0.381069
0.116625
-0.651205
-0.580571
0.952553
0.053088
0.340103
-0.111596
-0.214597
0.630443
-0.475246
0.095055
-0.373591
0.660557
0.192981
-0.202221
0.436934
0.868141
1.084478
-0.262643
-0.623999
-0.286372
0.104401
-0.520384
0.078453
0.125638
0.325488
0.238938
0.008883
0.306904
0.095736
0.719412
-0.892166
0.013513
-0.290188
-0.725264
0.148242
-0.305287
-0.042389
-0.624348
