-0.744060
0.224011
0.151414
0.431786
0.727115
-0.947735
0.704678
0.396616
0.692159
0.086014
-0.626006
-0.412180
0.296705
-0.083032
0.106647
0.374990
-0.557165
0.185726
0.300420
0.710877
0.393741
-0.223746
-0.289213
-0.010670
0.549713
0.392245
0.393636
-0.112247
0.691949
0.353876
-0.793486
0.718856
0.475680
0.501866
0.460522
-0.150741
0.399866
0.168447
-0.723192
0.529053
-0.431139
-0.393445
-0.761774
0.553542
-0.069093
0.225729
0.112551
0.719945
-0.863433
0.395546
-0.228690
0.061839
-0.124558
0.054564
0.804374
-0.317639
-0.297540
0.330297
-0.051484
-0.434803
0.055124
-0.044441
0.276699
-0.173648
-0.189378
0.422527
0.867268
0.620784
0.307072
0.555883
0.564375
0.199838
-0.388291
-0.809084
0.986642
-0.132049
0.727396
0.196215
0.396563
0.374727
-0.089704
-0.391296
0.168654
0.400197
0.685764
-0.179334
-0.305124
-0.148006
-0.078610
-0.037372
1.527603
-0.099139
-0.450381
0.571897
0.339499
-0.297183
-0.375071
0.561635
-0.135086
0.412273
-0.781150
0.538258
0.105827
0.076037
0.533235
0.384457
0.128795
1.059071
0.185416
0.288598
-0.312464
-0.859990
0.946037
0.760725
-0.279196
0.696769
0.415513
-0.986113
0.368486
-0.121276
0.152426
0.077962
-0.613502
0.633153
-0.529803
1.015294
-0.499835
-0.440104
