0.134686
0.060118
-0.090808
-0.827720
-0.320440
0.204960
-0.508273
-0.384519
0.721213
-0.341961
0.098324
-0.469473
0.271839
-0.270768
0.159226
0.701726
-0.395562
-0.379447
-0.183587
0.269321
0.208676
-1.067411
-0.044251
-0.911219
0.615550
0.825110
0.571104
0.356807
-0.695189
-0.463109
-0.128233
0.487558
0.263578
-0.334734
0.173779
1.320420
-0.346648
0.436077
-0.321074
0.394139
0.154831
0.050167
0.304706
-0.354282
0.475898
-0.465927
0.161144
0.183615
0.223664
-0.092469
0.504365
0.158619
-0.286249
-0.087686
-0.452531
0.407054
0.762852
-1.202960
-0.713731
-0.213032
-0.106176
-0.625160
-0.665821
0.472850
-0.072634
-0.750146
0.200995
-0.168970
1.097791
-0.048640
0.294565
0.116377
0.560738
0.009812
-0.921504
-0.502920
-0.441755
0.109951
-0.427856
0.017342
-0.871903
-0.825396
0.527803
0.008721
-0.164074
0.193035
-0.624934
0.150176
-0.806031
0.161245
-0.646067
-0.368180
0.091595
-1.004773
-0.231655
-1.112397
-0.671066
-0.152011
0.381832
-0.757580
-0.024135
-0.934215
-0.186991
-0.916086
-0.775204
-0.311755
-0.037717
0.480929
-0.360616
0.523187
0.767401
-0.421369
-0.107979
-0.077370
0.175910
0.055480
0.891099
-0.154036
0.420646
-0.059970
0.190223
0.558628
0.293768
-0.240401
0.157676
0.000803
0.243111
-0.147010
