0.210020
-1.104222
0.065711
0.315999
-1.142891
0.237510
0.024524
0.589266
-0.044723
-0.132194
0.469967
-0.725850
-0.700768
-0.522671
1.103115
-0.176353
0.499907
0.374320
0.087798
1.328089
-0.838566
0.421834
-0.913943
-0.872611
0.287998
-0.200466
-0.328187
-0.258267
-0.209451
-0.065751
0.419214
0.090245
-0.728305
-0.209380
0.558056
0.267195
0.831711
1.483717
0.309253
-0.265324
0.103145
-0.265997
0.731332
0.853500
0.281297
-0.349146
-0.037886
0.751978
-1.682891
0.706516
-0.086708
-0.472114
-0.262947
-0.627765
-0.185314
0.098467
0.292195
0.465347
-1.558019
0.306303
-0.386667
0.202165
0.085231
0.652248
