0.434112
-0.571463
-0.257130
-0.492848
-0.696882
-0.530124
0.398478
-0.516706
0.444551
-0.382921
0.334775
-0.133903
-0.228109
0.411855
0.372150
0.206316
0.546760
-0.787775
0.313448
0.511768
-0.413046
-0.030737
0.344095
0.411626
-0.405475
-0.483009
-0.161583
0.218488
0.243705
-0.433126
0.228256
0.441071
-0.814800
-0.122642
0.323223
0.335428
0.485808
0.028297
-0.810097
-0.090513
-0.557929
-0.575438
-0.163093
0.462686
0.391006
-0.500175
-0.644329
0.566915
0.342857
-0.754241
-0.275322
0.262861
-0.833980
-0.026244
-0.606131
0.317218
0.364136
0.452056
-0.616642
-0.441458
0.199932
-0.727783
-0.774068
-0.078355
-0.208807
-0.132546
-0.155778
-0.242296
0.347631
-0.079604
0.177613
-0.473356
-0.404331
-0.151598
0.552388
-0.145696
-0.318713
0.545487
-0.650252
-0.113764
-0.279872
-0.329269
0.361583
-0.792418
-0.309834
-0.365737
0.391752
0.187092
-0.537852
-0.332353
0.459215
-0.333114
-0.723297
0.492217
-0.627934
-0.335987
-0.840578
-0.334749
-0.615627
0.203923
0.410225
0.151800
-0.307377
-0.615367
0.370257
-0.469288
-0.172613
-0.438476
-0.553856
-0.167752
-0.056517
-0.109720
-0.219861
-0.213631
-0.246062
0.571081
0.497967
-0.618125
0.555340
0.270203
-0.673892
0.452220
-0.147947
0.027160
-0.838601
0.012425
0.160642
-0.408693
-0.063699
-0.745945
0.520466
1.101716
-0.311751
-0.643214
-0.135609
-0.567881
-0.881175
-0.520353
0.579491
-0.435360
0.467725
-0.644631
-0.606365
-0.579702
0.506228
0.024539
0.358467
-0.885106
0.362356
-0.488461
0.080183
-0.062116
-0.046063
-0.371892
-0.223992
0.089453
0.002415
-0.302983
-0.338259
0.492765
-0.259366
0.021484
0.114357
0.955032
-0.782237
-0.495175
0.058067
-0.389820
-0.587676
-0.331438
-0.614749
-0.797167
-0.272403
0.359915
-0.750731
0.212442
-0.554123
0.467101
0.256334
0.627563
-0.753700
-0.539873
-0.817450
-0.694047
0.164476
0.055000
-0.591505
0.335208
-0.646239
0.430001
-0.318295
0.702213
0.038236
-0.398787
-0.587412
-0.604254
-0.752514
0.430972
0.564436
0.429817
-0.479939
0.533316
0.681833
-0.210831
0.042592
-0.350083
-0.014851
-0.624676
-0.445218
0.374396
-0.650269
-0.390201
-0.309809
0.418615
-0.598584
-0.428192
0.333532
0.152716
-0.858356
-0.728979
-0.779735
-0.346348
0.306415
0.434083
-0.769731
0.516402
-0.160924
-0.419547
0.007000
-0.663087
-0.007409
-0.329964
0.326934
-0.878261
0.437450
0.423900
-0.868684
-0.517535
-0.493816
-0.326449
0.372041
0.482387
-0.325739
0.228781
-0.616251
0.477335
0.371220
0.424238
0.363083
0.275315
0.432182
-0.755881
0.235115
-0.824658
-0.384468
0.611460
