0.353151
-0.322615
0.610555
0.161850
0.183664
0.388482
0.123711
0.234349
0.143965
-0.085805
0.140962
0.024020
0.763110
0.457266
-0.059345
0.646952
0.030371
-0.348010
0.225519
0.261103
-0.049393
0.154072
-0.253896
0.284287
0.002046
-0.025486
0.094683
0.417689
0.049772
0.216046
-0.634016
0.273488
0.418944
0.869486
0.223574
-0.061821
0.317380
0.096327
0.102166
0.248528
0.398072
-0.211344
0.104743
0.183357
-0.179888
-0.186840
-0.068708
-0.066869
0.144499
0.064898
0.078985
0.155436
-0.368089
-0.102435
-0.152280
-0.013017
0.100446
0.241204
0.044878
0.200131
-0.167092
0.134518
0.004853
-0.487571
0.175923
0.130604
0.044042
0.291579
0.404674
-0.095975
-0.046482
0.184163
-0.077072
0.129501
0.056821
0.099780
0.083444
0.075767
0.380670
-0.055739
-0.024259
0.150078
0.504648
0.200241
0.168868
0.746574
0.108538
0.024387
0.190652
0.039507
-0.032342
-0.264307
0.447418
-0.314882
-0.087910
0.200822
-0.091659
-0.139368
0.208158
-0.218606
-0.134624
0.163188
-0.017457
0.044785
0.182509
-0.384948
0.491300
1.505145
-0.109081
-0.280316
0.453041
-0.125464
-0.087214
-0.030012
-0.153642
0.150355
0.206922
0.078369
-0.014708
0.090865
0.071995
0.321689
0.203692
-0.125336
0.170449
0.532597
-0.332387
-0.154242
