0.060337
0.910359
0.200389
-0.338680
-0.043243
-0.648049
1.157808
-0.107678
0.605213
1.183061
-0.060561
-0.113225
-0.415351
-0.127948
-0.070975
-0.134066
-1.114814
-0.151803
-0.043860
0.044250
-0.541685
-0.097936
0.215241
0.032341
-0.163508
0.230108
-0.315881
0.857719
-0.105234
-0.198783
-0.116115
-1.161099
0.070134
-0.077056
0.083733
-0.661147
-0.350386
0.656830
0.255568
0.337097
0.016935
-0.094572
0.185776
0.818959
0.190836
-0.986060
-0.012124
0.487163
0.099474
-0.368350
-1.163214
0.235268
-0.612069
0.099948
0.468527
-0.212529
0.391525
-0.034386
-0.366964
1.497703
0.443925
1.349983
0.088919
-0.288254
-0.480131
-0.027070
-0.161647
0.027868
0.259653
0.931414
0.088356
-0.287912
-0.046696
-0.024596
0.852247
0.785883
0.080913
0.144768
-0.164147
-0.126078
-0.284578
0.281197
0.921485
-0.434812
0.467624
0.135408
1.263050
0.088730
1.521539
-0.312275
0.268691
-0.806568
-0.351389
-0.191505
-0.772963
0.074480
1.045959
-0.876160
1.270233
-0.357719
0.027455
0.037597
-0.435330
-0.251585
-0.436197
-0.242867
1.239344
-0.191083
-0.777361
1.208521
-0.070318
0.368011
0.019936
-0.219418
-0.032002
0.200488
-0.142278
0.098658
-0.063405
-0.241091
-0.185583
-0.177634
0.158896
0.042207
-0.078901
1.041352
-0.159146
0.655338
0.155345
0.188445
1.746514
-0.671270
-0.358943
-0.016259
0.138095
-0.455869
-0.297482
0.560425
0.173161
0.148893
-0.381530
0.190338
0.058777
-0.203213
-0.062265
1.433028
1.005064
0.102502
0.104123
-0.393121
0.360828
-0.228127
-0.216394
0.119158
0.011090
0.735193
-0.096766
0.593538
0.760707
-0.014209
-0.831508
0.532252
-0.437754
-0.143062
1.360476
-0.043850
-0.493036
-0.119222
0.390121
-0.013044
-0.364807
-0.067920
0.444847
-0.572258
-0.014603
0.085537
-0.090357
0.168767
1.629930
1.000131
-0.461146
-0.550118
0.326318
0.990832
-0.220665
-0.030188
-0.156530
-0.468042
-0.822145
0.000898
1.000648
-0.771299
-0.219679
0.359712
-0.050276
0.372799
-0.144323
0.272122
0.182780
0.532548
-0.096847
0.372836
0.014036
-0.018439
-0.064223
0.239345
0.401029
0.087929
-0.112200
-0.194188
0.442812
-0.061649
0.493039
0.319859
-0.141576
1.551111
-0.243323
-0.691318
-0.576902
0.296910
-0.457691
-0.678406
0.086615
-0.101805
-0.272376
0.018962
-0.268178
-0.198664
1.055250
-0.801541
-0.081501
-0.466229
0.199184
1.164952
0.077411
-0.067491
0.070161
0.020666
-0.051915
-0.384994
0.236083
-0.304583
-0.594037
-0.205016
0.417032
1.062737
0.045081
-0.064939
1.138408
-0.093348
0.044789
0.563707
1.249420
0.295578
0.103773
0.369062
