-0.136665
-0.141249
-0.131660
0.052890
-0.272925
0.273644
0.082008
-0.114188
0.207477
0.229945
-0.071171
0.137118
-0.099028
0.143159
-0.067799
0.171820
-0.332601
0.108365
0.449523
0.199391
0.195914
0.118854
0.044278
-0.165589
-0.259500
-0.039973
-0.038744
0.079217
-0.135567
0.068125
-0.189124
0.239754
-0.139393
-0.207143
-0.179620
-0.348932
-0.011820
0.094019
-0.124458
0.241761
-0.008356
-0.149232
0.246437
0.181028
-0.197606
-0.116303
0.017180
-0.241915
-0.022337
0.165814
0.233590
0.194299
-0.009842
0.097980
-0.037603
-0.052226
0.060262
0.022115
0.029474
-0.110254
-0.200567
-0.399718
-0.034890
-0.052312
-0.073836
-0.145507
-0.013487
0.002787
0.178124
0.036335
0.107400
-0.176095
0.189834
-0.133931
-0.006487
-0.166878
-0.209208
-0.032197
0.059229
-0.225537
-0.070530
0.228724
0.040944
-0.089312
0.038519
0.098130
0.168135
0.015720
0.192194
0.269176
0.022237
-0.059974
0.075760
-0.260516
-0.003235
-0.229009
0.162857
-0.277070
0.218187
-0.080153
-0.026321
-0.020942
0.170069
0.174110
-0.145360
-0.161225
-0.146988
-0.164701
-0.007753
0.055709
0.242968
-0.047564
-0.030442
0.234602
0.132516
-0.145917
0.158011
0.004156
0.102538
-0.000303
-0.087351
-0.004280
0.012203
-0.167745
0.288663
-0.122438
0.087495
0.086222
-0.132653
-0.006876
-0.120294
0.040993
0.060837
0.211998
0.017739
0.134358
-0.061253
-0.303379
-0.007479
-0.112083
0.083696
0.058014
0.019544
-0.064924
-0.203331
0.221616
0.148188
-0.195742
0.022534
-0.192449
-0.156906
-0.128822
0.062776
0.088242
0.085005
-0.189218
-0.087597
0.050938
-0.096200
0.152202
0.088898
0.136547
0.198433
-0.159051
0.028478
-0.088569
0.113873
0.105396
0.221130
-0.181208
0.184554
0.021415
-0.103611
-0.020691
0.164102
-0.029471
0.013244
0.101015
-0.078471
-0.258450
0.063795
0.149206
0.021576
-0.224616
-0.146820
-0.082499
-0.045201
-0.180367
0.074939
-0.180256
-0.222180
-0.059227
0.018782
0.012623
0.092595
0.059074
-0.137819
-0.122185
0.114406
0.138359
-0.001745
-0.089883
0.065480
-0.188779
0.105512
-0.006584
-0.083344
0.000830
-0.038275
0.095008
0.339062
0.058818
0.112255
-0.032130
0.253977
0.221542
-0.317536
0.306701
0.048428
0.069986
-0.239848
-0.373163
0.160100
0.168770
-0.198262
0.005513
0.217131
0.140910
-0.010814
-0.151094
0.123275
0.116598
0.154470
-0.068607
-0.135841
-0.069164
0.083937
0.026859
-0.262142
0.154633
-0.294100
0.087298
0.016152
-0.255557
-0.222266
0.155938
-0.099756
-0.454836
0.119093
-0.089980
-0.084773
-0.082978
0.142145
0.207869
0.183827
-0.053653
0.070288
0.000945
-0.004672
0.196575
-0.121391
0.053048
0.013237
-0.084039
0.012350
0.188869
-0.212753
0.091254
0.092431
-0.105088
0.236603
0.071949
0.037700
0.016915
-0.198164
0.084393
0.138808
0.145900
-0.082053
-0.022203
-0.150960
0.068883
0.051500
0.030023
-0.211806
0.131327
-0.000748
-0.044271
-0.036670
-0.106994
-0.092779
0.163995
0.142896
-0.028022
-0.123251
-0.097677
-0.083694
-0.118154
0.105017
-0.002373
0.030327
-0.125661
0.051103
0.092357
-0.006919
-0.127307
0.030437
-0.130910
-0.086017
-0.065681
-0.095751
0.049546
-0.102599
-0.020483
0.061866
-0.109885
0.005743
-0.013197
0.173675
0.060423
0.089233
-0.066378
-0.066977
0.050137
-0.016799
-0.100226
-0.031419
-0.057838
0.093391
-0.118479
0.018455
0.148145
0.015274
-0.144259
-0.160895
0.097605
0.022534
-0.131654
0.049477
0.075245
0.073086
0.230396
0.087364
0.075152
0.027046
0.191270
-0.215692
0.086558
0.149085
-0.155689
0.122856
0.096805
0.126321
-0.095644
-0.129478
0.101107
0.020073
-0.018228
-0.146409
0.080639
-0.018075
-0.031132
-0.034380
-0.146336
-0.004754
-0.371763
0.042373
0.071552
0.119895
0.072218
0.268546
0.020310
-0.352789
0.077626
0.043841
0.203360
-0.049540
0.042707
-0.028283
-0.085268
-0.040023
0.072999
0.173637
-0.002410
0.169116
0.108035
0.257000
0.008368
0.294208
0.118671
0.090763
-0.074753
-0.330897
0.345886
0.016337
-0.062903
-0.271177
0.202753
-0.163524
-0.166857
-0.191182
-0.001044
-0.028055
0.090935
0.128663
0.029305
-0.244006
-0.182325
0.220040
0.172807
0.002779
0.290244
-0.142630
0.030583
0.123719
0.150320
0.164314
-0.099404
0.078924
0.227056
0.155696
0.093939
0.184957
0.019158
0.023757
-0.241085
0.094353
-0.080499
-0.403962
0.216977
-0.176310
-0.201833
0.125097
-0.060552
0.035094
-0.222222
0.086358
0.040796
0.040764
0.054825
-0.390996
-0.112101
0.216998
0.302705
-0.258191
-0.178259
0.095078
0.225682
-0.110524
-0.255646
-0.113758
-0.205473
0.016236
-0.078596
-0.038580
0.009426
0.154651
0.123498
0.043639
0.248776
0.162733
-0.101098
-0.203640
0.201383
0.059820
-0.267924
-0.194100
0.119732
0.051083
-0.134825
0.104031
0.148375
0.073708
-0.064600
-0.187600
0.116591
0.111643
0.274229
-0.161010
0.079515
0.146904
-0.041726
-0.100166
-0.097014
0.023215
0.197493
0.133617
-0.155285
0.067980
-0.070969
0.229103
0.171777
-0.064481
-0.187769
0.336311
0.118861
0.116518
0.124103
-0.229733
0.006200
-0.183028
0.045446
-0.127629
0.235332
0.124582
0.178840
0.125661
-0.253377
0.016207
0.076745
-0.182611
-0.030715
0.024278
-0.036053
-0.057669
0.127414
0.042825
-0.092127
0.117606
-0.246954
-0.247660
0.189316
0.331838
-0.064403
-0.070700
-0.172764
-0.030572
0.161137
0.033781
-0.172081
0.130178
-0.007706
-0.112750
0.015756
0.075523
0.239080
0.086216
0.004008
-0.122099
0.124656
0.101092
-0.174786
0.138171
-0.105763
-0.053289
0.081649
0.305232
0.207837
0.011915
-0.141607
-0.175672
-0.010521
-0.132509
-0.028689
0.181001
0.003262
-0.000644
0.270782
0.227114
-0.084136
0.152041
-0.135040
0.168260
0.201900
0.065353
0.114427
0.046119
-0.024736
-0.098128
0.250187
0.015522
-0.070234
-0.033114
-0.113756
-0.041067
0.151796
-0.202737
-0.153233
0.037113
-0.073007
-0.007500
-0.009493
0.150768
0.145288
-0.093559
-0.007140
0.080720
0.186830
-0.099269
0.043356
0.079246
-0.007534
-0.218264
0.210979
0.199015
-0.097518
-0.143916
0.161942
-0.095288
0.086411
-0.083640
-0.088082
-0.375584
0.303684
-0.164020
0.238039
0.386790
-0.027097
0.121205
0.135650
0.150146
-0.042272
0.213622
-0.018628
-0.138512
-0.114193
-0.070041
-0.165464
0.258323
0.161624
0.245757
-0.228663
-0.148431
-0.141532
0.295365
-0.025520
-0.255510
0.107512
0.302765
-0.149629
-0.079179
0.120260
0.057922
-0.097279
-0.131587
0.095705
0.087298
-0.020491
0.056028
-0.088169
-0.124970
0.122573
-0.165061
-0.207304
-0.284609
0.008923
-0.082869
-0.040803
0.255986
-0.110253
0.085473
0.037499
-0.114992
0.006990
0.218719
-0.278154
0.051192
-0.004751
-0.105855
-0.061269
0.014335
-0.159024
-0.245019
0.046483
-0.364805
0.143457
-0.056176
-0.149206
0.017858
-0.156674
-0.114428
0.123139
0.078103
-0.073754
-0.333902
-0.074830
-0.043500
-0.251461
0.212985
0.109569
0.157368
0.112463
0.052958
0.267192
-0.169298
-0.177273
-0.015219
0.347751
-0.078777
0.052156
0.144691
0.153130
0.050187
0.073290
0.020639
0.150690
0.162079
0.064713
-0.066539
-0.165921
0.093322
-0.115714
0.021848
0.079391
0.303383
-0.213993
0.059255
0.040158
0.366538
-0.131877
-0.014334
0.361998
-0.080465
-0.060547
0.116331
-0.085049
-0.129429
0.138389
0.075309
0.055361
-0.197825
0.398817
0.136373
-0.024757
-0.028457
0.258106
-0.056981
0.002147
0.159146
-0.013561
0.160948
-0.022543
0.029357
0.059181
-0.316094
0.232481
0.054104
0.123019
-0.093293
0.051953
-0.173103
0.111566
0.222284
0.163656
0.240768
0.261506
-0.305316
0.065458
0.168152
0.142182
-0.143000
0.299624
-0.067463
-0.084906
0.037277
-0.203904
0.189808
0.042541
0.028381
0.058639
-0.054110
0.233308
0.131400
-0.020636
-0.474865
-0.137165
-0.103029
0.102388
-0.136544
-0.059089
0.106228
-0.076317
0.073455
-0.121384
0.063503
-0.053098
0.101469
-0.077889
-0.026840
-0.032274
0.073738
0.100172
0.001623
0.128387
-0.066602
0.024580
0.153096
-0.194803
-0.030871
-0.050140
-0.026234
-0.204815
0.036625
0.120384
-0.065565
-0.080772
-0.283884
0.090639
-0.114498
-0.089625
-0.013547
0.021911
-0.084124
-0.016230
-0.002005
-0.055371
0.113989
0.068967
0.067029
-0.267069
-0.006866
-0.208062
0.089626
-0.076913
-0.020980
0.243463
-0.114971
0.015036
0.074375
-0.036112
-0.099273
0.065604
0.071237
-0.056073
-0.177229
-0.121406
0.036513
0.256880
0.074460
0.035486
0.165511
0.216989
0.001211
-0.097786
0.086847
-0.061234
0.202952
-0.022745
-0.033161
-0.126339
-0.085438
0.049754
0.135041
-0.052337
0.011570
-0.062621
-0.089564
0.033639
-0.064184
0.020084
0.071859
0.003756
-0.146770
0.022458
0.065673
0.017750
-0.035115
-0.192766
0.100428
-0.146797
-0.128620
0.055239
-0.068093
-0.152642
-0.034913
-0.076165
-0.114901
-0.133421
-0.060305
-0.022682
-0.047489
0.010845
-0.067508
-0.007373
0.019540
-0.207091
-0.031168
0.128876
-0.150455
0.074243
-0.164611
-0.186664
0.238517
-0.146201
-0.040172
-0.086221
0.027590
-0.053289
-0.022236
-0.007759
0.037010
-0.075446
0.035290
0.082664
-0.052754
0.031229
-0.000857
-0.013273
0.117125
0.002049
-0.002193
0.164613
0.150022
0.391674
-0.214369
-0.102444
-0.118826
-0.285942
0.015861
-0.272648
0.072289
0.143084
0.069133
-0.191266
0.267803
-0.222498
0.117458
-0.218755
0.031591
0.044351
0.344460
-0.081339
0.057583
0.031072
-0.231086
0.129969
-0.365314
-0.030500
-0.209320
-0.157931
-0.070052
-0.008257
-0.134268
-0.022883
0.015920
-0.024077
-0.080379
-0.198622
-0.139510
0.156329
0.060102
-0.146522
-0.243421
0.034539
-0.135924
0.045839
0.145072
0.071337
0.009696
0.298885
0.073066
0.275074
0.118693
-0.003722
-0.030011
0.273818
0.345270
0.056346
0.201675
0.142549
-0.192158
-0.087809
-0.347763
-0.219034
0.050740
0.335124
-0.046215
-0.402597
0.209212
0.051843
-0.022953
0.023820
0.124525
-0.135795
0.242772
-0.118634
0.006435
-0.041758
0.550005
-0.159753
0.049292
-0.032574
-0.162716
-0.181836
-0.114909
0.066016
-0.258475
-0.017792
0.217647
-0.217637
0.001007
-0.124715
0.175877
0.013779
-0.366840
0.115122
-0.026203
-0.061856
0.027158
0.006407
0.122687
-0.120426
-0.083838
0.033276
-0.150126
-0.036919
-0.069227
0.066916
0.390183
-0.043480
-0.090327
-0.088546
0.313879
0.309204
-0.367055
-0.070991
0.271038
-0.058543
0.096583
-0.034881
0.245616
-0.050932
-0.078778
0.006505
0.085513
-0.045682
-0.091451
0.007502
-0.159347
0.326645
0.079445
0.141878
-0.148832
-0.206083
0.074759
0.559482
-0.135038
0.043688
0.272886
-0.061987
-0.028600
-0.065370
0.333397
-0.116888
-0.085497
-0.085983
0.147127
0.393009
0.069048
0.224726
0.029048
0.212972
0.105546
0.147743
0.094758
-0.288237
-0.233409
0.054887
0.073791
0.099151
-0.423715
0.151982
0.387544
-0.090549
-0.142165
0.147520
-0.087229
0.096069
-0.107925
0.138279
0.026392
0.087013
-0.029711
0.040850
0.014088
0.126664
0.071926
-0.149376
-0.116457
0.023603
0.019044
0.216022
-0.155659
0.013648
0.082377
0.330077
0.155496
-0.188168
-0.112428
-0.070613
-0.064427
-0.139381
0.344563
-0.118230
0.036225
-0.106611
0.351276
0.028945
-0.081197
-0.066079
-0.118845
0.076990
-0.078448
-0.119920
-0.218499
-0.154161
0.177058
0.190380
-0.104282
-0.059435
-0.045944
0.007855
-0.273995
0.213441
-0.061565
0.311861
0.035465
0.112755
-0.253677
-0.333530
-0.236598
0.183984
0.182721
0.267332
-0.033863
0.000326
0.111139
-0.118536
-0.088009
0.127087
-0.116842
0.231835
0.001425
0.013999
0.121518
0.112111
0.269190
-0.097984
0.069113
0.091991
0.576237
0.082402
0.127516
-0.155430
0.236488
-0.324089
-0.185914
-0.101961
-0.154555
-0.138279
0.022056
-0.274871
-0.021911
0.086913
0.045668
0.058825
-0.193212
0.142438
-0.012921
-0.173614
-0.036530
-0.134192
-0.123027
-0.148372
-0.015307
-0.111773
0.040622
-0.010344
0.008905
0.014441
-0.029076
0.135976
-0.037522
0.039623
0.044328
0.004873
-0.183945
-0.129948
0.019805
-0.076605
-0.062951
-0.026566
-0.031769
-0.095435
-0.077327
-0.119047
0.029428
-0.060161
0.093334
0.138285
0.020423
-0.003797
-0.088003
-0.094437
-0.063783
0.071436
-0.058257
-0.070712
-0.021180
0.102021
-0.102845
0.022218
-0.030047
0.005982
0.001504
0.149638
0.006855
-0.135897
0.097581
-0.043667
0.013000
-0.225433
-0.189356
-0.135383
-0.039990
-0.176569
0.015402
-0.133144
-0.094459
-0.076454
-0.077993
0.062797
-0.253090
0.266504
0.060161
0.168010
-0.049936
-0.128312
0.111505
-0.080665
-0.027016
-0.073172
-0.046822
-0.018654
0.141700
-0.053434
-0.035559
0.207715
0.066450
-0.062162
0.111829
0.236360
-0.060901
-0.150540
0.127246
-0.009187
-0.048296
-0.060757
0.028876
-0.162694
0.001615
-0.055593
-0.118849
-0.037601
-0.093778
0.069620
0.189689
0.065043
-0.012016
0.106109
-0.118025
0.044941
0.143326
0.043633
0.110776
-0.129914
0.113816
0.011775
0.065049
0.101088
0.052443
0.041503
0.142342
-0.010371
0.047340
-0.020601
-0.109623
-0.065794
0.039858
0.018868
-0.052035
-0.125804
0.126375
-0.056844
-0.006436
-0.143167
-0.004205
-0.105194
0.216471
-0.148035
0.295593
-0.006725
0.101194
-0.197615
-0.424013
0.003190
0.256413
-0.096024
-0.030449
-0.047509
0.036733
-0.197277
-0.021933
0.058951
0.127929
-0.059528
-0.021890
0.052835
0.103568
-0.169696
0.004351
0.343651
0.110788
0.160010
0.060066
0.044858
0.083198
0.023348
0.143799
-0.154862
0.068160
0.116644
0.128540
-0.033418
-0.161990
0.123399
0.291949
-0.117545
-0.115439
-0.031184
0.090482
0.132375
-0.132092
-0.295227
0.139488
-0.034443
-0.058145
-0.108534
0.165679
0.013948
0.235434
-0.148615
-0.051604
-0.154209
-0.347058
0.215670
-0.113484
-0.099990
-0.185466
-0.021721
0.021377
-0.008596
0.155522
0.077083
0.016694
0.007392
-0.135706
-0.295511
-0.119895
-0.195628
-0.077508
0.050065
-0.062778
0.154830
0.038704
-0.144247
0.290361
-0.154058
0.088951
-0.042102
0.055410
0.097523
-0.056028
-0.056424
0.196921
-0.030050
-0.186340
0.022080
-0.003405
0.294131
-0.172857
-0.048363
-0.109454
-0.029215
-0.219118
-0.066963
-0.096777
0.108604
0.224432
-0.164328
0.090598
0.158586
-0.397983
-0.387147
-0.141411
0.187123
0.168489
0.049028
-0.147743
-0.114087
-0.119809
0.023831
-0.141081
0.090644
-0.022315
0.161676
0.039682
0.216357
0.028510
0.021279
-0.087475
-0.175903
0.098023
-0.117680
-0.142196
-0.179745
-0.251558
0.018610
0.196893
0.039129
0.119289
-0.068581
-0.216752
0.027382
-0.122018
0.222866
-0.261875
0.097836
0.033806
0.220363
0.116281
0.093352
0.153192
-0.207336
-0.057696
0.048407
-0.244903
0.141809
0.028531
0.004882
0.215119
0.024259
-0.201977
0.245182
-0.146467
0.046930
0.028081
-0.050240
-0.169428
0.168579
0.219274
0.395534
-0.174918
-0.017231
-0.038985
0.031751
0.182090
0.223642
-0.110901
-0.144094
0.193666
0.187290
-0.012693
-0.013905
-0.083752
-0.339649
0.088634
-0.148925
0.169506
-0.119980
0.313175
-0.088127
0.040234
-0.029865
0.008101
0.040235
-0.087072
0.137832
-0.004552
-0.081975
-0.535293
-0.097885
-0.068968
0.083121
0.111202
-0.091612
-0.223870
0.144023
-0.141241
0.090356
0.196954
-0.146629
-0.037466
-0.163884
0.035797
-0.054005
-0.065680
-0.441522
0.037671
-0.035410
0.064448
-0.083728
0.243244
-0.195322
-0.318887
-0.081505
0.016808
0.137208
-0.078241
0.220901
0.126922
0.061534
-0.032506
-0.160875
-0.210819
-0.121577
-0.165709
0.148244
-0.075458
-0.248343
0.259886
-0.015997
-0.243767
0.171638
-0.022078
-0.056371
-0.095448
-0.042950
0.046545
-0.088799
0.008611
0.087881
0.088171
0.090232
0.228587
-0.204980
-0.040588
0.062850
-0.114144
-0.352670
-0.186799
-0.053016
-0.064414
0.154554
0.032570
0.004762
0.316070
0.122898
-0.035547
-0.021459
-0.033545
-0.255747
0.002780
-0.162530
0.374894
-0.144760
-0.171890
0.084101
0.055481
-0.116816
0.176918
0.193708
-0.362862
-0.348205
0.059696
0.014605
0.037325
0.221637
-0.090226
0.117440
0.058180
0.114325
-0.133421
-0.207515
0.035206
0.224451
-0.064084
0.033718
-0.047186
-0.141227
-0.058098
0.039510
0.210235
0.484232
0.031707
0.076234
-0.031242
-0.120305
0.072689
0.286035
0.043823
-0.092683
-0.009173
-0.039266
0.023282
-0.114397
0.055203
0.025369
0.083862
0.017991
-0.103693
0.093728
-0.111151
-0.102902
-0.143110
0.087499
-0.129724
0.133625
-0.117320
-0.131940
-0.114551
0.370135
-0.176437
-0.048805
-0.120088
-0.009097
0.019262
0.256446
0.269791
-0.337589
-0.260247
0.051333
-0.095205
-0.054622
0.067762
0.072264
-0.016889
-0.056188
-0.133828
0.147336
-0.053869
-0.542622
-0.285190
-0.285767
-0.164344
0.019621
0.151412
-0.090987
-0.158066
0.151168
-0.026628
-0.032515
0.140151
-0.158904
-0.039290
-0.034719
0.222834
0.188913
0.054834
0.037198
0.022859
-0.048869
0.465312
-0.177813
0.121864
0.055346
-0.101216
-0.187397
0.099190
-0.188992
-0.009191
-0.183826
-0.042588
-0.104265
0.146785
0.083053
0.415814
0.257422
0.221771
-0.143665
0.113602
0.230138
0.047265
-0.004707
0.190807
-0.120122
0.221998
0.049236
-0.161958
0.083606
0.194685
-0.149517
0.062304
0.058068
0.119030
-0.041832
-0.038048
0.144986
-0.049806
-0.125036
-0.300031
0.453873
0.095655
0.162375
-0.035792
0.174700
-0.277169
0.131126
0.227408
0.024844
-0.131996
-0.255486
-0.015828
0.048526
-0.308709
-0.230540
0.049403
0.133098
0.000097
-0.061239
-0.055214
0.014165
0.279559
0.192845
-0.004691
-0.197522
-0.146334
0.038312
0.003594
-0.074983
-0.148928
-0.249979
0.130027
0.068623
0.192385
0.218063
-0.045542
-0.054105
0.420629
0.053617
-0.018742
0.302095
-0.051693
-0.386059
0.231807
-0.024221
-0.092189
0.188337
0.368895
-0.019011
-0.030739
0.038450
-0.176366
0.156860
0.045154
-0.336577
0.138905
-0.058136
-0.081833
-0.032385
-0.290653
0.087598
-0.171581
0.304902
-0.182253
0.022289
0.134982
0.117033
-0.075772
-0.317977
-0.169286
-0.067785
-0.052282
0.231777
-0.099220
-0.074387
-0.207585
-0.170646
0.128812
-0.025173
-0.019721
-0.048630
-0.016958
0.155133
-0.054343
-0.036416
-0.438130
0.155112
-0.161284
0.454514
-0.084665
0.100034
-0.073779
0.093401
-0.015337
-0.100667
-0.172918
-0.003071
-0.202298
0.102000
-0.190177
0.012921
-0.192040
0.031081
-0.037430
-0.232944
-0.259413
-0.264266
-0.145948
0.083241
-0.247137
-0.073191
0.062825
-0.113094
0.177767
0.404103
-0.052408
-0.076214
-0.191430
-0.018235
-0.319508
-0.073097
0.095257
0.363137
0.049951
0.085498
0.098486
-0.220407
-0.253382
0.213922
-0.085416
-0.172667
0.167278
-0.198545
0.273921
-0.195636
-0.224354
0.115923
-0.296344
-0.027651
-0.148177
-0.146008
0.081389
0.249444
-0.161053
-0.017873
-0.273457
-0.097398
0.176740
0.169514
-0.136195
0.138301
-0.196025
0.038997
0.051260
0.262647
0.068446
0.222246
0.092988
-0.094151
0.054885
0.284826
0.017726
-0.263184
0.046550
-0.276239
0.071843
0.371864
0.176944
0.031876
0.208902
-0.144113
-0.046821
0.055300
0.174769
-0.183671
0.166159
0.119629
0.197322
-0.315943
-0.094153
0.038288
-0.084735
0.205257
0.029121
0.282597
0.258519
0.093563
0.115047
-0.151917
0.253619
0.089205
0.069976
-0.133250
-0.109374
0.068083
-0.276709
0.144747
-0.053879
0.063515
0.242666
0.018182
-0.059430
-0.168860
0.006537
0.164815
-0.139711
0.072615
0.052707
0.453734
0.263620
0.147318
0.148522
0.060833
-0.226661
-0.210484
0.131446
-0.042977
0.208184
0.009861
0.140619
-0.043123
0.267848
0.239977
0.093287
0.297448
-0.222308
-0.088890
-0.150583
-0.027368
0.093443
-0.135304
0.113472
-0.206745
-0.234611
-0.093353
-0.020883
-0.208556
-0.014336
0.145350
0.019751
-0.064387
0.018693
0.203230
-0.063125
0.099071
0.144609
0.022908
0.086935
-0.150615
-0.090759
0.140462
-0.190095
-0.019504
0.056909
-0.000683
-0.022435
-0.015530
0.044484
0.168957
-0.097717
0.119644
-0.008950
-0.235696
-0.073615
-0.138450
-0.038538
0.020641
-0.115612
-0.198969
-0.032870
-0.023007
-0.086879
0.189693
0.127669
0.053702
-0.098231
-0.135318
-0.167012
0.033113
-0.186012
-0.139584
-0.118299
0.057874
-0.048336
0.132956
-0.031880
-0.015860
-0.137081
-0.064194
0.015144
-0.045654
0.007715
0.088513
0.120283
-0.155773
0.226958
-0.027029
0.255368
0.137438
-0.075368
0.005752
-0.305771
-0.110633
-0.084660
0.113653
0.161417
-0.032943
0.112110
-0.172260
-0.057011
0.016721
-0.087396
-0.222125
-0.197402
-0.086325
0.128814
0.082673
-0.042180
0.066637
0.236196
0.038062
0.114677
-0.067676
0.028739
-0.000816
-0.059944
-0.159885
0.146034
-0.206096
-0.020204
0.142246
0.131453
0.102630
-0.165710
0.089587
0.005530
0.080999
0.199614
-0.008452
0.063795
0.219648
-0.135118
-0.214652
-0.102264
-0.372704
-0.035099
-0.097604
0.026477
0.001054
-0.028598
0.317388
0.046939
0.225935
-0.175576
-0.170707
-0.027538
-0.099958
-0.080906
-0.038618
-0.035547
0.174041
-0.029017
0.014636
0.018441
-0.093452
-0.074993
-0.059460
0.083953
0.002724
-0.040496
-0.066552
-0.107700
-0.029493
0.053682
-0.070286
0.090910
0.229322
-0.110607
0.096575
0.081520
-0.068697
-0.066847
-0.002533
0.083391
0.039511
0.053539
0.017080
0.104693
0.003681
-0.073303
-0.105326
-0.072318
-0.028034
0.037885
-0.081694
0.048357
0.097175
0.000680
-0.025754
0.029147
-0.076882
0.119355
-0.046087
0.079838
0.020727
0.027894
-0.075823
-0.066289
-0.083645
-0.167947
-0.089514
-0.058829
-0.023877
0.112898
-0.046602
0.140269
0.019509
0.096441
0.073131
-0.013277
-0.024397
-0.050135
0.041470
-0.064436
0.054263
0.062883
-0.061156
0.052556
0.044035
-0.073156
-0.107114
-0.094682
0.043191
-0.109711
-0.063750
-0.143117
-0.080978
0.027522
0.095811
-0.016831
-0.104358
-0.026685
-0.027867
-0.207038
-0.051560
0.009075
-0.307532
-0.018094
0.016572
0.027471
-0.040605
-0.109812
-0.013073
-0.027482
-0.051961
-0.139735
0.010196
-0.101424
-0.013694
-0.013315
0.093655
0.045650
-0.072886
-0.096278
0.046304
0.015142
-0.162099
-0.007788
-0.195361
0.026485
-0.102954
0.026388
-0.121438
0.047054
-0.118787
0.010229
0.134761
0.166463
-0.036715
0.019793
-0.166464
0.135589
0.032390
-0.015346
-0.035956
-0.040385
0.165771
0.380923
0.237627
0.053762
0.003154
-0.121293
0.043251
-0.216172
0.027801
0.015112
0.070336
0.068343
-0.145144
-0.174937
-0.060009
0.001098
-0.049160
0.031807
-0.224271
-0.075593
0.300544
-0.165501
0.072548
0.026596
-0.054950
0.049377
-0.165234
0.266601
-0.011326
0.171277
0.013552
0.056871
-0.149772
-0.191143
0.128941
-0.029465
-0.032962
0.062745
-0.105806
0.154802
-0.184601
0.200620
-0.059157
0.230144
-0.014633
0.190389
-0.082363
-0.182783
0.228304
0.207284
0.113122
0.041144
-0.287945
-0.028467
-0.085452
-0.291917
-0.017459
0.089124
0.124508
0.045679
-0.019970
-0.044153
-0.172998
0.229682
0.025534
0.070187
-0.027243
-0.098666
0.083165
0.083183
0.058316
-0.302191
-0.000577
0.070844
0.127216
-0.153459
0.147300
0.083798
0.093671
0.181092
-0.129282
-0.195912
0.088347
-0.062202
-0.365175
-0.103498
0.212505
-0.183344
-0.089819
-0.041624
-0.001641
-0.157998
0.145129
-0.151674
0.214854
-0.020437
-0.033497
-0.120869
0.164479
0.020001
0.133889
-0.324590
-0.043881
0.128485
0.210670
-0.078349
-0.013028
0.045448
0.416449
-0.318202
-0.349959
-0.498436
0.191322
0.180620
-0.174845
-0.217626
-0.210634
-0.082015
0.088450
-0.033815
0.025860
-0.078004
0.078610
-0.048794
0.046681
0.018041
-0.189464
-0.097827
0.158122
-0.080936
-0.165154
0.012454
0.076944
0.056624
0.102848
0.152262
-0.090955
-0.041589
0.121581
-0.142683
-0.046782
-0.036894
-0.121195
0.295765
-0.139909
0.151919
-0.005443
0.180707
0.067356
0.244336
-0.139038
0.060944
0.168182
0.098123
0.050201
-0.159251
-0.013747
-0.123820
0.099660
0.192049
0.200053
-0.186908
-0.004700
-0.129442
0.290653
0.171172
-0.035105
-0.164121
-0.012381
0.182213
0.125263
-0.091830
0.021680
0.189459
-0.103924
-0.213159
0.123702
-0.060758
0.151184
0.115365
0.220237
-0.241231
-0.115910
0.247694
0.132460
0.003927
0.012092
-0.192980
-0.186099
-0.047567
0.013934
-0.116987
-0.008705
0.149503
-0.123372
0.047749
0.132431
0.261992
0.123337
-0.011486
0.046951
-0.195389
0.033692
-0.027086
0.055639
0.086192
0.101288
-0.180281
0.264512
-0.236342
-0.264678
-0.002164
-0.057900
-0.169922
-0.081065
0.018101
0.074103
0.043417
-0.097257
0.100034
0.040464
0.030440
-0.047054
0.082325
0.136264
-0.087838
-0.026887
0.102343
0.025678
0.209699
-0.133751
-0.001517
-0.143867
0.091803
-0.240655
-0.072949
0.161581
-0.188499
0.137767
-0.051620
0.050137
-0.128603
0.367326
-0.096954
0.108385
0.161255
-0.056247
-0.054338
0.009787
-0.038330
-0.034063
0.078478
0.022710
0.052469
0.038676
0.314408
-0.291300
0.126609
-0.145266
-0.327541
0.144073
0.071103
-0.269403
-0.037941
-0.072825
-0.189716
0.334609
0.091789
0.075727
0.028349
-0.067949
-0.316201
-0.157352
-0.122615
-0.015605
-0.144625
-0.144155
-0.091028
-0.045694
-0.107597
0.040597
0.220398
0.003910
-0.259836
-0.141662
0.134735
-0.174367
-0.333324
-0.030613
0.147405
0.121010
0.239223
-0.090646
0.078053
0.033428
0.348731
-0.196394
0.056597
-0.037239
-0.167361
0.236785
0.088594
-0.226207
-0.167037
-0.061865
-0.024313
0.204075
-0.189805
-0.118103
0.216951
-0.388625
-0.224463
0.143445
0.173751
0.009008
0.206451
-0.049771
0.095288
0.169021
0.295114
0.065311
-0.228432
-0.174875
0.012574
-0.129981
-0.119761
0.325583
0.458359
-0.014424
-0.072565
-0.222943
0.323181
-0.088704
-0.208402
-0.118510
0.082787
0.240969
-0.067772
0.227149
0.323190
0.026720
0.286867
-0.080612
0.053008
0.047960
-0.073391
-0.090829
0.151129
-0.173412
-0.101784
0.004710
0.217770
-0.098799
0.001145
0.198818
0.072407
0.171924
-0.393317
-0.329630
-0.003344
0.240683
0.106737
-0.140697
-0.257474
-0.209132
-0.263031
-0.037223
-0.212641
0.146218
0.277688
-0.093248
0.223206
-0.006469
-0.246198
0.051409
-0.168311
0.014709
0.181537
-0.147303
0.144850
0.065696
-0.012949
-0.130061
-0.034164
-0.110007
-0.019976
-0.064226
-0.089456
-0.044303
-0.160986
-0.079113
-0.000354
-0.069400
-0.140608
-0.046165
0.099923
0.153846
0.025990
-0.133145
0.026416
-0.044195
0.111467
-0.188844
0.074387
-0.139413
-0.042067
-0.121160
0.004320
-0.116564
-0.190158
0.061724
0.115982
-0.112422
0.020461
-0.169977
-0.196078
0.020102
0.086538
0.004592
0.041096
-0.007096
-0.305339
-0.218320
-0.024958
-0.164344
-0.129869
-0.244882
0.057154
-0.001771
-0.118744
0.023779
0.160243
-0.157615
-0.227364
0.073488
0.072255
0.001768
-0.025863
-0.008486
-0.088742
0.038170
0.068277
-0.015392
0.080972
-0.057787
-0.160286
0.007145
0.074891
-0.052725
0.135710
-0.132864
-0.128585
-0.032893
-0.266849
-0.112910
-0.058489
0.370082
-0.079954
0.198654
0.092597
-0.124027
0.081032
0.245849
-0.064718
0.132364
0.009972
-0.309507
-0.182877
0.067988
-0.090294
0.164453
-0.169160
0.073414
0.223457
0.145106
0.136283
0.104703
-0.124268
0.080753
0.004131
0.179321
-0.003914
-0.039410
0.316488
-0.045101
-0.269272
0.128301
0.016444
-0.115224
0.087222
-0.023182
-0.034182
-0.045305
0.033971
0.006809
-0.443033
-0.188950
-0.048568
-0.060480
0.169580
-0.022321
-0.065318
-0.154436
-0.003516
-0.159063
-0.126367
0.169701
-0.047347
0.029652
-0.134436
0.066750
-0.011180
0.144863
-0.118131
0.197597
-0.019625
-0.069419
0.230193
0.170621
0.259402
0.052089
-0.013862
-0.088448
0.158481
0.108799
0.155933
0.273286
-0.060067
0.049285
0.127913
0.008340
0.007214
0.155540
0.144915
0.087144
-0.061708
0.055469
-0.116184
-0.111798
-0.070509
-0.070123
0.003744
0.259028
0.094415
-0.079543
-0.028364
0.096232
0.024106
0.091793
0.006806
0.046469
0.022300
0.107319
-0.249830
0.281387
-0.074352
-0.122615
0.026363
0.222586
0.163097
-0.324769
0.035915
-0.071188
0.330120
0.059787
0.009706
0.052527
-0.032584
0.018697
0.012808
-0.002040
-0.116721
-0.093185
0.294876
0.079086
0.015322
0.111462
-0.058772
-0.033036
-0.169908
0.181374
-0.087015
-0.031734
0.076197
0.359980
-0.132979
-0.031031
-0.166049
-0.077238
0.092908
0.141168
-0.121652
0.036409
0.094409
0.099689
-0.210396
0.123457
0.166879
0.099133
0.028645
0.035021
0.046144
0.176702
-0.130782
-0.035748
-0.010172
0.119253
-0.046632
0.062595
-0.012071
0.062358
0.054726
-0.004268
0.055206
0.093818
-0.143800
-0.104473
-0.083191
-0.135543
0.042002
0.008412
-0.265151
0.148439
0.192772
0.146316
0.005438
0.089944
-0.021553
-0.199207
-0.260445
-0.127566
-0.290872
-0.169243
-0.017244
0.118525
-0.227774
-0.198654
-0.142980
0.094208
0.086906
-0.059452
0.080142
0.068888
0.101481
0.075104
-0.067932
0.110767
-0.084361
-0.105517
-0.241389
-0.122970
-0.053090
-0.311822
0.274543
0.129764
0.026182
0.265750
-0.003492
0.059526
0.078726
-0.041291
0.231811
0.193179
0.199603
-0.006611
0.205817
0.242115
-0.027491
0.000783
-0.018775
-0.146067
-0.045239
0.058597
0.055129
0.107371
-0.245545
-0.047771
-0.305074
0.091297
-0.045697
0.148141
-0.056813
0.198237
-0.177187
-0.086172
-0.000755
0.096610
-0.031461
-0.190389
0.029455
0.154815
-0.046873
0.288357
-0.140729
0.123284
-0.027047
0.120224
-0.321442
-0.107844
0.240213
-0.049686
0.036902
-0.038015
0.001998
-0.205875
-0.152453
0.041136
-0.164712
-0.333152
0.002028
-0.109003
0.054574
-0.048754
-0.023670
0.104899
-0.077187
-0.070833
0.072096
-0.079876
0.004786
-0.078117
0.083293
0.193143
-0.215129
-0.265451
0.146439
-0.087359
0.004365
0.117980
-0.176305
0.185611
0.236849
-0.042860
0.007581
-0.097331
0.044814
-0.080364
0.030334
0.254789
-0.192142
0.105269
-0.074817
-0.176565
0.032400
-0.234969
-0.216667
0.024741
-0.077303
-0.087600
0.032815
-0.160981
0.114874
0.140499
-0.133114
-0.259074
-0.158416
0.161514
-0.051733
-0.033488
0.018072
-0.058496
0.043485
-0.128669
0.127573
0.051096
0.216890
0.111448
0.127655
-0.129921
0.272259
0.074230
-0.108252
-0.097877
-0.045882
-0.007106
-0.077721
0.014156
0.047395
0.250477
-0.154449
-0.227342
-0.089360
0.274373
0.040978
0.074201
0.103797
-0.349040
0.049403
-0.192594
0.004793
0.234011
0.286808
-0.189417
0.080829
0.265979
-0.116953
0.000409
-0.303688
0.069603
0.135878
-0.274785
-0.061485
-0.032497
0.045885
-0.206139
0.046336
-0.048846
-0.133025
0.031399
-0.150488
-0.216499
0.132158
-0.036264
0.253575
0.196509
-0.107265
0.193383
-0.099419
-0.157950
0.030906
-0.068446
0.194132
-0.158919
-0.158148
0.146528
0.085336
0.082287
0.129479
0.051335
0.008008
-0.018023
-0.121288
0.132918
-0.005620
-0.099919
-0.110608
-0.011688
0.068426
-0.087059
-0.234181
-0.072343
0.194462
0.031395
-0.091814
0.170687
-0.058423
-0.143626
0.019046
-0.087424
-0.032824
0.063482
-0.099040
-0.043524
0.075032
0.139109
0.023497
-0.021219
0.080568
0.064204
-0.003321
-0.150774
-0.271346
-0.056129
0.242303
0.093510
0.055285
-0.385487
0.059065
-0.132441
-0.149066
0.052622
0.123139
0.084295
0.232337
0.026619
0.112990
0.005105
-0.200299
-0.204631
-0.135039
-0.233901
0.175551
0.138891
0.187804
-0.048647
0.192431
-0.062434
-0.174451
-0.171270
-0.146010
0.099744
0.318140
0.030634
-0.130557
-0.178545
-0.203166
-0.043944
0.027778
-0.191698
0.033849
-0.002185
0.059439
-0.248987
0.419500
-0.213139
-0.201886
0.023033
-0.064007
0.218442
-0.083500
-0.029179
-0.077947
0.034149
0.089445
0.214964
0.063394
-0.089244
-0.205185
-0.139403
-0.079944
-0.116140
-0.128982
-0.028625
-0.005832
0.199977
-0.081951
-0.120091
0.042127
0.162567
-0.029101
0.135028
0.039898
0.169788
0.146469
0.111657
-0.194693
0.318664
-0.071798
0.160584
-0.011619
-0.067378
0.007709
-0.001060
-0.090377
-0.053768
-0.016768
0.137714
0.072517
-0.051379
-0.012272
-0.295584
-0.032818
0.019192
0.076285
-0.004981
-0.083361
-0.017398
0.041463
0.047250
0.259484
0.045387
0.189657
-0.025875
-0.093829
0.008368
-0.159109
0.306549
-0.029503
0.016493
-0.119384
-0.023289
0.017018
0.088344
-0.155646
-0.010745
-0.125194
-0.025521
0.015438
0.104465
-0.245887
-0.055419
-0.130659
0.097847
0.023393
-0.290378
0.128366
0.051762
0.083393
0.171007
-0.240756
0.010494
-0.000743
0.116907
-0.004234
-0.153882
-0.066738
-0.078027
-0.009679
0.033641
-0.210412
0.059215
-0.059663
0.303721
-0.030157
-0.078736
0.092364
0.076764
-0.179573
0.190350
0.095211
0.027971
0.116118
-0.160666
-0.209462
0.125114
-0.058563
-0.018967
-0.027863
-0.193189
0.179820
-0.033132
-0.086641
-0.121102
-0.070750
-0.033841
-0.018419
0.285809
-0.118713
0.098703
0.106044
-0.183177
-0.091163
-0.180533
0.158291
-0.264507
-0.091419
0.059557
-0.262935
-0.062530
0.010076
0.097984
0.075118
-0.162815
0.067388
0.043037
0.023911
0.168380
0.339608
0.112076
-0.194254
0.290701
-0.310932
-0.024529
0.079374
0.063800
0.021582
-0.028527
0.047642
-0.140688
0.053870
-0.093084
-0.112125
0.174968
-0.081413
0.242018
-0.094781
0.178796
0.008622
-0.013506
0.018771
-0.295087
0.163532
0.001025
0.119392
-0.343287
-0.301682
0.177453
-0.218281
0.103366
-0.126696
-0.065974
0.040211
-0.210667
-0.034631
0.040039
0.051050
0.019878
0.114562
-0.087363
0.189206
0.089506
-0.261031
0.300234
0.142432
0.073086
-0.065940
-0.041374
-0.037598
0.242475
-0.140613
-0.115859
-0.226547
0.001520
-0.021842
-0.025542
0.053795
0.093423
-0.240899
0.101278
0.008563
-0.064557
-0.062668
0.177699
0.018134
0.186131
-0.008531
0.133901
-0.354153
0.356049
-0.232438
0.056937
-0.044461
-0.066474
0.046722
0.020363
0.017342
0.028580
-0.315760
0.084099
0.208487
-0.278893
-0.190226
0.081612
0.039052
-0.283614
0.283995
0.117074
0.314575
0.229748
0.155678
0.219409
0.006424
0.104587
0.110725
0.008132
0.071335
-0.209767
-0.051490
-0.145656
0.002969
0.085885
-0.264535
-0.044681
-0.036979
0.058414
0.042014
0.066054
0.148762
-0.013743
0.020381
-0.169313
0.007369
0.044444
0.132378
-0.077990
-0.006617
0.090424
-0.095973
-0.089044
0.014264
0.111227
0.022800
0.267010
0.104372
0.128291
-0.176869
0.133160
0.037301
0.083242
0.012932
-0.045110
-0.330855
0.033817
-0.122374
-0.040288
-0.123568
0.136348
0.167092
-0.132976
0.100022
0.041399
-0.222713
0.052634
0.254911
-0.076622
0.000330
0.061967
-0.103282
0.058929
0.196072
-0.245355
0.064811
-0.088520
-0.113487
-0.069557
-0.074706
-0.039969
-0.066412
0.199023
-0.116025
0.170372
0.012777
-0.066271
0.098646
-0.125922
-0.123432
0.190017
0.083504
-0.168279
-0.138999
0.009451
0.009934
0.030905
-0.077867
0.062130
0.025107
0.031647
-0.134111
0.047231
0.216325
-0.132139
0.188476
-0.038758
-0.017955
-0.085206
-0.201057
-0.087587
0.147382
-0.033712
0.024769
-0.002677
-0.051726
-0.131454
0.108317
0.010625
0.059768
-0.066721
-0.005256
0.059770
-0.044935
0.040823
0.024422
0.026346
0.013148
0.105739
-0.232516
0.137930
0.088129
-0.046403
-0.159873
0.190831
-0.117859
-0.084150
-0.193545
0.066348
-0.091117
0.226571
0.173835
-0.004109
0.134070
0.120654
0.088389
-0.088997
0.239895
0.038447
-0.053012
-0.086907
0.105749
0.113202
-0.085275
0.286511
-0.119683
0.040869
0.452151
0.150348
0.283481
-0.090520
-0.086117
-0.180100
-0.296764
0.085033
0.155459
-0.152323
-0.331096
0.071198
0.111143
0.059221
-0.157306
0.025186
-0.124703
-0.007774
0.010293
-0.032018
-0.355858
-0.065917
0.172940
0.113455
0.077466
-0.061531
0.355262
0.062007
-0.012041
0.029777
-0.199161
0.206363
-0.243763
0.158411
-0.182880
-0.107873
-0.266547
-0.032242
0.079632
-0.053463
0.034589
0.031832
-0.030355
0.117967
0.037530
-0.196334
0.080834
0.165597
-0.062706
0.143654
-0.194456
-0.021986
-0.180272
0.063498
0.080148
-0.111123
0.154502
0.064990
0.029343
0.057544
0.109030
-0.005822
-0.201386
-0.174633
0.048662
-0.210822
0.110458
0.086067
-0.062034
0.059320
-0.112896
-0.402267
0.105132
-0.018774
0.056186
0.263959
0.095639
-0.210875
0.074312
-0.087071
-0.054696
-0.142380
0.137189
-0.150949
-0.329873
-0.218724
-0.076425
0.042749
0.052400
-0.076308
0.256093
-0.047500
-0.088821
-0.001096
0.263851
0.003117
0.054005
-0.204300
-0.012344
0.000599
-0.071910
-0.224143
0.193831
-0.152268
0.042485
0.005687
-0.028899
0.210337
0.024870
0.083623
-0.130726
0.214649
0.106197
0.128256
0.075191
-0.066754
-0.028864
-0.042268
-0.056905
-0.080193
0.054955
0.302033
0.113095
0.195357
-0.234807
0.052946
0.063012
-0.029122
0.001107
-0.069869
-0.104899
-0.023278
0.180381
0.076595
0.274769
-0.222678
0.051130
-0.055911
0.024947
0.038927
0.099479
0.105501
-0.046504
-0.040965
-0.027450
-0.167813
0.084988
0.032990
-0.058740
-0.257699
0.397535
-0.022220
-0.176534
-0.076469
-0.045750
-0.119225
-0.101353
0.006395
-0.157650
0.051779
0.031383
0.143885
-0.059112
0.019965
0.105159
-0.032576
0.045537
-0.252259
-0.113085
0.122656
0.262146
-0.055423
0.013123
-0.098925
0.042731
-0.032211
-0.138856
-0.094139
0.095314
-0.035840
-0.086369
0.119219
0.073411
-0.146106
0.042867
-0.011920
0.211465
-0.056583
0.244693
-0.108950
-0.040427
-0.140064
0.069119
0.112798
0.204233
-0.065527
-0.286907
0.029947
-0.041296
0.032395
-0.001088
-0.095167
-0.154442
-0.119792
0.143548
-0.265226
-0.178683
0.133977
-0.293190
-0.154055
0.271636
0.159076
0.070790
0.172463
-0.087627
-0.025788
-0.048550
0.049310
0.117901
-0.018961
0.060303
0.063763
0.033631
-0.023750
0.110926
0.101691
0.092766
-0.129332
0.079500
-0.142036
0.021947
0.090008
0.094469
-0.052912
-0.011743
0.118566
-0.278635
-0.216355
0.192083
-0.011266
0.135869
-0.221213
-0.177351
-0.042342
0.156955
0.178958
0.199884
-0.163612
-0.047167
-0.021137
-0.064819
-0.023160
-0.012226
0.033726
0.072744
0.041968
-0.152751
-0.101540
0.108862
-0.150925
0.334775
0.151846
-0.171619
-0.251119
-0.129943
-0.189749
0.142933
-0.060719
-0.231815
-0.240148
0.089010
-0.219737
0.200316
0.063099
0.026422
0.417732
0.024494
-0.135982
0.019357
-0.047737
0.298122
-0.058076
-0.093872
0.084172
0.011297
-0.003513
0.169027
-0.053528
-0.027540
0.158642
0.056239
-0.234213
-0.001699
0.028483
0.225822
0.056854
-0.054470
-0.115569
-0.028685
0.128060
-0.322726
-0.083285
0.250741
0.103278
-0.124054
-0.061633
-0.015324
-0.069120
0.010269
-0.241467
0.041225
-0.058677
-0.010702
0.004114
-0.183609
-0.109123
-0.024490
0.270240
-0.297083
0.035171
0.289892
0.025871
-0.052084
-0.044796
0.433270
0.082194
-0.089611
-0.021368
0.085037
0.018771
0.133063
-0.126483
0.111344
0.006454
0.036659
0.190421
0.078805
-0.114048
0.000813
0.095866
0.110894
0.039556
-0.026267
0.107518
-0.110018
0.166717
-0.053388
-0.027896
-0.006834
0.106433
-0.123839
0.110906
0.013351
0.197416
-0.077204
0.218699
0.103143
0.154896
-0.303273
0.118228
-0.023585
0.015629
-0.226182
0.150479
0.055933
0.056680
0.185865
-0.198575
0.211758
0.014921
0.047283
-0.159733
-0.014189
0.180849
0.023769
-0.040351
0.045384
-0.041844
0.409153
0.090290
0.150388
-0.086788
-0.017559
0.074171
-0.011575
-0.226271
-0.008625
-0.107462
0.164090
0.024040
-0.236954
0.059247
0.116635
0.112478
-0.080912
-0.044486
-0.016055
0.085724
0.098722
-0.190638
-0.019755
-0.135340
-0.168412
0.016003
0.230618
0.171094
-0.039111
-0.109761
-0.083893
-0.219397
-0.070016
-0.108038
0.041851
0.212526
0.075230
0.016066
0.014055
-0.026637
-0.126330
-0.189320
-0.085681
0.155419
-0.008396
0.057498
-0.369318
0.110087
0.163623
-0.020382
0.314474
0.087287
-0.173554
0.072691
-0.031761
-0.096390
-0.102512
0.367482
0.133425
0.071418
0.320117
-0.008989
0.278718
0.252605
0.052091
0.085461
-0.200147
-0.249381
-0.123896
-0.068171
-0.162765
-0.015847
0.112034
-0.044947
0.028875
-0.010247
0.062296
-0.090802
0.041748
0.023968
0.076198
0.015718
-0.132351
-0.121310
-0.142453
0.113260
-0.268569
0.016789
-0.017070
0.145206
0.043790
-0.064839
-0.156652
0.268260
-0.240328
0.014656
0.012140
-0.020039
0.080005
-0.037110
0.133650
-0.071562
0.023771
0.199253
0.175180
0.003045
-0.213831
-0.017429
-0.440992
0.161499
-0.297459
0.072508
-0.050745
-0.085727
0.160190
0.128224
-0.036818
0.269229
-0.252479
-0.155234
-0.166594
-0.270734
0.177937
0.007070
0.182513
-0.223522
-0.076892
0.060768
0.282781
0.021050
-0.148468
0.215912
0.012408
-0.030685
0.266346
0.023791
0.598919
-0.282933
-0.082743
-0.004067
-0.187006
0.050620
-0.118244
0.054268
-0.078890
0.141248
0.393521
-0.096758
0.322078
-0.065772
0.061067
0.185399
-0.060631
0.190240
-0.087432
-0.128171
-0.027678
-0.008234
-0.145278
-0.182463
0.181428
0.050660
0.020595
-0.270636
-0.151209
0.205120
0.048073
-0.094726
0.170519
-0.174261
-0.112315
0.099599
-0.028500
0.042675
-0.168404
0.229717
-0.126908
-0.241813
0.213299
0.147311
-0.068916
-0.222384
-0.167050
-0.211059
0.001382
-0.076872
-0.122082
0.099394
-0.036702
0.172079
0.088229
-0.124900
-0.060777
0.208442
0.260231
-0.243262
0.188506
0.112503
0.098680
0.001150
0.429808
-0.405001
-0.068780
-0.281262
0.183852
0.008910
-0.166327
-0.011738
-0.193327
-0.039248
-0.154983
0.142942
0.004261
-0.038216
0.084333
-0.010937
0.110213
0.301141
-0.346035
-0.034423
0.098748
-0.087335
0.035542
0.289248
-0.080478
-0.126265
0.041864
-0.208861
0.061938
0.042798
-0.024733
0.210124
0.155039
0.076157
0.437486
0.164300
-0.295353
-0.126633
0.257830
-0.093934
-0.245800
-0.148226
0.247997
-0.102256
-0.160475
0.386288
-0.146507
0.063208
-0.192198
-0.056064
-0.016394
-0.204986
0.064374
-0.233539
-0.261315
-0.015820
0.235188
-0.075841
0.019587
0.017930
-0.182774
0.106622
-0.127122
0.147862
-0.017064
-0.036326
0.083117
-0.121265
0.107983
0.050516
-0.010989
0.036737
0.036921
-0.135640
-0.072521
-0.095232
-0.117688
0.150568
-0.016346
0.047870
0.167191
-0.063037
0.053179
0.021657
0.081503
0.040686
-0.007619
0.003151
-0.000958
-0.057951
-0.076089
-0.089325
-0.041516
0.065579
-0.168510
-0.108862
-0.207672
-0.227453
-0.020925
-0.091557
-0.020704
-0.028944
-0.143598
-0.068683
-0.020530
-0.127085
0.000398
-0.104742
0.078292
0.083320
0.065096
-0.194399
-0.101151
-0.027847
0.110023
-0.028836
0.037177
-0.021187
0.120604
0.013023
0.213053
-0.003713
-0.116437
0.044998
0.014946
-0.152502
0.085207
-0.086713
0.153897
-0.107755
0.127182
-0.039163
-0.020083
-0.074819
0.015566
-0.004869
0.125996
-0.013573
-0.005485
-0.022335
-0.079623
0.107757
-0.107638
0.161039
-0.186577
-0.095301
0.067131
0.132537
0.060520
-0.132581
0.082881
0.187641
0.056333
-0.057261
0.049289
0.012281
-0.226544
0.089860
0.016021
0.003599
-0.116340
0.132068
-0.069006
0.012589
-0.000009
0.000209
-0.136543
0.038556
-0.122360
-0.053293
-0.006950
0.100896
-0.139204
0.059983
-0.071588
0.032494
-0.070245
-0.094901
0.196004
0.148968
0.130360
-0.048228
-0.170907
0.102892
0.155277
-0.033573
0.133808
0.009150
-0.271174
0.138213
-0.044769
0.352224
0.232212
0.081296
-0.029976
0.330293
-0.133765
0.198371
0.108798
0.150887
-0.067729
-0.185092
0.202686
0.283996
-0.130126
-0.137975
-0.104809
-0.014070
-0.202902
0.174261
0.064764
-0.063387
0.108930
-0.145821
0.191066
-0.232230
-0.047521
0.212350
0.256098
0.340849
-0.040204
0.012247
-0.126657
0.067170
-0.092662
-0.140997
-0.078900
0.309406
-0.099397
0.037547
0.206256
-0.034567
-0.278202
-0.184087
0.201590
0.173586
-0.288549
0.000659
0.016746
-0.021956
-0.241874
0.234420
-0.239962
-0.003280
-0.004678
0.120869
-0.148062
0.009337
-0.042981
0.211556
0.218018
0.450361
0.349106
0.252367
0.070279
-0.168138
0.384201
0.110042
-0.424421
-0.025190
0.080281
-0.137742
0.043796
-0.103950
0.214685
0.484601
-0.198026
0.190305
0.015467
0.145713
-0.049535
0.041251
0.077846
0.058260
0.015490
-0.248950
0.057362
0.027186
0.133363
0.244798
0.147872
-0.184144
0.218700
0.118649
0.098772
-0.058256
0.530115
0.138676
-0.057982
-0.088133
-0.016695
-0.075522
-0.226446
-0.282753
0.061910
0.285268
0.257409
-0.121824
-0.231444
0.033214
-0.100952
0.272666
-0.018372
0.376748
0.216384
0.041438
-0.239883
-0.252006
0.220410
-0.100669
-0.052447
-0.214055
-0.162941
-0.055031
-0.047355
-0.153405
-0.103269
-0.410558
-0.054685
-0.024156
0.280802
-0.224335
0.014755
-0.027632
0.090220
-0.068380
-0.393206
-0.001666
0.118488
0.116173
0.108938
-0.169276
-0.093345
-0.061154
-0.072256
0.171989
0.047914
-0.443163
0.030097
-0.007137
-0.145335
-0.013646
-0.042425
-0.062458
-0.237768
-0.194150
0.162188
0.045401
-0.095040
0.081583
-0.081054
-0.027161
0.259531
0.571753
0.245617
-0.315382
0.003595
-0.030895
-0.225632
-0.023372
0.306041
-0.226146
0.121541
-0.008005
-0.121512
-0.155162
0.056768
-0.344925
-0.055124
-0.152450
-0.050233
-0.146617
0.192042
-0.043841
0.007595
-0.003061
0.038046
0.216366
0.274425
0.017245
-0.255883
0.009179
0.496919
0.120500
-0.011122
0.006975
0.266362
0.169515
-0.073224
0.092104
0.118885
0.152498
0.008180
0.037926
0.009452
-0.108816
-0.092681
0.076727
-0.137640
-0.111489
-0.098646
0.272213
0.179487
-0.094641
0.328819
0.032986
0.049873
-0.090871
0.102250
0.009646
0.161819
0.019579
-0.166160
0.024808
-0.371741
-0.074521
0.109188
-0.309888
-0.239162
0.121055
0.081549
0.030736
0.039582
0.365298
-0.155844
-0.181757
-0.281551
-0.081425
-0.064034
-0.193335
-0.210488
0.070437
0.030003
-0.362639
-0.111068
-0.076201
-0.132634
0.262269
0.111699
-0.270887
-0.127575
-0.149357
0.122672
-0.090702
0.133271
0.032361
-0.155319
0.163529
0.055503
0.094921
-0.017331
0.157069
-0.002852
-0.223512
0.157731
0.011916
-0.045935
-0.076700
-0.105158
-0.122866
0.349220
-0.124674
-0.207490
0.161504
-0.092811
0.312870
-0.085013
-0.341981
0.087404
0.141195
0.085297
0.078951
-0.081948
0.170462
-0.125695
-0.090654
-0.106607
-0.035304
0.196222
-0.133074
-0.135638
-0.078227
0.053231
-0.135169
-0.015952
0.013511
-0.118246
0.051394
0.088204
-0.113075
-0.082792
-0.051050
0.005354
0.087268
-0.063648
0.056480
-0.087800
0.084077
0.202175
0.084832
0.002948
-0.188067
0.138361
-0.205060
-0.125009
0.201832
0.015268
0.198485
-0.102483
-0.057346
-0.128398
-0.071012
-0.176443
0.065036
0.031136
-0.011832
-0.101364
0.053540
0.062870
0.041736
-0.165951
-0.100808
0.178332
0.024574
-0.034642
-0.136101
0.122403
0.155307
0.174034
-0.040773
0.348827
-0.116100
0.047669
-0.113102
-0.363279
0.023437
-0.115467
0.021420
0.084794
-0.234763
0.010614
-0.095189
0.029206
-0.151031
0.066370
-0.036459
-0.102519
0.208196
-0.101497
0.086305
-0.072952
-0.133604
0.090490
-0.037357
-0.071447
-0.020434
0.039711
0.134581
0.254006
-0.370092
0.234518
0.159864
-0.082186
0.039011
0.077885
0.126463
0.145656
-0.107887
-0.000948
0.029883
0.160648
-0.070604
0.110353
0.113870
-0.604308
-0.170304
-0.085891
-0.177050
0.157385
0.212414
-0.117197
-0.042742
-0.106125
0.151640
0.167473
-0.041167
-0.573823
-0.072481
-0.060912
-0.015317
0.087575
0.321549
0.110575
0.003688
-0.128278
-0.213512
0.129959
0.284822
0.210462
-0.074066
0.146852
0.035823
-0.168521
-0.125120
-0.073934
0.294423
0.266670
-0.226700
0.167104
-0.260377
0.279624
-0.015189
-0.103277
-0.035268
0.086528
-0.172440
-0.129384
-0.079303
-0.222147
-0.291779
-0.198016
-0.260626
0.010620
0.021327
0.081424
-0.183646
0.174675
-0.135419
0.176224
0.289225
-0.203283
-0.091326
0.151706
0.074659
-0.137107
-0.103337
-0.078141
0.080285
-0.298796
-0.055136
-0.320465
0.127836
0.104759
0.076297
-0.369966
0.014908
-0.004053
-0.259831
0.077643
0.219912
0.315577
-0.097401
-0.105923
-0.188397
-0.060609
0.410377
-0.013487
0.188992
-0.091296
0.064331
0.290644
-0.158672
-0.114695
0.172386
0.087371
-0.035055
-0.094941
0.107055
-0.136467
-0.146747
0.057692
0.040806
0.032689
-0.291088
0.070058
0.034560
-0.113178
0.102570
0.041574
0.057761
-0.170075
0.133597
-0.042299
-0.103563
0.518165
-0.216091
0.042321
0.071675
-0.153495
0.060834
-0.210034
-0.155437
-0.420619
-0.328755
-0.272877
0.092591
-0.092559
0.190061
0.299664
-0.129115
-0.013580
-0.075569
0.085276
0.289010
-0.119283
-0.220755
0.141206
-0.111356
-0.090146
-0.257548
0.158028
-0.091390
-0.165608
-0.085392
0.142122
0.135789
-0.100369
0.066661
0.107770
-0.071158
-0.061974
-0.083811
0.232063
0.055192
-0.059802
0.069557
-0.014068
-0.278296
0.043784
-0.083734
-0.085267
0.120333
0.019006
0.036211
-0.044706
0.062198
-0.102068
-0.093183
-0.049742
0.061937
-0.022275
0.198204
-0.161120
0.089881
-0.148833
0.102606
0.028254
-0.371811
0.161746
0.041357
0.091083
-0.036126
0.076671
-0.127013
-0.274635
0.252979
-0.210784
-0.024550
-0.066769
-0.026655
0.040560
-0.172811
-0.369129
-0.028866
-0.064015
0.273932
-0.008747
0.213095
0.099228
0.064724
0.016991
-0.040677
-0.077921
0.089254
0.154105
-0.189076
0.281408
0.056541
-0.032438
0.369192
0.181595
-0.098054
-0.127140
0.119087
-0.017038
0.238947
0.044983
0.029890
0.154191
-0.382371
0.139599
-0.192377
-0.181307
-0.276424
-0.140777
-0.047434
0.363038
0.408537
0.229254
0.220500
-0.029109
-0.217959
-0.169938
-0.106008
0.105312
0.049534
-0.063939
-0.007404
-0.199358
-0.242321
-0.537532
-0.027383
0.136735
0.232819
0.105172
-0.107733
-0.588456
0.105419
-0.302118
-0.128294
-0.266974
0.072314
-0.041826
-0.281539
-0.012979
-0.024096
-0.203306
0.075330
0.085238
-0.237880
-0.102680
0.312078
-0.169848
0.064775
0.113268
-0.478327
0.119302
-0.033563
0.010659
0.157288
0.071324
-0.146903
0.026443
0.313275
-0.044564
-0.030201
-0.164707
0.146426
-0.161994
-0.235431
0.137401
0.121184
0.193277
0.140930
-0.171085
-0.149575
0.089608
0.064732
-0.156051
-0.054031
0.128566
-0.172624
0.079025
-0.240691
0.305549
-0.006835
-0.161654
0.040747
-0.084982
0.056246
-0.129301
-0.269090
-0.168851
-0.283326
-0.050688
0.299142
0.008262
-0.187344
-0.123914
0.409616
-0.394671
0.015079
-0.083447
-0.192494
-0.069937
0.031716
0.040400
0.260542
-0.150125
0.098012
-0.034801
0.145242
0.067902
0.053065
0.191192
-0.090638
0.138897
0.227192
-0.234985
-0.260794
0.038271
0.273025
0.029236
-0.053334
-0.087966
0.251899
0.094609
-0.010413
-0.038265
0.282451
-0.283714
0.152626
-0.022049
-0.222645
0.193365
-0.385313
-0.016350
-0.350778
-0.130602
0.070638
-0.283571
-0.056580
0.235755
-0.257673
-0.192282
-0.502893
0.065543
-0.144339
0.039353
-0.097236
-0.156412
0.196249
-0.320780
-0.056127
-0.042376
-0.125570
-0.044586
-0.079789
0.011633
0.100415
0.027435
-0.008703
0.112075
-0.181263
0.014474
0.312348
0.489063
0.143531
0.595738
0.234824
-0.001358
-0.026602
-0.000103
-0.007222
-0.161488
0.133162
-0.281494
-0.055917
-0.031914
0.022721
0.218061
0.042213
-0.318929
0.178045
0.338407
0.111501
-0.084882
0.033325
-0.172814
0.194673
0.010409
0.009276
0.159973
0.087456
0.378136
0.013089
0.033332
-0.032421
-0.108154
0.012365
0.280084
-0.133279
-0.305810
0.122548
-0.136728
0.331943
-0.405539
-0.061354
-0.422367
0.171230
-0.154751
-0.503329
0.151310
-0.010114
-0.098552
-0.796844
-0.014205
-0.233386
-0.099355
-0.149636
-0.184110
0.214826
0.055247
0.032394
0.063811
0.043702
-0.230295
0.163789
0.279940
-0.092375
-0.021034
0.108428
0.024236
0.017848
-0.118986
-0.016860
0.062725
0.077759
-0.170404
-0.093183
-0.301902
0.194472
-0.404987
0.221646
-0.247509
-0.335602
0.281945
-0.148478
-0.196004
-0.433129
-0.219135
0.420667
0.035092
-0.050332
0.331006
0.219388
-0.094515
0.153050
0.109100
0.185801
-0.033773
0.218262
0.146998
0.259479
-0.074103
-0.204700
0.540387
-0.003817
-0.207058
0.272043
0.148365
0.146649
0.504105
0.149593
0.086304
-0.066961
-0.298495
-0.064894
0.037667
0.202321
-0.065614
-0.272435
0.057556
-0.096229
-0.093148
0.114691
-0.353678
0.124823
-0.030583
-0.454097
-0.075315
0.191231
0.015268
-0.147173
0.280762
0.010254
0.193882
-0.021375
0.141997
-0.339678
-0.173857
-0.245703
-0.050859
-0.290869
0.153545
0.197392
0.036040
-0.187657
-0.259153
-0.112954
0.376260
-0.004335
0.276002
-0.041212
0.053791
-0.121016
0.361225
-0.201587
-0.300871
0.040903
0.198006
0.043310
0.137392
0.048559
-0.091323
0.040590
-0.148415
0.142093
-0.230039
0.300814
0.064473
-0.000588
-0.149643
0.119673
-0.038127
-0.392128
0.224424
0.212354
0.040349
0.308747
0.323819
0.394920
0.219466
-0.186923
-0.220619
0.239195
-0.202766
-0.049685
-0.155612
-0.353390
-0.043417
-0.344708
0.241381
-0.247248
0.332561
-0.301786
0.215673
0.058738
-0.203104
0.156502
-0.318607
-0.096141
-0.103836
-0.225617
-0.211689
0.159224
-0.209224
0.245951
-0.163633
0.017632
0.339979
0.036600
-0.012044
0.096637
-0.149175
-0.164677
-0.036430
0.039908
0.058196
-0.119731
-0.318485
-0.051621
0.239000
-0.022163
-0.120902
0.330191
0.158022
0.242505
0.042720
0.032619
0.094651
-0.241288
0.108007
0.097834
0.036821
0.172059
0.111462
-0.023142
-0.164448
-0.141517
-0.041226
-0.278450
-0.186709
-0.017680
0.124232
-0.298534
0.034794
-0.015837
-0.115269
0.255067
0.212139
0.352588
-0.101448
-0.146318
-0.380843
-0.166623
0.122733
0.309144
-0.026579
-0.055927
0.133301
-0.090236
0.122260
0.215983
0.140761
0.326077
0.393529
-0.159286
0.050682
-0.144765
0.254466
-0.041641
0.059525
0.211305
0.032561
-0.037109
-0.129649
0.116382
0.264352
0.151084
-0.113669
-0.151626
0.101770
0.254374
0.003905
0.087310
0.007499
-0.306135
-0.143246
0.248085
0.008186
0.043119
-0.034342
0.033267
0.013001
0.023450
0.134432
-0.068473
-0.022202
0.053574
0.017165
0.138505
0.135803
-0.127090
0.118704
-0.267104
0.035043
0.242196
0.003282
-0.117062
0.151706
0.019207
-0.212537
-0.039309
0.231522
-0.089270
-0.067218
-0.233897
-0.252948
-0.444232
-0.066204
0.049138
0.058018
-0.242868
-0.108581
0.093347
0.065755
-0.023653
-0.444954
-0.114092
-0.053247
0.011896
-0.070884
-0.019627
-0.061995
0.163905
0.278671
-0.396759
0.063800
0.134139
0.198893
0.408297
-0.336514
0.075763
-0.120515
-0.318544
-0.005497
0.071676
-0.196930
-0.083967
0.302462
0.188002
-0.020113
0.005079
-0.178583
0.098793
-0.122111
0.251830
0.344401
-0.457739
0.117746
-0.162040
-0.060620
0.111975
0.000227
0.211253
0.230254
-0.194303
-0.149100
-0.076928
-0.099411
-0.088213
0.045040
0.213920
-0.137197
0.307948
0.114602
0.133767
-0.053153
0.076822
-0.193493
-0.073460
-0.227147
-0.169578
0.358052
-0.285149
0.151475
-0.025645
-0.142395
-0.238911
0.096624
-0.124042
-0.268909
0.058536
0.289062
-0.051424
0.281046
-0.153550
0.164264
0.099147
0.140216
-0.075035
-0.190644
-0.043377
0.052171
0.147388
0.004736
0.030953
-0.034974
-0.010816
0.153870
0.072034
-0.004073
0.332943
-0.036453
-0.000498
0.016980
-0.019657
-0.107662
0.097848
-0.070529
0.077828
-0.064679
-0.015950
-0.122887
0.032612
-0.037299
0.038179
-0.109054
0.072763
0.044770
0.126383
-0.010584
-0.168605
0.045660
-0.100492
0.004891
0.174177
0.010544
0.209711
-0.281377
-0.021792
0.029518
-0.166010
-0.194208
-0.020123
-0.113116
-0.062372
-0.001859
0.145193
0.057675
0.363682
0.027506
0.074180
-0.104720
-0.058733
-0.081492
-0.140496
0.086940
-0.239713
0.005687
0.022698
0.108534
0.039574
-0.027984
0.132492
0.030798
-0.065543
-0.080747
-0.160131
0.184465
0.023773
-0.008946
-0.042954
-0.103012
0.152931
-0.111605
-0.139561
0.142042
0.005388
0.094907
0.112520
0.109509
0.109167
-0.105785
-0.208057
0.017833
-0.168064
-0.019209
-0.070830
0.014871
0.029028
0.017221
-0.133091
0.014585
0.125678
-0.029807
0.019958
-0.168977
-0.077388
0.059137
-0.109710
-0.049859
0.084894
-0.009832
-0.103575
-0.040202
0.390948
-0.056088
0.027582
0.210104
0.234561
-0.073227
0.101888
-0.010770
0.032357
0.025653
-0.009405
0.004113
-0.292951
-0.167191
0.063817
0.081762
-0.238333
-0.100952
-0.152731
0.203265
-0.213215
0.067824
-0.204908
-0.317210
0.092773
-0.074476
-0.112965
0.119010
-0.027475
-0.061248
-0.099172
0.172492
0.170793
-0.119060
0.022371
-0.194960
0.197219
-0.077507
0.134414
0.184773
0.104221
-0.023701
0.083688
0.045573
-0.110026
0.040267
-0.005926
-0.099890
-0.028296
0.017126
0.284694
0.138483
-0.175632
-0.080183
0.051635
0.189982
0.177777
0.202978
0.004388
0.237160
-0.085248
-0.082267
0.038176
-0.090528
-0.285879
0.180137
0.074931
0.149884
0.180934
-0.005896
-0.110438
0.183555
-0.281508
-0.013345
0.157044
0.140861
0.142418
-0.079315
0.151200
-0.075512
-0.291536
-0.156557
-0.239447
0.087836
-0.105253
-0.102936
0.097152
0.106677
-0.170228
0.083855
0.106442
0.058471
-0.055303
0.248794
-0.097762
0.083970
-0.155100
0.096250
-0.158666
0.018774
0.043682
-0.016446
-0.299703
-0.048399
0.108271
-0.094991
0.246453
0.477376
0.056521
0.141248
0.004231
-0.010889
0.015540
-0.046239
0.050078
0.143506
-0.230958
0.067780
0.065179
-0.260158
0.136237
0.227599
0.112574
0.029933
-0.144950
-0.142230
0.199213
0.072716
0.079725
-0.017567
-0.009050
0.052706
0.138164
0.153814
-0.107382
0.158251
-0.115437
0.215451
0.187949
-0.153925
0.226287
-0.187459
0.041215
-0.169647
0.007240
0.265414
0.192486
0.094918
-0.063651
0.044803
0.036865
-0.144263
-0.223838
-0.074316
-0.116813
0.130696
0.201198
0.304337
-0.048102
-0.029372
0.241159
0.184009
-0.056903
-0.019857
0.109015
-0.004580
0.075329
-0.154338
0.138362
-0.184785
-0.125686
0.191265
-0.104974
0.024080
-0.326450
0.138503
-0.216412
-0.263516
0.071471
0.185674
0.036386
0.028962
0.150381
0.397488
-0.041751
0.104702
-0.050592
0.129099
0.159567
-0.163915
0.072532
-0.122315
-0.308539
-0.007354
-0.022441
0.246702
-0.009497
0.002691
-0.235220
0.368703
-0.409175
0.080594
0.085299
-0.108627
0.007506
0.056652
-0.159184
-0.186050
0.029047
-0.150878
0.102043
0.075659
-0.063828
0.244261
0.228122
0.157309
0.137756
-0.089657
0.011793
-0.030188
-0.102301
-0.011177
0.321221
0.210786
-0.050546
0.053240
0.371988
0.240948
-0.397892
-0.138315
0.262253
0.121592
-0.111901
-0.066747
-0.063743
-0.528044
0.024446
0.099734
-0.268933
-0.240396
-0.134063
0.026551
0.006108
0.270471
0.112521
-0.058449
0.178055
0.215514
0.314340
0.154509
-0.081537
-0.116331
-0.006521
-0.060611
-0.355341
0.022670
-0.113499
-0.114349
0.262059
-0.137941
-0.084416
0.080863
-0.095214
0.083766
-0.275935
-0.292346
0.011704
-0.116280
-0.199971
0.215681
-0.054185
-0.113756
-0.038448
-0.225006
-0.129675
0.238393
0.012929
0.011331
-0.228122
0.027693
0.109059
-0.184038
0.284717
-0.143391
-0.130332
0.078145
0.095139
-0.054697
0.139128
-0.058713
-0.065942
0.063411
0.026764
0.122511
0.014652
0.044106
-0.001592
0.112777
-0.205071
0.057167
-0.163964
0.182926
-0.017072
-0.104664
0.042106
0.016129
0.159414
0.056965
0.122975
0.076552
0.021337
0.253914
-0.083334
-0.221059
-0.034724
-0.229039
-0.056678
0.071094
-0.214387
-0.222141
-0.091766
0.246689
0.013448
0.122743
-0.092823
-0.092807
0.174397
-0.108200
-0.231838
0.112007
0.064469
-0.125360
0.273017
-0.371652
0.006791
-0.015229
-0.065079
-0.058399
-0.091423
0.030588
0.032760
0.117032
-0.184425
-0.136494
-0.177799
-0.003387
0.015458
-0.117844
0.150359
0.100351
0.195222
0.057969
-0.143586
-0.102335
-0.014832
-0.115923
0.079881
0.000317
0.106413
0.091214
-0.005279
0.111568
-0.130415
0.041262
0.206346
0.081907
0.081782
-0.026464
0.028937
-0.023946
0.046757
0.017728
0.015392
0.120979
-0.223407
-0.279355
-0.070192
0.166926
0.019857
-0.168685
0.003050
-0.211752
-0.119550
-0.169952
0.010651
-0.040886
0.027296
-0.038412
-0.022725
0.168297
-0.187390
0.056445
0.112148
0.123793
0.075601
0.125021
0.007855
-0.161748
0.054555
-0.081404
-0.091936
0.042834
0.047141
0.081657
0.168802
0.034407
-0.044756
0.020546
-0.071554
0.121576
0.093638
0.330781
-0.357422
0.192212
0.060494
0.162196
-0.073533
-0.215111
0.069972
-0.134126
0.298043
-0.089393
-0.126471
0.044791
0.042812
-0.042902
-0.208610
0.079027
-0.214986
-0.037762
-0.058228
0.285992
-0.023958
-0.028277
0.316769
-0.020319
0.039955
-0.172776
-0.124997
-0.008005
0.101157
-0.196004
0.296652
-0.130754
0.231837
-0.000790
0.014021
-0.113049
-0.180808
-0.004618
0.023029
0.077506
0.194954
-0.146971
0.092921
0.050074
0.080047
-0.140661
-0.256802
0.234720
0.085808
0.050992
0.025234
0.068213
0.037415
0.157706
0.029590
-0.034381
-0.225691
-0.019656
-0.331579
0.091886
0.055627
-0.072766
-0.230894
0.198730
0.026807
-0.041097
0.016334
0.156806
-0.185807
0.070705
0.022833
-0.290095
0.018179
0.007889
-0.324250
-0.264169
0.000380
-0.253852
-0.148940
-0.120870
-0.107841
-0.194363
-0.282253
-0.273166
0.105923
0.188849
0.109469
0.095387
-0.022089
-0.092668
0.115984
0.232347
0.106354
-0.044573
-0.097961
0.001889
-0.193355
-0.076158
0.082309
-0.076298
0.108669
-0.114039
0.216514
0.440044
0.464686
0.268708
0.406481
0.035981
0.159593
-0.123042
0.024799
0.117330
-0.164036
-0.031099
0.016285
0.340580
0.011466
0.043066
-0.124765
-0.010274
-0.074576
0.057629
-0.006203
0.141744
0.002803
0.194898
-0.360413
-0.400932
0.072185
0.110503
0.313668
-0.068544
0.225609
-0.128726
-0.296033
0.161746
0.087508
-0.034614
0.153509
-0.106059
0.026757
-0.204186
-0.031975
-0.290848
-0.084795
-0.336098
0.065501
0.056171
0.094746
-0.060918
-0.133748
0.137250
0.008939
-0.264221
0.301762
-0.119673
0.243145
-0.049644
-0.037551
0.000236
0.028178
0.062992
-0.077469
0.089129
-0.067972
-0.173351
0.005742
0.295724
-0.002566
-0.286089
0.101819
-0.126330
-0.032752
0.124229
-0.072370
-0.183716
0.035791
0.284945
-0.134273
-0.432247
0.056352
0.081219
0.183600
0.398705
0.055479
0.057681
-0.233890
0.052963
-0.249781
0.383276
-0.334702
-0.268305
-0.020905
-0.053000
-0.070608
-0.037323
0.072201
-0.082386
-0.113373
0.035168
-0.040314
0.132750
-0.142868
0.163795
-0.171098
-0.187132
0.041434
-0.192430
0.145361
-0.177481
0.080193
-0.038880
-0.093501
-0.070975
0.268922
0.171779
-0.044642
0.029124
-0.349839
0.221827
0.191192
-0.393235
0.234056
-0.060061
0.008155
0.189293
0.064609
0.152468
-0.338528
0.039550
-0.095683
-0.461103
-0.142832
-0.098127
0.018493
0.027818
-0.029558
0.040259
0.267803
0.077714
0.033200
-0.032644
-0.196294
-0.211319
-0.070444
-0.081709
-0.210426
0.201128
0.102302
0.186360
0.082884
0.117814
-0.110576
0.368930
0.027535
-0.097197
-0.335074
0.406992
-0.040321
-0.151712
0.050732
0.052384
0.136317
0.344317
0.193945
0.084779
-0.069943
0.209713
0.117883
-0.057810
-0.047642
-0.002574
0.009390
0.010796
-0.201402
-0.048958
-0.399883
0.368468
-0.049770
0.011340
0.009522
0.068642
0.107387
0.129241
-0.221485
0.165378
0.068076
-0.173526
-0.019728
-0.180964
0.195961
-0.123403
-0.105397
-0.133418
0.290337
0.015222
0.157603
0.079363
0.082769
-0.101888
-0.034794
-0.022237
0.212208
-0.430269
0.259190
0.495343
0.089656
-0.037083
-0.284165
-0.075803
-0.270515
0.312480
-0.203747
0.038568
-0.254909
0.447838
-0.130130
-0.109859
-0.089813
-0.168851
-0.099150
0.402849
0.257924
-0.348829
-0.124560
0.190022
-0.104357
-0.116598
0.360882
-0.302263
0.010316
0.295255
-0.357793
-0.034851
-0.074149
-0.609114
0.101202
-0.286455
-0.086945
0.043583
-0.038021
0.101860
0.037382
-0.369756
0.020898
-0.018761
0.136833
-0.005127
-0.093761
-0.091519
0.065905
0.194013
-0.211523
-0.061635
-0.017423
-0.235778
0.067970
-0.179664
-0.111423
-0.008099
0.363957
-0.007704
0.048736
0.090234
-0.271734
0.245812
0.097441
-0.345607
-0.129189
-0.090948
0.030118
-0.390375
0.134440
-0.116406
-0.153640
0.225526
-0.097043
0.039246
-0.118117
-0.014275
0.275264
0.067131
0.059186
0.120756
-0.077578
-0.140045
0.076513
-0.007158
0.265351
-0.053607
0.264078
0.011949
0.062524
-0.048886
0.070768
0.145090
0.169321
0.091520
-0.117409
-0.279507
0.092446
0.218358
-0.013815
0.235566
-0.164272
-0.018150
-0.160481
0.147794
-0.206775
-0.054801
0.074235
-0.029963
0.023790
-0.256983
-0.085492
-0.088441
-0.049033
-0.052183
0.071849
0.085163
-0.028792
0.021445
-0.265596
-0.006713
-0.146045
0.054324
0.110694
-0.049539
-0.051885
-0.240594
0.143143
0.171694
-0.172169
0.104590
-0.148645
0.041391
0.012918
-0.153886
-0.172804
0.051474
-0.043640
0.149514
0.055502
-0.053260
-0.036291
-0.125692
0.056970
-0.176470
0.169092
0.097260
-0.028630
0.004041
-0.129085
0.036029
-0.109589
-0.214477
-0.002962
-0.182421
-0.024678
-0.108269
0.097284
0.074909
0.042111
-0.195255
-0.269550
0.031757
-0.148143
-0.069618
-0.096472
-0.017250
0.034820
-0.147747
-0.055632
-0.066421
0.034088
-0.119344
-0.040505
0.192197
0.048692
0.011670
-0.225900
-0.049132
0.061504
0.120733
0.070647
0.265042
0.095527
-0.152922
0.122860
0.074154
0.015965
-0.039030
-0.054751
-0.051210
0.150106
0.227954
0.211442
0.056583
-0.070028
0.076109
0.091851
0.017934
0.018637
-0.177977
0.078505
-0.019493
0.075561
-0.135443
-0.026551
0.219930
0.126515
0.291840
-0.001777
0.190543
0.241747
-0.112219
0.123781
-0.052672
0.204061
0.132746
0.029189
-0.004531
0.209137
-0.084321
0.298002
0.084545
-0.106826
0.051740
-0.150170
-0.394858
-0.287484
-0.339840
-0.073609
-0.229017
-0.091633
-0.274771
0.087996
-0.280609
0.078032
-0.386559
0.164483
-0.049346
0.046301
-0.040574
0.184090
-0.003287
0.147590
-0.214576
0.040619
0.187353
-0.145554
0.085064
0.088573
-0.200316
0.077923
-0.165302
0.201710
-0.209157
-0.025965
0.006147
-0.255280
0.059062
0.031797
-0.227101
0.043554
0.000083
-0.019615
0.255010
-0.121118
0.003441
0.159653
0.055335
-0.095647
0.186252
0.229257
0.092895
-0.167797
0.142396
-0.061035
0.116025
0.021213
-0.216153
-0.111574
0.115063
0.331263
0.057603
0.001395
0.091864
-0.219688
0.135508
0.037328
-0.366331
-0.290410
-0.041545
-0.021671
-0.109535
-0.215928
-0.244128
-0.009305
0.113437
0.272868
0.046558
-0.339113
-0.146733
0.000886
-0.027521
0.241457
-0.355897
0.081729
-0.072637
-0.126915
-0.084535
0.039343
0.013259
0.069920
-0.027063
0.044903
-0.443809
-0.046597
0.032139
-0.115943
0.169086
0.016599
0.127375
0.084675
-0.376454
-0.004184
-0.266781
0.309315
-0.026213
-0.132051
-0.052851
0.020415
0.141416
-0.076147
0.269636
0.075411
0.140950
-0.253741
-0.156291
0.106385
-0.021890
0.025739
0.001711
-0.103504
-0.010336
-0.131867
0.122047
0.168074
0.009657
-0.246970
0.004128
-0.024509
-0.027485
0.103704
0.148386
-0.223978
-0.054371
-0.014068
-0.110317
-0.268066
0.167480
0.126636
0.247293
0.148606
0.013098
-0.082806
-0.174574
0.093574
-0.007549
0.149734
-0.078388
0.105460
-0.006020
0.033236
0.340687
-0.046252
-0.192697
0.030868
0.290086
0.008918
-0.069765
-0.132582
0.120018
-0.028366
0.104553
-0.043901
-0.019972
0.108705
-0.320946
-0.249973
-0.184552
-0.167491
0.071557
0.246420
-0.069487
-0.083774
0.196387
-0.037825
-0.097209
0.109060
-0.147462
-0.330525
-0.047167
0.194736
-0.021252
0.075403
0.012574
-0.039359
0.209426
0.067914
-0.068382
-0.066134
-0.008556
0.213923
-0.023276
-0.008890
-0.049242
0.179144
-0.128179
0.239870
0.321698
0.001594
0.228788
0.180566
-0.105565
-0.036314
0.018354
0.009987
-0.057434
0.064815
0.013229
-0.028663
0.189469
0.002994
0.409008
-0.100670
0.098961
-0.096505
0.040208
-0.120791
-0.007269
-0.257517
0.114874
0.356472
0.026509
0.242074
-0.070139
0.144474
0.447632
-0.229845
0.006203
0.191068
0.068325
-0.133979
0.076614
0.007138
0.119274
-0.236079
0.122279
-0.256720
0.067716
-0.191078
0.067972
-0.157726
-0.154581
-0.299776
0.017093
0.195215
-0.023986
0.122827
0.214745
0.191869
-0.023370
0.070364
-0.220454
-0.199446
-0.060521
0.040269
0.041740
-0.040203
0.011605
0.151433
0.091695
0.165856
-0.027926
0.022976
-0.149667
0.103791
0.054164
0.014894
0.032511
-0.115163
-0.177313
0.070933
-0.070161
-0.076719
-0.065755
-0.068140
0.403524
-0.116252
-0.082515
0.124151
-0.140367
-0.490598
0.155445
-0.216823
0.092221
0.035934
-0.014279
-0.145531
-0.093271
-0.257667
-0.124148
0.303968
-0.153895
-0.064914
0.233710
-0.046899
-0.016441
-0.143735
-0.017728
-0.375038
0.110127
0.001217
-0.028162
-0.159606
0.154205
-0.004777
-0.090911
-0.081699
-0.179791
0.024136
-0.111800
-0.261859
-0.017499
0.064320
-0.312349
-0.186606
-0.155427
-0.201719
-0.333742
0.161110
0.169699
0.062044
-0.235673
0.014562
0.117228
0.018300
-0.298118
0.085310
-0.248369
0.347471
-0.185506
0.119049
0.022446
0.232023
-0.310451
-0.023979
0.144256
-0.144124
-0.147772
-0.174490
0.223572
-0.064178
-0.011605
-0.093576
0.072642
-0.137989
0.019832
-0.254490
0.056419
0.023707
0.214352
0.141241
-0.085622
-0.128334
-0.109520
0.179883
0.001878
0.076281
0.013952
0.055603
0.211920
0.032748
0.288723
-0.100244
-0.076497
0.183983
0.054548
0.034155
-0.011029
-0.031638
0.095113
0.333459
-0.127630
-0.306276
-0.084561
-0.057471
0.011474
-0.031323
0.025785
0.020193
-0.127731
0.154445
0.025880
-0.107658
0.010906
0.020853
-0.072724
0.024994
-0.059630
-0.133766
-0.095032
0.126081
0.083398
0.085866
0.190439
-0.019707
-0.015676
-0.024650
-0.171215
0.245223
-0.046367
0.016838
-0.109605
0.020114
-0.029250
0.124780
-0.000204
-0.070632
0.087178
0.084162
-0.081612
-0.106404
-0.049501
-0.064981
-0.172814
-0.032256
0.087867
0.067932
-0.218848
0.125029
0.040090
0.221689
-0.033259
0.000027
-0.013205
-0.055348
0.226718
0.131670
0.252436
0.217230
-0.087531
-0.052455
-0.219489
0.176466
-0.223876
-0.271960
-0.021950
-0.015929
0.139988
0.009778
-0.028398
-0.038807
0.160653
0.051933
0.114377
-0.029321
0.069128
0.189704
0.026927
0.002586
0.232964
-0.149573
0.096162
0.145285
-0.307192
-0.241795
-0.386889
-0.129364
0.035756
-0.306379
-0.074192
0.061444
0.216058
0.145306
0.099605
-0.293120
-0.016612
0.201585
-0.013886
-0.093056
0.183472
-0.211806
-0.014328
0.004741
0.145501
0.118527
0.145445
0.370766
-0.053011
-0.029583
-0.094011
-0.080242
0.113759
-0.107297
-0.025564
0.192971
0.102365
0.250627
0.114275
-0.046819
-0.037865
-0.004355
-0.015175
-0.138567
0.093033
0.028732
-0.016802
-0.073748
-0.007693
-0.013523
-0.123596
0.035160
-0.110707
-0.086374
-0.002884
-0.026339
-0.087496
0.075276
-0.053633
-0.005450
-0.172754
0.029054
-0.003531
-0.039135
0.114539
-0.083525
0.075226
-0.000016
0.113855
-0.179310
-0.179899
-0.009079
0.071896
-0.087012
0.039716
-0.057740
-0.049154
0.237848
0.003540
0.006810
0.031924
-0.061971
0.053576
0.032873
0.041304
0.007022
0.050865
0.031067
0.023117
0.123472
-0.028560
-0.006172
0.099666
-0.099870
0.000228
-0.015398
0.078052
-0.171152
0.121279
0.055256
0.031567
0.188217
-0.003085
0.060805
0.142308
0.010725
-0.012896
-0.006512
-0.068417
0.031080
0.028480
0.015082
-0.037818
0.008382
0.000930
0.075388
-0.011513
0.042867
-0.069257
-0.049934
-0.085343
-0.057544
-0.037165
0.024921
0.060215
-0.057336
0.231059
0.043190
-0.121857
0.024244
0.002815
0.039259
0.035037
-0.146787
0.201100
-0.097186
0.041071
-0.019645
0.010915
0.055804
0.024777
0.096337
-0.095761
0.039497
-0.045293
0.064991
0.232215
-0.141678
0.153096
-0.091399
0.118174
-0.045943
-0.181343
0.119415
-0.042496
-0.188317
0.009917
-0.099648
-0.011787
0.212841
0.014466
0.117287
-0.197417
-0.025142
0.008607
-0.098025
0.043369
-0.088182
-0.035759
-0.039981
0.289172
-0.148740
0.145336
0.053354
-0.019615
-0.130762
0.113084
0.146690
0.096762
-0.052656
-0.100107
-0.048179
0.111128
0.228791
0.046288
-0.269235
-0.144410
-0.095427
-0.078681
0.274054
0.226457
0.120767
0.266933
-0.112623
-0.154661
-0.062128
0.068593
-0.037441
-0.089314
0.231677
-0.115959
0.185371
-0.186309
0.025485
0.028880
0.058697
-0.009609
-0.116853
-0.062422
-0.141426
-0.146265
-0.150666
0.115047
0.182256
0.078978
0.110830
-0.023264
-0.122375
0.045166
-0.253671
-0.139887
-0.066470
0.021170
0.209491
-0.079126
0.013561
0.144601
0.281298
-0.093706
0.303309
0.182300
0.107986
0.101474
-0.063590
-0.169546
0.261016
-0.116777
0.010601
0.130461
0.003172
0.088478
-0.358886
0.008560
-0.193275
-0.245686
-0.201884
0.131077
-0.271416
-0.262315
0.012517
-0.024129
-0.183495
-0.224551
0.191674
-0.235968
0.096767
0.077109
-0.117842
0.002413
-0.065698
-0.068184
-0.049770
0.270351
-0.286538
0.208931
0.057761
0.019040
0.118059
0.243669
0.022213
0.078107
-0.083256
0.062274
-0.028682
-0.023960
-0.120743
0.132184
-0.328410
-0.084890
-0.055830
0.164497
-0.139250
0.038792
-0.147602
0.061500
0.212463
0.034758
0.051893
0.043673
-0.016852
-0.103051
-0.115853
-0.109023
-0.155638
-0.061168
-0.075093
0.051046
-0.070691
-0.075330
0.082471
0.006453
0.048802
-0.067138
0.134826
0.161369
0.163329
0.024012
0.017562
0.016534
-0.028246
-0.042611
0.020005
-0.004263
0.120081
0.091276
0.222698
0.093764
-0.134438
0.051214
0.020694
0.008305
0.055918
0.150975
0.136001
0.062932
-0.055084
-0.078974
-0.191849
0.408157
-0.064127
-0.083121
0.005978
-0.280508
0.076473
-0.075675
-0.128330
-0.053650
0.200544
-0.037915
0.074538
-0.068396
0.154823
0.007571
-0.075221
-0.038262
0.065106
0.238817
-0.025233
0.185939
-0.040688
0.032619
0.153354
-0.074031
-0.245500
-0.104760
-0.247808
-0.087132
-0.094312
-0.117876
-0.057601
-0.185781
0.021767
0.190935
-0.072860
-0.042470
-0.098875
0.287014
-0.079371
0.166092
0.118356
0.196913
0.049993
-0.131732
-0.033454
-0.217135
0.092540
0.027457
0.343959
0.000759
-0.121090
0.145390
-0.189108
0.123473
0.186430
0.009663
0.138699
0.131673
0.024792
-0.079407
0.081529
0.207656
0.048593
0.084394
0.137065
-0.399919
0.086712
-0.156853
0.185632
0.324924
-0.049883
-0.058557
0.119746
-0.041960
0.000599
-0.176016
-0.144077
-0.053700
-0.118935
0.072433
-0.056411
0.183782
-0.091952
0.094910
0.237583
0.023957
-0.049305
0.244344
-0.055217
-0.019438
0.193451
-0.101358
0.166262
0.105393
-0.004511
-0.101111
-0.158809
0.169743
-0.237754
-0.114286
0.031088
-0.074058
-0.072752
-0.046351
-0.136046
0.032041
0.164317
-0.009057
-0.034653
-0.047426
0.166850
0.126650
-0.102665
-0.050867
-0.033147
0.003552
0.185585
-0.031583
-0.178466
-0.168728
0.130675
-0.024425
0.036220
0.003490
-0.098571
0.042680
0.070587
0.032039
-0.140032
0.070191
0.084422
-0.117767
-0.046532
0.051141
-0.238303
-0.075996
-0.082317
0.084949
0.086182
-0.088957
-0.199682
-0.080749
0.064888
-0.143697
0.150680
-0.001301
-0.256703
-0.161428
0.081305
-0.011977
0.252671
0.128224
-0.060336
0.007612
-0.100304
0.103062
0.125394
0.040950
-0.063602
0.208155
0.194437
0.096250
-0.223415
0.131073
-0.167501
-0.037076
-0.087458
0.059112
0.074949
-0.136486
0.125503
0.049106
-0.141366
0.151880
-0.013130
0.026656
0.202503
-0.000200
0.109236
-0.072820
0.256746
-0.031173
-0.113582
-0.090810
-0.063231
-0.348155
0.112060
0.158737
-0.121495
-0.009416
0.166478
0.071496
0.084332
-0.171891
0.011232
-0.049428
-0.255731
-0.044230
0.079478
0.083094
-0.160600
-0.419560
-0.059614
-0.295177
0.049891
-0.047268
-0.010708
0.045739
0.047613
0.045318
-0.188940
-0.021172
-0.166431
-0.087366
-0.050281
0.034092
0.096062
-0.068530
0.053367
0.103694
-0.076494
-0.044371
0.045454
-0.067227
0.121663
0.031518
-0.288192
-0.064961
0.065447
-0.082932
-0.189262
-0.222039
-0.091803
0.105342
-0.127868
0.125924
0.166042
-0.279160
-0.017950
0.142133
0.137743
0.059491
-0.140171
-0.091356
-0.189394
0.084747
-0.209060
-0.100984
0.119976
0.220101
-0.006684
-0.220198
-0.045034
-0.069258
-0.185693
0.047709
0.035837
0.059625
-0.167823
0.093485
-0.119526
-0.058229
0.298568
-0.106569
-0.051362
0.256545
0.086161
0.195643
-0.121410
-0.002163
0.090378
0.158188
-0.279720
-0.083947
0.049179
0.034975
0.256999
-0.296201
-0.182295
-0.037765
0.091420
0.051143
-0.073100
0.202439
-0.074276
0.025063
0.007925
-0.101838
0.179002
-0.092999
0.301492
-0.210291
0.028779
0.017110
-0.119095
-0.204499
-0.007760
0.250409
-0.087206
0.073463
-0.155542
0.202094
0.264745
0.120146
-0.428958
-0.104143
0.067236
-0.002608
0.299216
0.354488
-0.107716
0.157815
0.075443
0.377267
0.075186
0.011170
-0.076979
0.453411
-0.071738
0.004846
0.284441
-0.156995
0.142546
-0.057052
0.002111
0.378114
-0.043396
-0.054692
-0.074393
0.172078
-0.239943
0.046997
0.377646
-0.097758
-0.134706
0.016372
-0.156073
-0.073895
-0.017014
0.064201
-0.001033
0.330751
0.036396
-0.199152
-0.229446
-0.001381
-0.448943
0.157977
0.162898
0.226230
0.087354
-0.224347
0.177217
0.186731
0.038063
0.250583
-0.141804
-0.069499
0.043795
0.061534
-0.113940
-0.087820
-0.019589
-0.052243
-0.042048
-0.020447
0.169080
-0.238897
0.060841
-0.145033
-0.014430
-0.031527
0.092167
-0.205169
-0.243994
0.237992
0.122481
0.016453
0.088328
0.284745
-0.291125
-0.019374
0.086085
0.111673
-0.028708
0.120878
0.062282
0.006719
-0.059314
0.388391
-0.172328
0.097296
0.226476
-0.007876
0.096859
0.040320
0.089509
-0.044811
0.066199
-0.117101
0.066765
-0.047610
-0.110152
0.057609
0.129991
-0.099977
-0.080695
0.207177
-0.149481
-0.419360
0.068050
-0.214945
0.015450
-0.149831
-0.078356
-0.221646
-0.016795
0.083875
0.135803
0.145524
-0.126559
0.012697
0.191309
-0.173835
-0.267222
0.206268
0.039403
0.009604
-0.176261
0.088947
-0.056049
-0.124481
-0.085030
0.030960
0.056342
-0.122690
-0.048651
-0.231532
0.085198
-0.077018
0.022552
-0.242034
-0.013101
0.226058
0.008145
0.140878
0.155183
-0.012170
0.051061
0.060744
-0.240898
-0.016269
-0.037317
0.067194
0.270592
0.035350
-0.072284
-0.018135
0.087390
-0.022196
0.164837
0.026288
-0.076967
0.197414
0.085286
-0.034848
-0.060236
0.198061
-0.092935
0.012726
-0.185954
0.052873
0.138987
0.201139
-0.189741
-0.000197
-0.091759
-0.039848
-0.009880
-0.052842
-0.037518
0.278701
0.289573
-0.211760
0.326268
0.264632
-0.124210
0.001754
-0.113405
-0.396732
-0.254133
-0.247494
-0.141240
-0.278631
-0.284072
-0.078966
0.257087
-0.065308
0.100011
-0.024890
0.252446
-0.381373
0.068426
0.185375
-0.028627
0.166265
0.173815
0.022116
-0.110960
0.012897
-0.077055
-0.056670
-0.094284
0.281023
0.129871
-0.256684
0.518617
-0.307564
-0.103857
0.094721
-0.255634
-0.091017
-0.005226
0.005296
0.347921
-0.191359
0.034355
0.089967
0.134618
0.355710
-0.194021
-0.085721
-0.058942
-0.191636
-0.130371
-0.039614
0.368522
0.111439
0.163688
0.087123
0.352537
-0.333579
0.447645
-0.088394
-0.133353
0.261926
-0.033145
0.053814
-0.128995
0.276611
0.143910
0.002024
0.144258
-0.000712
0.149634
0.123764
0.141908
0.074145
0.171415
0.029611
0.256264
0.175886
0.309616
-0.031671
-0.068669
-0.084013
-0.105543
0.067404
-0.386376
-0.011804
0.187544
-0.127591
-0.095420
-0.009241
-0.022366
-0.142988
0.122099
0.105788
-0.280566
0.005613
-0.266547
0.163390
0.336707
0.111844
0.240133
0.054829
0.175667
0.052196
-0.228296
0.107451
0.245155
-0.120141
-0.306192
-0.004236
0.423372
-0.103899
0.596395
-0.144489
-0.054448
-0.275995
0.079070
0.007150
0.020440
0.027754
0.057241
-0.438075
0.020779
-0.165602
0.098683
0.067761
-0.032719
0.136370
0.037854
0.264382
-0.124084
0.066604
0.033333
0.036016
0.001195
-0.038918
0.030336
0.153053
-0.059852
-0.142010
-0.125692
0.099797
-0.110403
-0.071063
0.087977
-0.054769
0.049254
-0.164855
-0.033056
0.126119
0.074187
-0.151098
0.045008
0.039920
0.007091
-0.073321
0.113093
-0.037757
0.000138
-0.072996
0.136705
0.109146
0.007509
0.011396
0.018817
0.070287
0.038827
0.047185
0.038420
-0.059162
0.082224
-0.016123
0.123341
-0.031359
-0.163237
0.119309
0.056047
-0.036408
-0.162839
-0.234447
0.114676
0.001468
0.036874
-0.169122
0.042433
0.101974
0.131027
0.026670
0.104051
-0.006677
0.008304
-0.055745
-0.047436
0.069904
0.131410
-0.031430
-0.122586
-0.115703
0.258528
-0.019732
0.003710
0.124156
0.020885
0.106702
0.014803
0.053936
0.021684
-0.062203
-0.053518
0.042971
0.096066
-0.088554
0.107032
0.010190
0.072196
0.150265
0.137574
-0.226231
0.047726
0.136417
0.156395
0.059214
0.031410
-0.048199
-0.069511
0.144809
0.119266
-0.024644
0.039458
-0.039258
-0.104657
-0.161527
0.046249
0.052316
0.005460
0.016278
0.052577
-0.094617
-0.132734
-0.104279
-0.072382
-0.028414
-0.201088
-0.031744
0.094482
-0.153076
0.126124
-0.037998
-0.101300
0.119511
-0.007008
0.069322
0.068745
0.092226
-0.170399
-0.179195
-0.020375
-0.087547
0.063781
0.141550
0.038975
-0.153577
-0.154552
0.056649
0.055842
0.205098
-0.007533
-0.092216
-0.022454
-0.034152
-0.138081
-0.067189
-0.056123
-0.215558
0.055593
0.068528
0.049038
0.113032
0.017248
-0.170426
-0.062854
-0.246863
0.021597
-0.241864
0.134466
-0.139635
-0.139895
-0.055457
0.108088
-0.091340
0.118964
0.122267
-0.066690
-0.404864
-0.080356
0.109642
-0.013505
0.201974
-0.290028
-0.059698
0.067709
0.039774
-0.147803
0.071421
0.108750
-0.120469
0.195818
-0.113509
0.086657
0.233176
0.155056
-0.207357
0.051402
-0.009177
0.169516
-0.033272
-0.252480
0.182795
0.231192
0.077324
-0.211543
-0.140182
-0.029690
0.042817
0.026341
-0.221271
0.009341
-0.254372
-0.009033
-0.189465
-0.243429
-0.037904
0.035369
-0.092818
-0.096085
0.094993
0.107133
-0.176177
0.009842
-0.049679
-0.202304
0.247874
0.173223
-0.235334
-0.077980
-0.178390
0.142602
0.174260
0.022279
-0.098006
-0.106996
-0.036545
0.090509
-0.009161
-0.051736
-0.016355
0.020654
0.219240
-0.146325
-0.039037
-0.170934
-0.273093
-0.156147
0.160278
0.114843
-0.197315
0.052570
-0.105054
-0.144542
0.082040
-0.351332
0.036916
0.085740
-0.015797
0.242457
-0.046405
-0.158923
-0.273767
0.162043
-0.190791
0.092521
0.397070
0.051193
0.070908
-0.196315
0.181498
0.227814
-0.073115
-0.114087
0.110133
0.245392
-0.163218
-0.103743
0.247640
-0.216821
0.409200
-0.157312
-0.164505
-0.480246
-0.414605
0.041501
0.135583
0.070713
-0.069812
-0.035098
0.105617
-0.356168
-0.411505
0.014528
0.068388
-0.054067
0.293303
0.332406
-0.068206
-0.214112
-0.220756
0.057273
-0.312121
-0.416544
0.183485
-0.449493
-0.002433
-0.200433
-0.132901
-0.166767
-0.324346
0.099487
-0.457345
-0.167821
0.023489
-0.138126
-0.012841
-0.085703
-0.231092
-0.274166
0.215316
-0.262867
-0.017355
0.354750
-0.030891
0.019278
0.285285
0.063151
0.105348
0.010266
-0.219240
-0.062031
0.129469
0.173016
-0.225494
-0.170638
-0.201498
0.350188
-0.093001
-0.021581
0.095759
-0.191156
0.010070
0.009686
0.046078
0.063985
-0.153934
-0.111845
-0.231871
-0.045189
0.032915
0.136122
-0.316460
0.088009
0.227128
0.024847
0.009452
-0.140796
0.096440
-0.101104
-0.238616
-0.165372
0.027957
0.028779
-0.021453
0.316214
-0.440896
-0.117871
0.240076
-0.128058
0.368102
-0.036493
-0.021569
0.102451
0.028302
-0.039072
0.134707
-0.011119
0.160833
0.222016
0.148140
0.276153
-0.124087
0.233561
0.023650
0.024537
0.256950
0.149665
0.098782
-0.016332
-0.156264
0.268551
-0.155890
0.325936
