0.598261
0.014923
-0.241737
0.154297
0.474356
-0.617479
0.153086
-0.137434
0.346861
0.227468
-0.589333
-0.098406
0.557187
-0.363477
0.413949
-0.336105
0.185752
0.387147
0.432824
0.539120
-0.774204
0.185767
-0.363206
0.223291
0.199364
0.537432
-0.630371
-0.535803
0.384324
1.333895
0.490694
0.306853
-0.359558
0.569329
0.454948
0.345671
0.332251
-0.222221
-0.443156
0.568306
-0.728684
-0.670250
0.534547
-0.031298
-0.157172
-0.297580
0.307377
-0.360187
-0.144874
-0.306980
-0.216811
0.480649
-0.657580
-0.524491
0.368314
0.355906
0.573432
-0.237150
-0.573366
-0.080480
-0.418493
-0.242384
-0.325573
-0.339757
-0.294247
-0.616026
0.180682
-0.755855
0.212078
-0.531034
-0.106215
-0.150309
0.304048
0.132696
-0.338159
-0.181544
-0.250951
-0.120506
0.099888
-0.085006
0.323640
0.654614
0.144013
-0.268201
0.268775
-0.134123
-0.151966
0.148721
-0.025896
-0.280602
-0.172813
0.090147
-0.609200
0.284574
0.513599
0.112659
-0.612469
0.344873
-0.562467
0.541464
0.390267
0.443960
-0.668137
0.452977
0.336177
0.528121
-0.501419
0.265306
0.383541
0.582833
0.527055
0.041153
0.547319
0.194826
0.337793
-0.275495
-0.847132
-0.538949
-0.605863
0.283885
-0.084093
-0.084307
-0.368976
-0.279205
-0.675059
-0.049738
-0.354443
0.624825
-0.720114
0.432549
0.604517
-0.664942
0.554309
0.404681
0.724598
0.372778
0.328315
0.420655
0.285610
0.504909
-0.106342
-0.935036
0.603509
0.770430
0.279548
-0.681702
0.141448
0.130240
0.435799
-0.295144
-0.141252
0.020911
0.174528
0.245574
0.316181
0.058757
-0.399925
0.270186
0.470097
0.153238
-0.084196
0.427497
0.125107
-0.402985
-0.543583
-0.513242
-0.156365
-0.157115
-0.055425
-0.938188
-0.506500
-0.012761
0.585699
-0.661401
-0.192553
-0.603754
0.506228
-0.478309
-0.015474
0.080602
-0.877168
1.167534
-0.645969
0.506092
-0.340039
-0.112596
-0.736113
-0.039244
0.650466
-0.355680
-0.338400
0.314581
-0.471116
0.159671
0.344703
-0.338725
0.183731
0.240021
-0.045223
0.419189
0.571395
0.602924
0.036993
-0.338630
0.744966
0.439069
-0.385227
-0.340250
-0.607851
-0.663612
0.605112
0.468733
-0.937265
0.506176
-0.297923
0.208187
-0.002113
0.405489
0.368550
-0.360716
0.574506
-0.882507
-0.694441
-0.520240
0.608611
0.707612
-0.522974
-0.075177
0.075181
-0.138557
0.050799
0.485406
0.218619
-0.609544
0.532196
-0.375469
-0.596738
-0.683656
0.411976
-0.867075
-0.418005
-0.473250
0.086221
0.535936
0.410825
-0.435638
0.161046
-0.462110
0.263034
-0.320732
-0.413797
-0.227115
-0.393774
-0.591817
0.555182
0.036790
