-0.292051
0.154068
0.040640
0.151673
0.144914
-0.434034
0.013514
-0.382156
-0.107348
-0.315439
-0.173283
0.344612
-0.336000
-0.276254
-0.109028
-0.058077
0.035936
0.330405
-0.109213
-0.230569
-0.069589
-0.114459
-0.105949
-0.004736
-0.300401
-0.326059
-0.039634
-0.368392
-0.236634
0.146358
-0.203487
-0.281708
0.232526
-0.091364
-0.050164
0.021703
0.031289
-0.148243
-0.208813
-0.141564
-0.219900
0.272800
-0.008211
-0.160225
-0.272930
0.313206
-0.302856
-0.219611
-0.292657
0.235000
0.040205
-0.056656
-0.520064
-0.158136
-0.317134
0.007119
0.102771
-0.005694
-0.152489
-0.266172
0.064729
-0.491525
-0.320856
0.032095
0.226185
-0.127400
-0.122605
0.091491
-0.102239
-0.063466
-0.215516
-0.170469
-0.168003
0.093518
-0.307355
-0.237550
0.502704
0.047610
-0.020938
-0.081163
-0.261943
0.265565
-0.267921
-0.054662
-0.106779
0.241663
-0.064728
0.117678
-0.370350
-0.302364
0.221383
-0.083507
-0.022368
-0.362069
-0.031149
0.115845
-0.247187
0.211794
0.310301
-0.040215
-0.136263
-0.100999
-0.046634
-0.343402
-0.363067
0.140826
0.124825
-0.085906
-0.440491
0.009189
-0.014640
-0.198666
-0.405484
-0.082834
-0.073485
-0.004251
-0.110032
-0.110883
-0.096013
0.013532
-0.453573
-0.080821
-0.341095
-0.102941
-0.289524
-0.169594
-0.142544
0.133540
0.267855
-0.099334
-0.026246
0.019001
-0.249904
-0.173210
-0.140405
-0.026102
0.038237
-0.012064
-0.366243
-0.296102
-0.085390
-0.088244
-0.324319
-0.345641
-0.136494
0.187385
-0.331802
0.111967
-0.060289
-0.493935
0.111449
-0.268265
-0.149167
-0.420871
0.091716
-0.206803
0.085481
0.017805
0.068283
-0.040318
-0.400359
-0.028264
-0.185902
-0.203994
-0.282657
0.089103
0.166972
-0.156226
0.523738
-0.009407
0.220944
-0.301889
-0.205910
-0.056286
-0.219178
-0.082039
0.142981
-0.187348
0.075134
-0.340464
-0.353248
0.153067
0.214542
0.122165
-0.132360
-0.063064
-0.182811
0.282691
0.176948
-0.223036
-0.294802
0.012134
-0.333046
-0.220274
0.150787
-0.329181
0.132059
-0.230460
-0.066738
0.095593
0.188826
-0.041103
0.019423
-0.158834
-0.079037
-0.239795
-0.046464
-0.149019
-0.275576
-0.259994
-0.242499
-0.383128
0.187586
-0.067867
-0.338893
-0.292589
-0.060427
0.040604
-0.094231
-0.296706
-0.019312
-0.244703
-0.062069
-0.392061
0.003096
0.055225
0.117497
0.062652
0.085970
0.035095
-0.179941
-0.209819
-0.174783
-0.107624
-0.105047
-0.093763
-0.362158
0.218878
-0.279484
-0.337065
-0.079971
-0.184823
-0.089712
-0.208839
0.087982
0.002738
-0.238525
-0.336213
-0.309576
-0.132358
-0.363902
-0.005775
-0.049814
-0.058953
-0.242397
-0.101047
