0.131985
-0.204836
0.142171
-0.332966
-0.457568
-0.376322
0.553513
1.972143
0.831142
-0.105869
-0.606187
-0.437692
1.608163
-0.137510
0.211651
1.338426
-0.539247
-0.327099
0.475455
2.832546
-0.061267
-0.506312
-0.124949
-0.534733
-0.274788
-1.513602
-0.211729
-0.834219
-0.039903
1.060366
-0.324955
-1.828786
2.286828
-0.412660
0.050451
-0.203818
0.160069
0.181392
0.235625
0.702606
0.839887
0.333107
-0.145120
-0.348678
-0.284954
-0.429654
-0.911375
-0.639939
-0.895642
-0.454644
0.621848
-0.639385
-0.480802
-0.123742
-0.526105
-0.663232
-0.524704
0.295054
1.669901
0.329260
-0.587699
-0.485149
-0.655008
0.310168
-0.008690
0.551896
0.055651
-1.667807
0.110030
0.580873
1.907224
1.134332
-0.532954
-0.059839
-0.659031
0.773076
0.908900
0.704095
-0.290848
0.024412
-0.324057
-0.303438
0.501752
0.061950
-0.881786
0.505677
-0.991760
-0.742215
2.280857
-0.345635
-0.352185
-0.351569
-0.374738
-1.386362
-0.127971
-0.384410
0.240642
0.245442
-0.801862
-0.777978
-0.817062
-0.693809
-0.001255
0.155768
0.303062
2.330751
0.628704
-1.387689
-0.113577
0.156287
-0.247601
-1.169047
2.350036
-1.336673
-0.737616
0.876499
-0.735570
0.596038
1.684417
0.587699
0.364833
-1.698747
-0.013152
-0.634378
-0.265230
-0.613786
0.264888
0.579935
0.314141
-1.011919
1.547761
-0.435105
-0.330364
1.831405
-0.357105
0.195247
-1.119813
0.724179
2.638522
-0.811476
-0.145851
0.547296
0.224197
0.084787
0.766405
1.669257
0.787440
-0.188721
-0.162449
0.125944
0.630510
0.014742
0.128295
0.519827
0.429168
0.673827
-0.469979
-0.336110
-0.622272
0.730710
0.357494
0.825851
-0.008656
-0.050034
-0.030714
-0.343405
1.638108
0.746452
0.060397
1.136185
0.566097
0.714933
-0.557792
0.342044
0.876307
-1.422736
0.010018
-0.378594
2.164625
-0.081318
-0.534563
-0.465972
-0.637455
-0.222655
-0.512400
-0.109729
0.223648
-0.747621
0.112356
0.684590
1.980164
-0.195025
1.808252
0.808680
-1.148339
-0.292680
-1.090898
-0.442750
0.251506
0.249447
0.138871
0.270849
1.027343
1.501686
-0.011672
-0.273936
1.444361
-0.236609
-0.324468
-0.418101
-0.384459
-0.457504
-0.101828
-0.109762
-0.237159
0.470189
-0.600644
-0.321698
-0.222130
-0.511043
-0.605408
0.022847
1.287697
0.482271
1.484563
-0.307727
-0.240716
0.384331
-0.411389
-0.993363
1.554541
0.054641
0.217210
0.450841
-0.978037
0.827261
0.244449
-1.331878
1.769230
0.392618
0.309823
-0.542172
-0.251624
-0.943820
0.642808
-0.088707
-1.504301
1.281262
-1.230354
-1.013986
0.591243
0.859076
-0.380005
0.353182
0.855744
-0.271315
-0.485987
1.293158
-0.018481
-0.697529
-0.163458
0.121290
-0.020468
0.093906
-0.442721
-0.801834
-0.418967
-0.048941
-0.100094
0.071436
-0.094135
-0.243020
-0.160524
0.498858
0.974525
-0.029200
0.214809
0.889953
0.489136
0.592491
1.035638
0.451995
0.853015
1.277428
-0.908882
1.086009
-0.665214
-0.280614
0.863631
0.751318
0.661858
1.112035
-0.073195
1.021957
-0.317165
-0.823074
-0.392474
-0.126991
-0.286173
-0.057690
-0.341101
-0.729727
-0.360994
-0.221499
-0.159415
-0.181710
-0.123901
0.633790
0.026945
0.026357
1.434617
-0.068230
0.731249
1.130153
0.618336
-0.623883
0.559712
-0.738842
-0.112480
-1.414457
0.508884
1.220921
0.689169
0.910860
-0.140825
-0.493833
-0.512652
1.426458
-0.308156
-0.350365
1.030149
-0.368703
0.004749
0.653100
3.523452
0.645822
0.138221
2.051463
0.307883
-0.593903
-1.584021
-0.264496
0.097117
-2.677099
0.435358
0.800329
2.210217
0.926244
0.786276
0.071637
0.438869
0.061000
0.273897
0.325730
0.463502
2.074947
0.468516
-0.234404
0.146779
-0.336427
1.111467
-0.178749
-0.520922
1.536151
-0.753579
-1.206896
0.394575
-0.250020
-0.301791
-0.458077
-0.631296
0.774984
-0.934577
-0.107825
1.519953
-0.651888
-0.577862
0.024226
-1.340494
0.386628
0.280905
1.105200
0.220583
-1.450439
-1.225556
-0.694236
0.016272
0.304235
-0.184465
-0.216002
1.158078
-0.268912
-0.301179
1.563448
-0.504105
-0.709086
-0.316667
-0.717286
-0.250238
0.250386
-0.372258
-0.132446
0.597010
2.283273
0.255483
0.628866
-0.262804
-0.267001
2.568132
-1.337974
0.258763
-0.249241
-0.247131
-0.567337
-0.295883
-0.431569
-0.332711
-0.121567
-0.409412
-0.089070
-0.377196
-0.498967
-0.231667
-0.205534
0.421608
1.510371
-0.135986
-0.007060
1.210523
-0.187660
-0.598919
0.732515
-0.075021
1.652289
0.442227
1.522326
-0.049143
-0.396189
1.127381
-0.474093
-0.384559
-0.413777
-1.317640
-0.596085
-0.593159
1.548975
-0.290338
-0.121335
1.765919
0.773914
-0.281476
-0.418491
-0.069616
0.323219
0.165907
0.164876
1.045658
0.736731
1.196466
0.006671
-0.475688
-0.027154
-0.124887
-0.068094
0.106344
-0.044049
1.922246
0.194667
0.401429
-0.581935
0.318579
0.734153
2.869531
0.776439
-0.264525
0.753926
-0.143954
1.251406
2.046053
1.605980
-0.440705
2.161291
-0.100280
-0.372232
-0.654680
-0.461708
1.285917
0.721894
0.284431
1.064043
-0.759950
-0.325585
0.407013
-0.101408
-0.323096
-0.397093
-0.873399
-0.268565
0.747559
-0.496903
-0.126684
1.043854
1.004567
0.728193
-0.377592
0.623611
-0.134451
0.500526
2.343525
0.140652
-1.919888
-1.096482
-1.688186
0.743649
2.622004
0.033800
0.475546
-0.966003
0.240706
-0.359960
-0.644283
-0.361627
-0.078492
-0.029033
0.985717
-1.803544
-0.306972
0.234873
-0.149250
-1.113071
0.175324
1.127888
-1.712572
1.209066
2.750084
1.497786
2.655229
0.995846
0.646936
1.102622
-0.384300
-0.402508
0.543863
-0.374985
-1.641786
3.217399
0.686988
0.793162
0.172747
-0.224085
-0.514834
-0.218093
-0.287634
-0.540104
-0.273990
-0.216601
-0.520705
-0.246546
0.600947
2.238630
0.075418
0.164032
-1.435806
0.327757
-0.556909
0.018446
-0.431477
0.489621
0.047833
0.335612
-0.133648
-0.509156
-0.437834
-0.429352
-0.769105
-0.503364
0.586942
0.912387
0.579646
0.334210
0.932512
0.194824
0.471555
1.295700
0.690254
-0.307224
0.827997
-0.542567
0.940869
3.013826
0.133844
0.091213
-0.458238
-0.004814
-0.528417
-0.310382
-0.155836
0.538981
0.004306
0.704906
0.328136
1.106526
1.252384
0.722919
-0.983050
0.084841
-0.060627
-1.030057
-0.154904
-0.942615
-0.010702
-1.113130
0.548938
0.813690
-0.476160
1.045390
-0.113744
-0.481166
1.201175
-0.239946
0.118664
0.491123
-0.251505
-0.018385
1.116219
2.978284
-0.407273
-0.057563
0.309542
0.596381
-0.309312
-0.668763
-0.168388
-0.296436
-0.523997
-0.137284
-0.116937
2.431523
0.303626
0.297399
2.209570
0.007094
-0.160301
-0.844750
-0.007127
-0.278376
-1.053654
-0.260826
-0.423271
-0.254256
-0.334228
-0.456954
0.050128
-0.269076
-0.202940
1.815919
0.192308
1.440347
0.590318
1.206610
-0.155326
-0.924633
-0.091012
-0.380830
-0.253302
-0.398585
-0.561082
-0.660854
-0.998503
0.837637
-1.472232
1.727773
0.608432
-0.408066
0.652225
0.161428
-0.414673
-0.290084
-0.169975
-0.404680
-0.042351
-0.509949
-0.787338
-0.638643
-0.182297
1.128958
-0.298025
-0.966711
3.161581
0.284124
-1.259573
-0.522465
0.393256
-0.180017
-0.989433
-0.034220
1.421392
-1.760159
1.362957
1.138422
0.251443
1.146880
-0.239805
-0.930445
-0.195461
-0.039042
-0.669332
0.039523
0.737770
1.440261
0.560124
1.025882
1.718454
-0.120802
-0.242793
0.216718
0.135941
-0.423193
-1.003889
-0.053673
-0.395995
1.416410
0.352378
-0.566157
0.996778
-0.265014
0.780247
-0.699241
-0.309529
0.037583
0.429325
0.143193
0.269482
1.457481
0.383849
-0.310326
0.262798
-0.188010
0.614681
-0.704436
-0.447625
-0.781838
-0.541465
2.046277
-1.055775
0.730772
0.310411
0.116656
1.738367
0.275855
-0.182218
-0.840049
-0.539032
-0.340619
-0.655063
-0.480556
0.383015
2.436325
0.183221
0.577079
-0.220695
0.917494
-0.349069
-0.919117
-0.364781
1.212629
1.440456
1.356537
-0.530511
0.250414
-0.507813
-0.242358
-0.494156
-0.285807
-0.496856
0.774604
-0.527344
-0.863889
1.027639
-0.782801
-0.536925
-0.633526
-0.629104
0.110020
-0.441215
0.478333
0.503264
0.586168
0.742393
0.571601
0.247304
0.745702
0.526877
0.647203
0.774734
-0.667207
-0.820745
-0.569126
0.523654
0.996228
0.440065
0.878639
-0.224076
0.236206
2.568828
-1.719330
-0.287823
-0.183738
0.102075
-0.018138
0.022174
-0.308267
-0.054111
0.350127
-0.524464
1.561284
1.403140
0.945086
1.066220
0.951152
0.256429
0.919546
-0.188065
-0.698358
0.087601
1.035034
1.709606
0.745264
-0.333428
-0.749669
-0.555917
-0.753900
-1.068189
0.491165
-0.726334
-0.322066
-0.620676
0.801448
1.425012
1.131321
0.099085
0.358958
0.242983
-0.093570
-1.030219
-0.280164
1.064728
-0.480127
-0.328957
0.668668
0.549856
-0.633421
0.048355
-0.155006
0.015495
-0.933598
0.410841
0.262697
-0.018692
-0.876384
1.568155
1.062093
0.976701
0.994186
0.903797
0.466300
0.041940
0.612209
0.690661
0.328672
0.228934
0.866990
-0.262905
-0.009950
-0.609448
0.001992
0.413902
0.316901
0.505241
0.276923
1.447593
0.504502
1.864249
-0.732959
-2.183529
0.347258
0.254936
-0.195085
2.559963
-0.316993
-1.562468
-0.531827
-1.438892
-0.306615
0.121946
1.170751
0.755745
0.148315
0.390429
0.092017
-0.159654
-0.212576
-0.031751
0.762955
0.260450
0.789259
0.079564
0.724556
0.039409
1.195128
-0.455518
-0.157342
-0.419364
-0.302344
1.511646
-0.190833
0.224076
0.323304
0.088175
-0.152585
-0.369399
0.278108
-0.046530
-0.324660
2.321792
-0.566603
-1.539348
0.338444
-0.368541
0.134750
1.183618
1.021721
0.959899
-0.250811
-0.124070
-0.160568
-0.671036
-0.742686
-0.545758
-0.166992
0.160044
0.159269
0.669532
0.935688
0.587364
0.650417
-0.593434
0.179570
0.686201
-0.303530
0.294637
1.033213
0.338073
0.715163
-0.570620
-0.204919
-0.556068
-0.414015
-0.864418
-0.704562
-0.537142
-0.955341
-0.133001
-0.091593
0.184477
-0.159151
1.264395
0.310995
1.392068
1.017754
0.400728
1.179669
-0.462814
-0.218147
-0.752073
-0.718716
0.337910
-0.149257
2.701443
-1.469565
-0.469803
0.112636
0.225167
0.157024
0.332054
0.466623
0.333833
0.095783
-0.217694
0.106426
-1.104880
-0.300323
-1.115649
-1.045220
1.134253
-0.734629
0.159168
-0.496219
-0.220581
0.654633
1.746473
0.544858
-0.565263
0.371711
-0.765301
0.174349
0.531798
0.060764
-0.355156
1.194378
-0.116347
-0.788724
-0.703692
1.767308
0.002260
-0.241651
0.135750
0.688793
1.986328
0.602304
1.430399
-1.349758
-0.331650
1.379529
-0.919850
0.446378
0.117451
1.651519
-0.027836
0.052771
-0.417972
-0.067391
-0.059072
-0.199738
-0.047176
-0.305127
-0.693513
0.143935
0.010641
-0.853767
1.897866
-0.392140
-0.701467
-0.776601
-0.040564
1.135862
0.115568
-0.399534
-1.737704
-0.397629
-0.384323
-0.367892
-0.224239
0.321655
-0.402324
0.025085
0.888884
3.012754
0.843531
-0.276971
-1.580913
0.003774
-0.704457
1.409728
-0.411648
-0.988944
0.496268
-1.018307
-0.717274
-0.268875
-0.687151
0.042476
0.230058
-0.111277
0.169518
0.382312
0.231991
0.317529
0.577991
0.281051
0.045163
2.044079
0.961611
-0.410530
0.295195
0.036588
-0.036799
-0.579118
-0.151737
0.239045
0.903674
-0.453611
1.412194
-0.118178
0.119836
0.978045
-0.136117
0.121055
0.536125
-0.033819
0.396350
1.205101
0.745934
0.747512
0.535930
1.480936
0.221305
0.408155
1.478431
1.374861
-0.010680
-1.391081
-0.369825
-0.161418
0.650255
0.006522
1.304853
-0.185117
-0.825508
0.931642
-0.604042
-0.498684
1.028126
-0.129706
-0.798693
-0.172875
-0.389011
-0.165868
-0.375331
-0.830495
-0.524174
-0.465353
-0.921997
-0.364405
1.203116
-0.752152
-0.517920
0.746446
-0.187750
-0.177125
0.717665
-0.432875
-0.426699
0.548596
1.012116
1.089470
-0.550285
-0.560977
0.080673
-0.071373
-0.448271
-0.152371
-0.021170
-0.808800
0.028341
-1.125372
-1.250077
-0.931087
0.971733
0.285539
0.771771
0.054703
-1.697330
0.330832
1.772164
-0.614758
1.522567
-0.367549
-0.080404
-0.208591
-0.099412
0.674582
-0.092334
0.375330
-1.399158
0.142586
0.546200
1.506188
0.558046
0.628171
1.888622
0.347348
-0.566215
-1.370326
-0.591781
-0.524540
-0.821460
-0.483206
-0.604611
-0.716607
-0.475738
0.677614
0.340373
0.350344
-0.624252
-0.507404
-0.411375
0.110900
-0.922212
-0.195241
0.653628
2.194252
-0.699700
0.131814
1.611475
0.720800
-0.067887
-0.231158
-0.117917
-0.563057
0.430874
0.745020
-0.109344
0.543453
0.188181
-0.257797
-0.606045
-0.267167
-0.280906
-0.600405
-0.320781
0.074330
-0.227550
0.080476
0.000622
0.632979
-0.228937
-0.439434
0.488228
1.445564
-0.404581
0.126279
1.108947
-0.178867
0.017461
1.756633
-0.176698
-1.091616
1.324951
1.278419
-0.680786
-0.453985
-0.268226
0.583538
0.149361
-0.366172
2.380129
-0.350350
0.069680
0.064215
-0.152244
-0.260594
0.806082
-0.439018
-1.058566
0.293606
1.269226
-0.346858
-1.083339
0.659476
1.574106
-1.302930
-0.499882
-1.271816
1.373251
-1.021818
-0.498034
-0.997437
0.280072
0.075479
0.139023
-0.010593
1.371881
3.292190
0.900603
0.242310
-0.176495
0.235472
-0.160361
-0.594674
0.070502
0.896985
-1.410180
1.147012
1.634077
0.687009
0.742135
0.469846
0.252576
0.519884
-0.078909
0.929765
0.247919
0.177603
-0.375643
0.202008
0.102432
-0.827039
-0.063589
0.598564
0.573311
0.680533
0.759813
2.505394
0.546360
-0.456251
-0.426483
-0.331058
-0.916096
-1.232673
-0.717896
0.193214
1.128617
-0.044682
0.862221
-0.251012
0.971808
0.136338
-1.695024
0.735247
0.955308
-0.888247
1.670836
-0.542098
-0.945211
-0.605894
1.404172
-0.509159
0.664332
1.056785
0.598981
0.346854
0.038127
-0.419186
-0.067508
1.753865
0.249879
0.599798
0.023156
-0.749144
-0.003730
-1.115277
-0.420280
0.068204
0.384318
0.668721
-0.634795
-1.924603
-0.838892
0.330251
0.424464
1.025588
0.496831
0.692417
-1.028341
0.390160
-0.264479
-0.736814
-0.390700
2.546890
0.485214
-0.975422
-0.881564
-0.503445
0.624195
0.561423
0.714722
-0.302730
0.313075
-0.441940
0.240048
-0.146185
-1.385419
0.041232
0.223467
2.545490
0.434694
0.490922
-0.274920
0.542604
0.368381
0.378274
0.441492
0.367036
0.426658
0.390198
1.448446
-1.485729
0.817493
0.780768
-0.599419
0.528719
-0.215054
-0.397512
1.628373
0.062296
1.830670
0.538721
0.042620
-1.308869
0.663097
-0.138599
-0.574233
0.483677
1.293336
0.074942
0.040537
0.707390
-1.034093
-0.173206
0.950484
-0.090285
-0.175335
0.333046
0.455366
0.309964
0.634917
1.072221
0.622109
-0.032552
-0.130221
-0.239135
0.265930
1.591123
0.586816
0.099463
1.422230
-0.029826
0.044691
-0.061849
0.349865
0.245506
-0.118357
-0.171232
-0.207109
-1.541684
0.949601
0.349636
2.139562
1.160279
-0.287229
-0.186367
-0.435085
-0.347448
-0.908387
-0.423466
0.255508
1.162273
0.602823
0.152009
0.798117
0.225471
0.500625
0.982741
0.405542
-0.230872
-0.474786
-0.182561
-0.124136
-0.270694
-1.138586
1.467410
2.488230
-0.532198
0.508354
-1.225151
0.672384
1.092200
2.453230
0.207087
-0.655304
-0.933765
-0.712171
-0.144094
0.970063
-0.360682
0.709960
1.651040
0.628188
0.114573
0.580779
-0.026152
0.079283
0.213981
0.116900
-0.561250
-0.284837
-0.632873
-0.315230
0.250919
-0.304407
0.690867
0.508828
0.638255
0.051979
-0.648970
-0.689454
1.321333
0.709889
-0.843755
-0.403634
0.952624
0.282716
-0.085594
-0.256495
0.026693
1.012897
-0.176853
0.609016
1.192600
1.078358
0.742241
-0.639606
-0.478943
-0.560686
-0.323368
-0.707950
0.071953
-0.184599
-0.358085
-0.223284
0.668437
-0.368129
-0.551620
-0.510897
-2.167198
-1.195887
0.030787
0.193687
-0.098691
-0.462118
-0.885328
-0.491716
0.749412
0.970395
0.687255
0.711061
0.160839
0.161359
1.153240
1.716319
-0.773985
1.653388
-1.601340
0.086803
0.316439
-0.515125
0.230321
-0.519206
2.227731
-0.125546
0.058366
0.330194
0.364207
-0.098937
0.036951
0.082371
-0.314442
-0.100694
0.764461
-0.537713
-1.004043
-0.901751
-0.465251
-0.236967
-0.672227
-0.770988
0.248997
1.479093
0.240597
0.570649
0.183747
-0.079576
1.022319
0.628438
-0.479833
-0.544563
-0.495269
-0.257020
-0.848194
-0.305916
0.524302
0.837985
0.427629
0.248839
-0.757982
-0.008381
0.346277
0.320154
0.654910
1.153701
-0.639601
1.521376
-0.092925
-0.110795
0.714913
1.242649
0.928351
-0.101731
1.387899
0.520601
-0.128263
0.782838
2.861058
-0.319862
-0.250265
-0.200096
-0.685288
-0.558163
-1.138438
-0.072263
0.478022
0.396350
0.660536
1.224396
0.541376
1.130033
-0.447873
-0.925428
-0.505690
-0.492797
1.078105
-0.404922
-0.542427
-1.354277
-0.355959
-0.592324
-0.483066
-0.331574
-0.150638
-0.966278
-0.201745
0.337016
-0.659528
0.344057
0.096857
-0.195056
-0.170538
0.835634
1.311406
0.866145
0.048015
-0.969703
0.166191
-0.240806
-0.344387
-0.283326
-0.441926
-0.565226
0.264338
-0.661072
0.920162
0.837386
1.513438
0.103459
-0.820128
-0.085189
0.710931
-0.455958
1.311700
-0.862018
-0.702844
-0.678574
-0.611180
-0.539393
-0.579344
-0.616567
-0.446126
0.053392
-0.913402
0.237924
0.711286
0.563234
0.770958
-0.158576
0.132981
-0.732390
-0.862529
-1.101197
-1.057212
-0.416962
-0.056959
-0.086801
-0.362857
-0.427953
-0.246389
-0.370490
-0.745063
-0.355672
-0.035989
1.349072
0.093652
0.790900
0.149629
-0.334503
0.596798
-0.031947
0.912759
-0.650130
-0.520167
0.477948
-0.555810
-0.314694
0.856802
-0.472258
-0.345851
1.034894
-0.410528
0.053708
0.804380
0.708908
3.515395
0.518222
-0.408782
-0.553641
-0.409018
0.374418
-1.106901
0.340663
0.376179
1.597673
-0.234815
0.687271
0.386928
-0.714840
0.411653
-0.486535
0.312998
1.051859
2.497223
0.676430
-0.302483
0.131454
-0.270560
-0.069176
0.061879
0.096897
0.830796
-0.398026
0.052471
0.397637
-0.572673
-0.525029
-0.366766
-0.620035
-0.411987
-0.261625
0.087800
-0.085581
-0.155081
1.759149
0.039450
0.298904
-0.060044
-0.046215
0.044845
0.113344
1.719010
-0.466787
1.073017
0.765524
-0.383101
-1.209118
-0.704957
-0.179750
-0.080210
-0.204373
-0.196113
-0.527379
-0.348251
-0.225233
-0.351476
-0.256248
0.469645
0.691574
0.477672
-0.031548
-1.332655
-0.172329
1.014982
0.585465
0.954357
-0.051413
0.429592
1.203078
-0.638275
-0.682519
1.308700
-0.503365
-0.797710
1.357635
0.085792
-0.515443
0.274533
-0.174324
2.439692
-0.167267
-0.118816
0.723532
0.147364
0.284339
-0.035357
0.511076
-0.429538
0.196338
-0.367549
-0.427952
-0.731282
-0.545240
-0.353123
0.835473
1.312032
0.382191
-0.388289
-0.666701
0.550819
-0.836584
-0.851131
0.070914
-0.339446
-0.381665
0.304829
0.769904
0.114180
1.000544
0.455844
0.988495
0.428586
-0.381827
-0.504182
2.680478
0.878526
-1.595988
0.209484
1.416090
-1.074175
-0.356276
1.442801
0.179380
-0.573043
1.157687
0.110695
-0.721067
-0.604256
-0.610859
0.021133
0.260011
-0.022648
-0.267217
-0.601380
-0.166701
-0.207566
-0.528193
-0.183140
-0.497799
-0.507142
-0.634894
-0.267112
-0.896455
-0.014496
1.063901
1.627471
1.074659
-0.674809
-1.629744
-0.673250
-0.731826
0.473547
-0.683804
-0.484082
-0.588793
-0.322704
-1.001858
-0.069057
-0.761714
-0.516235
-0.640635
-0.589868
-0.454925
-0.187398
-0.498197
0.214089
-0.001880
-0.047026
1.470102
0.597212
-1.750992
1.163725
-0.481498
-0.516714
-0.252989
-0.970364
-0.371647
0.204796
1.542610
0.329043
-0.212474
-0.701799
-0.125037
1.727070
-0.707525
1.360714
0.975548
0.495064
0.925665
0.261947
-1.291208
-0.196571
-0.527119
-0.411245
-0.714291
-0.828299
-0.875883
0.501477
-0.382377
0.377316
0.723640
0.073904
-0.817662
0.156612
-0.102514
0.514248
0.227766
0.706520
1.172664
0.783746
0.317326
-0.046834
0.309683
-0.550694
-0.678726
-0.701395
-0.463517
-0.767072
-0.435300
-0.148837
0.206556
0.025019
0.978517
-1.404508
-0.039015
1.913216
-0.757136
0.059570
0.651438
-0.441346
0.791695
0.531527
-0.806502
0.336624
0.627736
1.508490
0.253552
-0.614918
-0.773304
-0.667517
-0.400592
2.246644
0.151981
-1.123640
0.813877
-1.440557
-0.823394
-1.408386
-0.672502
0.077315
1.896134
0.009773
0.362769
-0.041742
0.063748
0.940849
0.032246
0.534033
0.254591
0.957909
1.111987
0.021311
1.620130
0.436337
1.404504
0.666702
-0.039853
1.182227
-0.775322
-0.148008
-0.006777
-0.368280
0.231612
-0.114990
-1.100359
-0.258002
-0.825509
0.696242
-0.841459
-0.612114
-0.397350
-0.680649
-1.375543
-0.030450
1.442289
0.021723
-0.133365
-0.207734
1.499738
0.057099
-1.233629
0.317012
-0.251138
-0.070918
1.700800
-1.150691
-0.909731
0.160759
1.017561
-0.246685
0.776935
0.526213
0.592007
0.040897
0.670082
-0.039034
0.061356
0.611604
0.243884
-0.666197
-1.264900
-0.461297
0.259450
-0.481754
-0.278406
-0.209893
-0.782826
-0.255660
-0.248154
1.656535
0.410827
-0.358011
-0.808114
-0.612458
-0.364929
-0.671699
-0.177554
-0.605690
-1.276955
-0.587354
-0.474902
-0.297497
-0.226743
0.635532
1.139545
0.565906
0.031945
-0.102749
0.503285
-0.093885
-0.607421
0.027079
-0.913044
-0.030839
1.894170
1.095397
0.833067
-0.133068
0.439408
2.294375
-0.940061
-0.812215
-0.333788
0.002644
-0.230029
-0.492691
0.097462
0.485835
-0.866911
0.135937
1.294229
0.669095
1.293063
0.289923
0.440073
-0.331327
0.459324
0.941251
-0.360536
0.160488
0.038332
-0.127414
1.324485
0.458083
-0.205643
-1.548616
1.440369
-1.067128
-0.558855
-0.758900
-1.002210
0.817875
-0.162896
-0.523662
0.759104
0.069086
-0.643864
1.607769
-0.243284
-1.290742
-0.296478
-0.576596
0.062911
-0.269497
1.116773
1.270384
-0.070805
-0.107220
0.334837
1.485424
0.878338
-1.232190
0.847483
-0.457323
-0.869091
-0.502695
-0.423982
-0.450670
-0.282788
-0.087972
-0.221264
-0.447595
-0.900772
-0.349067
-0.420646
-0.484026
-0.371720
0.926670
-0.474547
-0.356671
1.764936
-0.438005
-0.981021
0.183746
-0.043502
-0.084684
-0.687517
2.547144
-0.109897
0.459581
-0.376824
1.197172
-0.763133
-0.759867
-0.586406
-0.867466
-0.101368
1.122441
-0.964915
-0.451494
1.309390
-0.144446
-0.228481
-0.165566
-0.489940
-1.290461
-0.318072
-0.831632
-0.059162
-0.871398
0.661420
0.311039
0.613585
0.485266
0.840604
0.489484
1.002069
1.062208
0.822142
-0.771975
-1.015903
-0.818236
-0.460922
-0.388655
-0.502290
0.011574
0.065433
0.019906
-0.593336
-0.227549
-0.667871
0.484961
0.650394
0.463033
-0.108603
-1.016976
-0.079340
-0.066966
1.812626
-0.127981
-0.506371
-0.765273
-0.034789
0.658413
2.072910
1.183651
-0.145681
-1.500354
0.706845
-0.052057
0.092353
-0.244691
-1.001943
-0.180308
1.173237
-1.119684
-0.018399
1.266085
0.789181
0.971318
-0.332217
2.274039
-0.231300
0.640378
-0.502157
-0.767257
0.205167
0.192480
-0.285027
-0.435559
1.181440
0.122782
-0.648438
1.229265
0.185118
-1.172428
-0.274562
-0.638983
-0.480515
-1.211716
3.165382
-1.080486
-0.441202
-0.278252
-0.416202
-0.601237
1.736219
-0.286571
-1.136567
0.660406
0.318157
-0.276949
-0.748059
-0.732269
-0.375779
-0.237544
-0.448688
-0.343492
-0.226799
-0.239028
0.448910
1.326766
0.349247
-0.080762
-1.490756
2.259474
-0.685481
0.265469
1.428491
-0.355303
0.178379
-0.856499
0.981257
-0.631541
-0.537040
1.332756
-0.283533
-0.763278
0.484182
0.180524
0.114874
-0.452311
-0.246060
1.362060
-0.844652
2.236524
0.584545
1.315401
-0.068983
-0.563097
1.419103
-0.637267
0.927853
0.361545
-0.212132
-0.242259
-0.863286
-0.421707
-0.796027
0.088161
-1.058605
-0.300058
0.165097
1.575928
0.645712
0.043607
1.287452
0.784864
