-0.153656
-0.000670
0.460239
-0.638012
0.641020
0.385462
-0.354668
-0.126194
-0.650018
-0.650368
-0.517701
-0.401238
0.074469
-0.293453
-0.254296
-0.663387
-0.264723
-0.740151
0.053604
0.285458
-0.188290
0.181135
0.113426
-0.009488
0.092598
-0.348014
-0.130255
-0.544424
0.279752
0.550320
-0.386032
-0.083005
0.493703
0.338293
0.316534
-0.836071
-0.007427
0.210054
-0.535318
-0.450504
-0.804222
-0.339450
-0.076224
0.312195
-0.068862
0.130660
0.353463
0.238898
-0.100106
-0.306465
0.269305
0.483048
-0.086298
0.362311
0.301435
-0.719644
0.079025
-0.332369
-0.246809
-0.132126
0.718577
-0.277479
-0.080938
-0.394497
0.910688
-0.033594
0.756276
-0.646155
-0.237692
-0.248511
0.619704
-0.439828
-0.076296
-0.108907
-0.286140
-0.079729
-0.721590
-0.180277
-0.478332
-0.034879
-0.330982
-0.295499
-0.556277
0.418843
-0.299029
-0.723049
0.367559
-0.353507
-0.211310
-0.029938
-0.643466
0.409115
-0.351401
0.124659
-0.274399
-0.253100
0.298962
0.130180
-0.484630
0.467113
-0.731581
0.165151
0.526569
0.872597
-0.229777
-0.206948
0.498411
-0.480989
-0.459515
0.315819
-0.441521
-0.323715
-0.293170
-0.602088
0.289424
-0.407288
-0.413087
-0.714338
0.376950
-0.376410
-0.341478
-0.477120
-0.026331
-0.479109
0.383013
0.172126
-0.546454
-1.025874
0.615061
-0.238736
-0.605028
0.331558
0.211283
-0.253574
-0.367529
-0.140121
0.266392
-0.761545
-0.401980
0.438087
0.305697
-0.313323
0.209904
0.593842
-0.291049
0.418681
0.594661
-0.260496
-0.706043
0.532671
-0.095383
-0.316182
0.105822
0.056593
-0.437550
0.252459
-0.910290
-0.489729
0.244502
0.082283
-0.766186
0.019777
-0.654666
0.064374
-0.116419
-0.112783
-0.241939
-0.074693
-0.497761
0.409387
-0.438426
0.111809
0.045846
-0.640180
0.400716
0.000805
-0.088044
-0.475112
0.817802
-0.268795
-0.520996
-0.164578
-0.260229
0.451272
0.404946
-0.358079
-0.541117
-0.209028
-0.216020
0.430735
-0.270176
0.209999
-0.151695
0.372815
-0.728666
-0.204590
0.537556
-0.560682
0.386420
0.256263
-0.486461
-0.769213
0.553476
0.085146
0.263081
-0.156566
-0.198073
-0.250937
-0.177380
-0.887381
0.341583
0.375944
0.222431
-0.354935
0.406998
-0.471601
0.140177
-0.265069
-0.286856
0.084802
0.365704
0.102411
0.389922
-1.060329
0.554106
0.235621
0.340803
0.240059
-0.734274
0.509921
0.062288
-0.386475
-0.703764
0.060311
0.325310
0.377823
0.103974
-0.530218
0.227169
-0.607063
0.489578
0.005342
0.438790
-0.511397
0.525682
0.089029
0.551031
-0.780533
0.396577
-0.215217
0.008205
-0.160417
0.532405
-0.127164
0.409345
-0.461723
