0.230777
-0.043227
-0.096967
0.066703
-0.430605
-0.030507
0.444631
0.302982
-0.605292
-0.581733
-0.555167
-0.279841
-0.609923
0.040566
0.485372
-0.130791
0.769737
0.332163
0.396360
0.800395
0.212883
-0.102227
0.423839
-1.348557
0.101872
-0.002366
0.237397
-1.266971
0.049304
0.345573
0.260776
0.597951
0.686924
-0.581809
-0.627779
0.341782
-0.365927
-0.434272
0.785167
-0.762718
-0.053821
0.672534
-0.003917
-1.009408
0.766401
-0.247877
-0.152858
0.983052
-0.784062
-0.359543
0.603413
0.199824
-0.270414
-0.483703
-0.060121
-0.028788
-0.001854
0.284301
-0.885046
-0.095656
-0.274429
0.455649
0.485630
0.406407
