-0.684805
0.353370
0.488277
0.296000
0.295592
0.273644
0.466434
-0.316540
-0.207468
0.219871
0.023484
-0.523462
0.161018
-0.585360
0.486312
0.309013
0.282638
-0.789221
0.411009
0.158970
-0.701234
-0.578751
0.233115
0.189512
-0.062327
-0.136424
-0.020733
-0.360388
-0.250562
0.278126
0.426141
0.253481
-0.082709
0.025341
0.241948
-0.332560
-0.793483
0.492604
-0.948630
-1.051640
0.501459
-0.559103
-0.699762
0.026107
-1.028971
-0.168570
0.100557
-0.416431
0.435686
0.152749
0.535350
-0.853948
0.383358
0.203022
0.428383
0.440997
0.193756
-0.525522
-0.098061
0.358549
0.487744
-0.529865
-0.350749
-0.997212
0.007996
0.105531
-0.369149
-0.260751
-0.940811
0.420558
0.228354
0.430668
0.495370
-0.446528
0.418310
-0.112712
-0.055004
0.381130
-0.660708
-1.014241
-0.872910
-0.105751
-0.480031
0.238802
0.048924
-0.940554
-0.187117
-0.326584
-1.023194
0.201974
0.353025
-0.172958
-0.477023
0.043849
0.136026
-0.602261
0.133097
0.086663
-0.455858
-0.549686
0.569746
-0.342864
-0.931016
0.326965
0.499398
0.381831
-0.869055
-0.357336
-0.541272
-0.345284
-0.217958
-0.032411
0.314521
-0.719366
-0.710804
0.479792
-0.195205
-0.060194
-0.146600
-0.411864
-0.800973
0.086191
-0.055443
0.244653
0.431790
0.056480
0.296196
0.366383
-0.008752
-0.022496
-0.733660
-0.110473
-0.308037
0.282808
-1.019090
-0.633603
0.143630
0.157287
0.431171
-0.447901
-0.927413
0.309133
0.502808
-0.125518
0.213395
-0.051691
0.072120
0.796448
0.022476
-0.132348
-0.339580
0.178604
0.196759
0.381301
0.392429
0.619537
-0.330239
0.227212
-0.907137
-0.787564
0.311454
-0.296093
0.005033
0.026368
-0.043251
0.451561
0.233970
0.160714
0.208876
-0.641396
0.190908
0.237659
0.184387
-0.495339
-0.089843
-0.602066
0.590833
-0.450360
-0.526306
0.057204
0.363171
-0.914452
-0.222705
0.453673
-0.434033
0.878434
0.734847
-0.141723
-0.351031
0.605864
-0.445807
0.652863
-0.124854
-0.089937
0.320422
-0.308152
-0.306158
-0.657947
-0.168252
-0.481931
0.333757
-0.105075
-0.434382
-0.211556
0.002632
0.384067
-0.526844
-0.126353
0.143620
-0.616842
-0.562451
0.395481
-0.284215
0.252714
-0.222509
-0.490373
0.464819
-0.467936
-0.976120
-0.398863
-0.419418
0.091367
-0.246230
-0.981350
-0.640958
0.492437
0.437045
-0.896619
-0.026032
-0.059887
0.279101
-0.708493
-0.870404
0.371508
0.542690
-0.393897
0.347013
0.584394
-0.293160
-0.075386
-0.117231
-0.321205
-0.056140
-0.832788
0.050282
0.126954
0.378021
0.415455
0.250512
0.502065
-0.413585
-0.584652
-0.082402
-0.232764
-0.582244
-0.633104
