-0.119618
-0.101792
-0.089653
-1.046828
0.075818
-0.054551
0.062444
0.143329
0.066843
-0.498609
-0.782827
-1.582309
-0.069297
0.965079
1.377284
-1.313423
-0.211109
0.081243
-0.011250
0.102035
0.259583
-0.051084
-0.428849
0.074267
0.029939
0.139755
-0.015798
-0.196380
-0.650384
-0.290161
0.082047
-1.143770
-0.018739
-0.030064
0.241899
0.345195
0.043012
-0.863755
-0.194911
0.144494
0.014962
0.750496
-0.576038
-0.454072
0.043149
-0.001578
0.626151
-0.163008
-1.184058
-0.060299
0.173156
-0.015309
1.595558
-0.745529
-0.101239
1.357862
-0.102344
-0.120439
0.229790
0.177232
1.447139
-0.186209
-0.201252
-0.346503
-0.777803
-0.069462
0.990175
0.439432
-0.387768
1.391393
1.027080
-0.776999
0.474247
0.773497
0.902199
-0.546111
0.024463
-0.024475
-0.683565
0.128377
0.974558
0.182263
0.265399
-0.024939
-0.000150
-0.534430
-0.242775
0.398385
-0.183300
-0.011479
0.365482
0.225741
-0.061746
-0.771551
-0.473779
0.288631
0.313526
-0.087667
-0.261795
-0.754991
-1.026609
-0.767239
0.071797
-1.722410
0.409151
-1.250240
0.002691
-0.290154
0.428245
-0.253452
-1.381513
0.038990
-0.137054
-0.275543
-0.003627
0.797554
-0.663958
0.146185
-0.268567
0.494647
1.531236
0.825054
-0.569523
0.010439
0.137398
-0.041392
0.584370
-0.335723
0.064324
0.058502
-0.154937
-0.640247
1.603651
0.239270
1.081347
0.028421
0.037131
-0.148932
-0.268411
0.234545
-0.696255
-0.920626
-0.184927
-0.909932
-0.099153
-0.120119
0.243012
0.212985
-0.722857
-0.320557
0.936636
-0.292296
-0.573609
-0.125139
0.039837
0.155698
-0.635621
-0.845415
0.226567
1.289974
-0.240961
-0.339252
0.051784
-0.139742
0.169447
0.303845
-0.214934
-0.102007
0.629974
0.323734
-0.178188
1.505244
-0.758988
-0.561131
0.564319
0.516914
-0.176274
-0.676673
-0.072352
0.160479
0.209726
2.100856
0.322248
-0.513374
1.337488
-1.059966
-0.985097
0.358457
0.519315
1.218113
1.225454
0.262615
-0.177804
-0.444404
0.253194
-0.317072
1.530121
1.437334
0.325634
1.096489
0.079197
-0.715724
0.318973
0.633428
-0.248447
0.387035
-1.175845
1.602993
-0.883413
0.942849
0.129565
0.250389
0.445351
-0.214597
-0.104430
-0.218409
-0.077619
0.032639
-0.433517
0.225312
-0.169680
-1.067842
-0.176002
1.178977
0.031141
-0.143301
-0.082525
-0.592333
-0.815709
-0.186624
-0.251649
1.513216
-0.086385
-0.732038
-0.068478
-0.090273
-0.070537
1.438554
0.876270
-0.499398
0.214717
-0.328963
-0.340947
-0.034204
1.118515
-0.007529
0.951298
0.562523
1.114051
-0.350381
1.022290
0.476359
0.360778
0.222960
-0.325985
-0.927821
