-0.322338
1.167510
0.145298
-0.591367
0.594057
0.412281
-0.520109
0.268347
-0.232791
0.426210
-0.237069
-0.529949
0.319972
-0.138401
-0.021173
-0.072992
-0.356098
0.820339
0.155489
-0.127299
0.577593
0.613570
-0.171907
-0.432968
0.353008
0.354902
0.411931
-0.131598
0.321147
0.242543
0.383541
-0.040066
-0.063878
0.366220
-0.084139
-0.348673
-0.477187
0.095096
0.430715
0.428589
0.378114
0.049499
0.578979
-0.257231
-0.354358
-0.331742
0.390967
-0.416030
-0.184981
0.347056
0.438352
0.077891
0.391181
0.439560
0.266082
-0.254592
0.347629
-0.175018
0.357295
0.552931
-0.428155
0.336128
0.449755
-0.254550
0.837694
0.236477
0.518027
-0.126504
-0.088014
0.126542
0.060446
0.538214
0.648138
0.298880
-0.378350
0.326056
-0.534567
-0.484713
0.550508
0.331222
0.450600
-0.076213
-0.502650
0.553533
0.405050
0.154649
-0.269085
-0.447317
0.309820
0.492379
0.157147
0.645363
0.509685
-0.197051
0.735809
0.024964
0.676273
-0.418132
0.057651
-0.098556
-0.211207
0.108824
0.865357
0.359990
-0.427539
-0.145249
-0.580246
0.483361
0.219928
0.182023
0.220714
0.195388
0.321410
0.293597
0.502661
-0.580685
0.037113
0.417807
-0.344401
-0.079873
0.288393
0.053553
0.209047
0.717747
0.475774
0.382587
0.351259
0.700833
-0.335621
0.648941
-0.072575
-0.713530
0.243494
0.665221
0.283396
0.365702
0.371337
-0.510188
-0.051417
0.354687
-0.317818
0.522470
0.430415
0.364505
-0.113721
0.806022
-0.118057
-0.209140
-0.499280
0.359944
0.370780
0.310861
0.372624
0.315420
-0.111333
-0.081491
-0.849667
0.552645
-0.349851
-0.216549
0.371967
0.410644
0.271816
-0.197783
0.396648
0.276396
-0.522814
0.447248
-0.536230
0.208215
0.308191
0.467336
0.462694
-0.074539
0.798815
-0.100850
-0.301387
-0.189572
0.219886
0.009111
0.398668
0.959338
-0.284122
0.843787
0.147090
0.683160
0.704668
-0.520125
-0.108041
-0.376572
0.286664
-0.123943
0.266572
0.256879
0.370948
0.282346
0.827701
-0.354793
-0.597440
-0.328046
0.202276
-0.441429
0.155836
0.315183
0.344451
0.483559
0.068214
0.835316
0.296869
-0.228024
0.305784
0.204320
-0.321015
-0.158816
0.269211
0.366758
-0.796662
-0.198475
0.549395
0.556127
1.028538
0.463762
0.441597
-0.150001
0.574614
-0.023461
0.366167
0.069570
0.028483
0.325121
0.178649
0.522893
-0.053609
0.302596
-0.258493
-0.326984
0.392707
0.366204
0.584559
0.339002
0.272990
-0.418377
0.810123
0.147400
-0.369945
0.377517
-0.321588
-0.095361
-0.208595
0.103791
-0.600408
0.820175
-0.133878
0.546006
0.472558
-0.033989
