0.715891
0.025415
-0.339407
-0.132962
-0.384776
-0.859427
0.580523
1.123034
-0.456135
0.227446
0.187752
0.526735
1.383715
-0.622511
-1.043082
0.557774
0.806683
0.730570
-0.359429
0.599291
0.087956
-0.518412
0.733932
0.598626
0.096018
-0.056182
0.213698
-0.031866
-0.123658
0.215482
0.245082
0.363780
0.361855
-1.249026
0.881505
0.026947
0.201783
0.414234
0.096853
0.470160
-0.739798
0.146887
0.159464
-0.149891
-0.526070
-0.152585
-0.073409
0.664854
1.455727
-0.671224
0.513585
-0.304495
0.835798
0.074807
0.176935
-0.036878
-0.830307
0.267881
-0.290295
0.313365
-0.968219
0.046619
1.003649
0.286124
