0.160224
0.335918
0.424164
-0.077597
0.130219
0.038298
0.317285
0.205190
-0.445354
-0.102872
1.324029
-0.233769
0.726467
-0.007998
-0.384778
0.115156
-0.415320
0.258213
0.970779
0.151596
-0.157776
-0.126830
0.022884
-0.058735
0.912745
0.765902
1.286942
0.065846
-0.577816
-0.075179
0.598016
1.169038
-0.132313
1.485465
0.103721
0.233984
-0.181066
-0.072110
-0.078852
0.489938
0.552169
0.571643
0.174483
0.291697
0.049991
0.149230
-0.212045
-0.020434
-0.041942
1.109231
0.023062
0.420661
0.120319
0.258707
0.887793
-0.057013
0.665443
0.110118
-0.361815
1.112447
-0.593578
0.042960
-0.026720
0.134460
-0.079486
0.673796
0.403980
0.292752
-0.613311
0.498655
0.153781
-0.340540
-0.101895
0.416594
0.288848
0.130323
-0.127803
0.105099
0.231453
0.227852
-0.156273
-0.044658
0.328576
0.017608
0.025867
0.191439
0.776592
0.022151
0.050707
0.932213
-0.232103
0.071483
-0.109571
-0.184098
0.253561
-0.079749
-0.289980
0.237725
0.886612
0.736280
-0.353566
0.865388
-0.079456
0.948570
0.308540
-0.037731
0.031574
-0.167578
1.310815
-0.042541
0.112209
0.313179
0.005942
-0.057864
-0.100879
-0.205070
-0.057688
0.434582
0.224262
1.527312
-0.179595
0.259922
1.013742
-0.617075
-0.065319
0.801229
-0.146964
-0.278108
0.150711
-0.009039
0.461126
-0.000916
-0.092801
-0.213918
0.114622
-0.380192
0.093420
0.509452
1.270504
0.037817
0.217482
0.001814
0.648227
0.333884
0.610080
0.219289
-0.205110
-0.214408
0.064217
-0.148630
0.262747
0.012721
0.076067
-0.521365
0.136376
-0.133289
-0.158278
0.575247
0.191178
-0.311018
-0.023401
-0.448952
0.055632
0.019529
-0.152874
0.113696
0.181741
0.358780
0.406635
0.362498
-0.040809
0.003643
1.253656
-0.738744
-0.102919
0.446753
-0.451279
-0.168420
-0.364504
1.153672
0.019958
-0.067752
-0.242780
0.295700
0.497515
0.815179
-0.501822
-0.245174
0.013968
-0.180261
-0.081368
-0.188708
0.240189
1.086890
0.791309
-0.360694
-0.147982
-0.087138
0.122748
0.323743
-0.749310
-0.182152
-0.439490
-0.009534
0.394570
1.549126
0.343814
0.251842
-0.006993
-0.171118
-0.052913
0.271346
0.710938
0.080934
0.066036
0.047620
0.091894
1.278290
0.183913
0.984569
-0.728881
-0.788205
0.011744
0.202636
-0.555611
-0.227881
0.919468
-0.099405
0.087599
-0.716550
-0.502112
0.961501
0.064707
0.142595
-0.020734
0.092769
-0.052990
-0.040858
-0.276489
-0.095146
0.309027
0.321770
0.067231
0.223086
-0.284398
-0.071179
-0.262098
0.030067
-0.009835
1.386472
-0.025296
0.242500
0.028028
-0.392034
-0.058280
-0.038307
