0.459969
-0.719237
-0.768744
-0.692629
-0.066629
-0.094679
0.497274
-0.312253
0.543597
0.521474
-0.370386
0.570190
0.491734
1.031637
-0.383404
0.504860
0.935764
0.262601
0.490622
0.563984
0.043623
0.615088
-0.403415
0.617241
-0.480096
0.066951
-1.080230
0.467820
0.083123
-0.111388
0.464149
0.509920
0.286637
0.050572
-0.332452
0.512491
-0.051628
0.475089
0.449317
-0.855520
0.492002
0.357938
0.187884
-0.015098
0.525204
0.584211
0.076845
0.054336
-0.191312
0.321618
-0.442714
0.633445
0.295456
-0.182659
-0.613888
0.520283
-0.315236
0.639985
0.591317
-0.175815
0.288447
-0.918342
0.584466
0.818176
0.209425
-0.206980
0.300556
0.257296
-0.551484
1.180490
0.267926
0.345217
-0.110001
-0.792384
0.602306
0.196005
-0.023327
-0.134959
-0.168154
0.772906
0.484510
-0.003118
0.324705
0.470346
-0.286540
-0.446285
-0.253284
0.406141
-0.531887
-0.655605
-0.319850
-0.253735
-0.199188
0.709321
0.581240
0.150822
-0.033047
0.717083
0.044495
-0.418833
-0.099794
-0.582449
1.004149
0.139960
0.051855
0.178507
0.543262
0.225129
-0.372752
0.117629
-0.261634
0.793461
0.507352
0.237948
0.797608
0.307633
0.038062
0.490231
0.546454
0.023681
0.387537
-0.715974
1.019364
-0.010759
0.245672
0.009530
-0.166587
0.608870
