-0.013795
0.040544
-0.065163
0.015561
-0.025126
0.013311
0.059003
0.051548
0.036481
0.038357
-0.044414
0.130902
-0.002162
-0.005088
0.040138
0.048215
0.006247
0.058002
0.023778
-0.001810
-0.028459
-0.004794
0.050306
0.025158
0.019464
0.003097
0.074693
-0.010925
0.005717
-0.017409
0.040852
-0.005472
0.056151
-0.019705
0.008785
-0.074438
0.071178
0.008298
-0.016070
0.069014
-0.026649
-0.027239
0.021239
-0.058557
-0.002006
-0.069892
0.021705
0.004231
-0.057382
0.004483
0.015652
0.075494
-0.035247
0.016776
-0.051539
-0.076314
0.043421
-0.009778
0.048727
0.024025
-0.060693
0.008172
-0.000292
0.005839
-0.009472
0.038251
0.003124
0.017020
0.002566
0.058796
-0.021620
-0.034692
0.005912
0.041404
-0.005134
-0.001061
-0.008861
-0.021737
-0.002606
-0.001819
-0.044596
0.004526
-0.020215
0.003229
-0.001133
0.028143
0.014508
0.002371
0.003559
0.019721
0.026429
0.008217
0.020767
0.002076
-0.032282
-0.002865
0.027824
-0.010903
0.019593
0.026321
0.038436
0.004645
0.021797
0.010042
0.002194
0.019462
-0.000602
0.029181
0.036672
0.007308
-0.032749
-0.005035
-0.003163
-0.016418
-0.019206
0.002976
-0.003737
-0.014599
0.026766
-0.007366
0.033718
0.000734
-0.012422
-0.018363
0.000592
-0.019469
-0.043427
-0.008791
0.003116
-0.037242
-0.040978
-0.014019
0.063941
0.050133
0.010850
-0.010334
0.027501
0.116492
-0.037760
-0.023344
0.015060
0.082589
-0.096402
0.029995
0.048565
-0.037713
-0.049094
-0.004216
0.016908
-0.016148
0.008223
-0.005012
-0.070573
0.060339
0.012459
0.010904
0.082800
0.112200
-0.021884
-0.037423
-0.061583
0.069085
0.052254
0.128484
-0.006446
-0.019960
-0.028827
0.068956
-0.036709
0.010276
0.074478
-0.017404
-0.006476
-0.013473
0.034270
-0.001636
0.015377
0.041108
0.068033
-0.043931
0.060642
-0.010240
0.088044
0.057297
0.055987
0.039073
-0.011490
0.026922
0.024424
-0.034368
-0.076208
-0.017446
0.001422
0.014595
0.003920
-0.006306
-0.008460
-0.017578
-0.018066
0.004859
0.009696
-0.010705
-0.003676
-0.003932
0.003331
0.002887
-0.006900
0.010049
0.007057
0.000021
-0.010345
-0.013730
-0.014417
0.028780
0.020271
0.002222
-0.006539
0.015061
-0.025857
0.013487
0.005655
0.016105
-0.001019
-0.010438
0.009091
-0.000738
-0.008237
0.034239
0.017197
0.003498
0.014588
0.001954
0.020247
-0.009512
-0.012299
-0.007787
0.012460
0.014405
-0.035692
0.004830
0.004970
-0.007517
-0.005819
0.015196
0.009006
0.007841
0.011818
0.010547
-0.022469
-0.009915
-0.013808
-0.004834
0.030720
-0.005568
0.002673
-0.012332
-0.050649
0.030353
0.003965
-0.037496
-0.019754
-0.075005
-0.003180
0.026603
-0.004004
-0.006637
0.023267
-0.010537
-0.020843
0.037825
-0.045719
0.017697
-0.014886
-0.001402
0.006062
0.003647
-0.082779
-0.001815
0.057077
-0.021922
0.059549
-0.018644
-0.017311
0.051369
0.040921
0.043264
-0.055671
0.022431
0.020236
-0.002495
0.042971
0.009609
-0.048781
-0.018608
-0.081358
0.006578
-0.018076
-0.013174
0.000917
-0.112838
-0.008811
0.031797
0.028638
0.026723
0.000049
0.006048
0.066349
-0.019105
0.041482
-0.007343
-0.016863
-0.022376
-0.019179
0.018275
0.011204
-0.014942
-0.007280
0.048567
0.014860
0.055244
-0.025406
0.032244
0.020539
-0.017634
0.029627
-0.022915
0.039902
-0.013639
-0.028129
0.020728
0.004971
-0.000148
-0.005121
-0.024193
0.021024
0.012548
-0.027500
0.011748
0.003315
-0.035044
0.057879
-0.021863
0.018012
0.003445
0.033235
0.007568
-0.015339
-0.016455
0.003301
0.020221
0.059471
0.007272
-0.027717
0.014244
-0.006727
0.006872
-0.002950
0.003863
-0.034005
0.002894
0.020811
-0.004899
0.028153
0.064637
0.043125
0.035794
-0.021928
-0.010034
0.007293
0.014532
0.002774
0.006039
0.027655
-0.023196
-0.042954
0.010545
-0.006824
-0.051996
-0.003949
0.026803
-0.002416
0.040862
-0.022589
0.000382
0.019227
0.079164
-0.034432
-0.047995
-0.001210
-0.022211
0.070328
0.016581
-0.006333
0.004449
0.012466
0.030891
0.025554
-0.021140
-0.022961
0.034308
-0.027841
-0.024652
0.062467
0.016863
0.085955
-0.019411
-0.002026
0.019225
-0.023468
0.015784
-0.036268
-0.080606
0.058769
-0.024278
-0.002123
0.063432
-0.107402
-0.068337
0.084096
-0.006334
-0.006351
0.001158
-0.027653
-0.041913
-0.001620
0.033993
0.026413
-0.006522
0.051754
0.019914
0.046672
-0.011325
0.042891
0.013634
0.010576
-0.035379
0.012595
0.032383
-0.089235
-0.026746
-0.001759
-0.037469
0.026030
0.052165
0.046093
0.073963
0.037962
-0.019480
-0.039675
0.027233
-0.001416
-0.011038
-0.030685
-0.036729
0.037951
0.015117
-0.008348
-0.007732
-0.024556
0.024808
-0.063478
-0.040283
0.006774
-0.030572
0.011803
-0.055784
-0.023652
0.023600
0.036897
-0.022522
-0.032071
-0.002917
0.016701
0.009534
-0.026546
-0.021326
0.010705
0.040277
-0.024929
0.007900
-0.010480
0.000830
0.034021
0.034837
0.040347
0.007497
0.025030
0.005448
-0.005564
0.050128
0.010825
0.021901
0.020761
-0.015200
0.049044
-0.028906
-0.027973
-0.019211
0.026873
0.001352
-0.024449
0.011207
0.014605
0.013519
-0.045346
0.036379
0.033621
0.053453
0.035325
-0.003060
-0.038152
0.004513
0.016336
-0.008296
-0.003094
0.013230
0.015985
-0.003685
-0.017761
0.008095
0.004100
0.025081
-0.001553
0.014329
0.035047
-0.034179
-0.003279
0.013044
0.007056
-0.020032
-0.019122
-0.018075
0.008228
0.054046
0.017554
0.003154
-0.038529
0.020147
0.003386
-0.005864
-0.022577
0.027675
-0.031234
-0.029801
0.039978
-0.024015
-0.036291
-0.002119
0.004360
0.025357
0.025875
0.012610
-0.016218
-0.005331
0.025987
0.021328
-0.008271
0.009318
-0.004995
-0.010528
-0.006663
-0.017135
-0.003190
-0.022760
-0.014947
0.008582
0.023789
0.003753
0.023674
0.015464
-0.011420
-0.025685
-0.020783
-0.029138
0.009948
0.013642
-0.018166
-0.015568
0.053320
0.005064
0.010742
-0.008649
-0.027528
-0.024561
0.001126
0.048839
-0.017694
0.060201
-0.029493
-0.026751
0.057598
0.062191
0.032666
0.044108
0.016978
-0.011233
0.071843
-0.010618
-0.006250
-0.001723
-0.040076
-0.031475
-0.014137
-0.040111
-0.029636
-0.004413
0.014616
-0.004496
-0.048958
0.033290
-0.003954
-0.029727
-0.015400
0.003799
0.027514
-0.013989
-0.016843
-0.016660
0.012117
0.008306
-0.000300
-0.053138
-0.021032
0.040693
-0.012376
0.102605
0.028112
-0.068495
-0.051586
-0.006486
-0.087884
-0.049876
-0.011687
0.040535
-0.061320
0.049376
-0.009382
-0.009242
0.007566
-0.013304
0.000786
-0.014729
-0.015132
-0.018529
-0.033797
-0.019800
0.013620
0.012637
0.003543
-0.001433
-0.020678
-0.003176
-0.001715
-0.013602
0.018455
-0.008620
-0.015455
0.001833
0.004018
-0.005684
0.018223
0.008137
-0.005392
-0.003132
-0.012210
-0.015018
0.001226
-0.004038
0.014847
0.006654
0.014608
0.011663
-0.004965
0.021909
0.015111
0.005254
0.022482
0.004313
0.018545
-0.033091
-0.020667
0.012303
0.004088
-0.004116
-0.013091
0.026024
-0.015174
0.014230
-0.000708
-0.019577
-0.006010
0.021213
-0.011520
-0.013181
0.026637
0.026463
-0.019076
0.024611
0.013859
0.018849
-0.007362
0.012745
0.007820
-0.015123
-0.040261
-0.021388
-0.038977
-0.014424
0.057749
-0.014762
0.002724
-0.100277
0.015643
0.066195
-0.082482
-0.019326
0.057523
-0.011897
0.014589
-0.007448
0.026194
-0.015689
-0.053977
0.037841
-0.010935
0.021333
-0.025078
0.018478
-0.108105
0.062757
0.080452
-0.040291
0.057177
0.107641
-0.061417
0.042794
0.056141
-0.022237
-0.012490
-0.049929
-0.007328
0.038102
0.025806
-0.057261
-0.053120
-0.029429
-0.005858
-0.064124
-0.020144
0.034814
-0.124352
0.030291
0.019312
0.004632
0.014874
-0.022384
0.042687
-0.070692
-0.055489
-0.012127
-0.058340
0.004929
0.021903
0.014866
0.096108
-0.043180
0.031628
0.015397
-0.000956
0.002984
-0.015926
-0.021225
0.019992
-0.010756
0.015849
-0.004941
-0.008148
0.005230
0.008426
-0.006295
0.013717
0.017440
-0.004925
0.040977
-0.001683
0.010786
0.016938
-0.013179
0.001236
0.014065
-0.024337
0.001772
0.036840
0.012667
-0.000306
-0.014996
-0.011816
-0.010746
0.008418
0.008318
-0.025118
-0.033877
0.018307
-0.007657
0.008192
0.002761
0.000095
-0.003167
0.027895
0.001986
-0.012957
0.001692
0.000573
0.008143
-0.002651
0.013323
-0.005438
0.018873
0.011473
0.009446
-0.016550
0.002581
0.016908
-0.010498
0.037899
-0.028460
-0.026606
-0.000932
-0.013170
0.018224
-0.009012
-0.022437
-0.013166
-0.021111
-0.006760
-0.008217
-0.008229
0.004076
0.018208
0.035718
-0.021281
-0.004991
0.024685
0.018467
0.017081
0.018916
0.014954
-0.003762
0.008234
0.019867
-0.016803
0.047691
0.004195
-0.012334
0.014960
0.036512
-0.018359
0.044402
0.026267
-0.036072
0.050662
0.024684
-0.019649
-0.028085
0.027345
-0.018092
-0.005364
0.039893
0.036781
0.006368
0.018599
0.008939
-0.037936
-0.022641
-0.010072
0.000353
-0.031709
0.021583
-0.000953
0.008367
0.031343
0.008112
-0.066168
0.031255
-0.040084
0.013061
0.038590
-0.016297
-0.017602
-0.015432
-0.030229
-0.003986
-0.007828
-0.076475
0.020999
-0.014181
-0.003843
-0.013663
-0.062836
0.025044
0.005505
-0.031625
-0.061205
0.013045
0.004933
-0.025717
0.080804
0.050678
-0.020720
0.018976
-0.027355
-0.043446
-0.006148
-0.002066
-0.012538
0.013637
-0.059501
0.002157
-0.012381
-0.004961
0.054391
0.007657
0.003864
-0.012669
0.034577
-0.010829
0.061875
-0.048173
0.004985
0.017725
-0.009100
0.004873
-0.052852
0.012659
-0.059262
0.013228
-0.044550
-0.002364
-0.032392
0.033606
-0.065697
-0.010059
-0.006848
0.008691
0.024125
0.027125
-0.006607
0.005792
-0.011265
0.008977
-0.001065
-0.043574
-0.018816
-0.002806
0.000002
-0.042987
-0.041246
-0.021778
0.034575
0.008914
0.007317
-0.030070
-0.016715
-0.029903
0.011407
-0.001248
0.033310
0.007727
0.005439
-0.034225
0.032716
0.014847
-0.010479
-0.016211
0.000612
0.041185
-0.031329
-0.053806
-0.001224
-0.038332
0.040681
-0.021208
-0.004961
0.014449
-0.004799
-0.037384
0.026855
-0.025743
0.005165
-0.005011
-0.015910
-0.008953
-0.013976
-0.008099
-0.007799
-0.007827
0.004882
-0.046977
0.021690
0.014953
-0.019944
0.011303
0.025370
0.004595
0.028613
0.003591
0.001815
0.001343
-0.057335
-0.019933
0.020141
0.047983
0.011998
-0.028174
0.062980
0.003862
0.009528
0.023338
-0.005475
-0.011089
-0.032071
0.010557
0.035213
-0.009530
0.021441
-0.002427
-0.013172
0.014389
-0.002734
0.024773
0.006540
0.016577
0.011818
-0.071293
-0.014753
0.003492
-0.011601
0.000072
-0.030158
-0.017799
0.007384
0.043180
0.024000
0.010679
0.025362
-0.057583
-0.011562
-0.006101
-0.048724
-0.011527
0.010487
0.042706
0.010747
-0.016132
0.046530
-0.012137
-0.017659
-0.005576
-0.062288
-0.015967
0.007652
0.005260
-0.025089
-0.028809
0.019526
0.039068
0.044306
0.020399
-0.010283
0.044346
-0.005639
0.026209
-0.030127
0.007802
-0.052922
-0.000749
0.002439
-0.022193
0.030915
-0.010149
-0.025117
-0.013067
-0.045881
0.016107
0.023716
-0.019472
0.042058
-0.008483
-0.057145
-0.019245
-0.069297
0.007140
-0.037622
0.015672
-0.025748
0.024640
-0.006181
0.037989
0.010312
-0.094702
0.032950
-0.067465
0.074333
-0.068643
-0.010849
0.047501
0.046314
-0.027615
-0.010606
-0.017079
-0.012987
0.012439
0.007782
0.003852
-0.011960
-0.000718
-0.015182
-0.053679
-0.045206
-0.023113
0.001516
0.008184
0.038066
-0.097497
-0.001791
-0.002265
0.053231
-0.031793
0.017533
0.068971
-0.001556
-0.078072
0.024752
-0.002656
0.031101
0.017708
0.051518
-0.006155
-0.014705
0.010146
0.032606
-0.028525
0.051372
0.031662
-0.056417
0.054147
-0.011583
0.038906
0.003584
0.002362
0.056319
-0.080071
-0.036566
-0.076264
-0.000732
-0.020740
0.049373
0.012046
-0.059503
0.012382
0.030378
0.059261
0.042862
0.036180
0.003761
0.022380
0.060633
0.002116
0.014947
-0.029223
0.030095
0.043559
-0.019674
-0.010664
-0.025337
0.044654
-0.049365
0.015956
-0.040222
-0.050106
0.022073
-0.010080
0.018758
-0.047095
-0.028519
0.045060
-0.016795
-0.137212
0.000402
0.026198
0.082346
-0.039400
-0.027218
-0.016226
0.071810
0.021523
-0.020130
-0.083561
-0.000995
-0.040690
0.012878
0.081750
0.064788
0.000032
0.008623
-0.010081
-0.012032
-0.045042
-0.054036
-0.002107
-0.005315
0.009721
-0.066048
0.029290
0.032085
0.005221
0.012740
0.013195
-0.018614
0.008665
0.006215
-0.007952
-0.047878
0.060147
0.052834
0.026748
0.030695
0.007430
-0.000263
0.027864
0.030470
-0.004301
0.012376
-0.000073
-0.023804
0.039425
0.050016
-0.018320
0.007202
0.010952
-0.063102
-0.061660
-0.046515
-0.019807
0.032798
-0.049189
-0.063973
0.003626
-0.051727
0.059616
-0.080230
-0.048719
-0.043197
0.041212
0.005090
-0.037013
0.035880
0.027631
0.063689
0.075869
0.044428
-0.019464
0.006219
0.031690
0.034827
0.044462
0.064722
-0.053110
0.017873
-0.028200
0.007492
-0.010637
-0.022165
0.098384
0.031923
0.037288
-0.023315
0.011635
-0.033640
0.059936
0.020201
-0.020296
-0.031406
-0.013637
-0.043082
-0.028924
0.011627
0.041367
0.013430
-0.025711
0.022254
-0.047147
0.063544
-0.002040
0.030880
0.068730
-0.001973
-0.021487
-0.011862
0.077808
0.003126
-0.007473
0.004179
-0.003588
-0.041995
0.007508
-0.043546
0.003692
0.035662
0.009812
0.016723
-0.035624
0.033405
0.000362
0.040049
0.034587
0.038627
-0.002430
0.069992
0.019435
0.008952
0.013838
-0.008756
-0.002680
-0.061493
0.002532
-0.022382
-0.007500
0.001257
-0.013975
0.043851
0.049526
0.010788
0.022652
0.038284
-0.003896
-0.015709
0.014023
0.002395
0.028096
0.038851
0.055522
0.049678
-0.020306
0.027630
-0.050907
-0.005751
-0.071750
-0.046528
-0.053978
0.049732
0.006935
-0.003605
0.064176
-0.032333
-0.012834
-0.026060
0.048077
0.053855
-0.004967
0.003751
0.012468
-0.010120
0.040282
-0.044468
-0.055954
-0.086963
0.006715
-0.009554
0.066661
0.040150
0.005118
-0.020479
0.031239
-0.028176
-0.040234
-0.048456
-0.023587
0.048905
0.086244
-0.013813
-0.049167
0.064099
0.008574
0.045274
-0.030520
-0.039216
-0.020153
0.001368
-0.042849
-0.015682
0.000229
-0.079673
-0.076298
-0.024027
0.020468
0.013268
0.038244
0.081737
0.040399
-0.032391
0.001619
0.051025
0.032245
0.088203
0.026556
0.012938
0.014613
-0.017801
0.031445
-0.014133
0.018644
0.025922
0.021080
0.033621
-0.009531
0.012140
-0.015096
-0.026544
-0.042307
-0.019505
0.027561
-0.007773
-0.002370
0.007800
0.009738
-0.025632
0.013200
-0.010367
-0.004379
-0.004118
0.011759
-0.009821
0.025630
-0.007993
0.012045
0.035270
-0.004612
0.006295
0.006494
-0.076136
-0.007270
-0.042042
-0.003590
-0.032997
-0.009833
0.029072
0.007912
0.036804
0.017614
0.030418
0.007311
0.007600
-0.024195
0.038716
-0.005422
-0.008148
-0.000379
0.021294
0.007175
0.020766
0.049447
-0.037810
-0.076708
-0.008102
-0.010537
0.042228
0.007202
-0.022515
-0.000694
-0.035547
-0.017118
-0.009378
-0.018556
0.037059
0.028972
-0.020518
0.023775
0.026713
0.004212
-0.027837
-0.026961
0.001923
-0.002138
-0.022545
0.003407
-0.006680
-0.003988
0.005489
0.043798
-0.036563
0.019621
-0.018719
0.021722
0.000227
0.026200
0.023269
-0.010179
0.003571
-0.014658
0.051322
-0.011967
0.003404
-0.007743
-0.020529
0.014616
-0.026239
0.025060
0.007936
-0.012261
-0.038641
0.032724
0.023168
0.031962
-0.027442
0.020180
-0.002304
-0.023004
-0.045316
0.041242
-0.000341
0.026521
-0.009175
-0.020805
-0.039960
0.011195
-0.016967
-0.002955
-0.010020
-0.004784
-0.001237
-0.023783
0.007774
0.015178
-0.018327
0.035571
0.024001
-0.016003
-0.010628
0.010417
0.022396
0.057538
0.014768
0.052165
0.001550
0.035896
-0.069166
-0.040879
-0.013697
0.050310
0.020081
0.023020
-0.070156
0.005254
0.052001
0.014760
-0.055909
0.005508
-0.009748
0.066110
-0.024265
-0.000702
0.003135
-0.027113
0.049744
0.027338
-0.018409
0.006141
-0.014909
0.025704
0.036023
0.014275
-0.031277
-0.012617
0.026483
0.008798
0.006314
0.010178
-0.034176
0.013613
0.008543
-0.054207
0.000799
0.027643
-0.025464
0.063855
0.019310
-0.036821
0.014286
-0.039308
-0.001795
0.037753
-0.012922
0.031287
-0.043590
-0.039979
-0.051597
0.085325
0.007262
-0.023281
-0.007424
0.010619
-0.002721
-0.005049
0.003665
-0.011528
0.017915
0.000373
0.011254
-0.009719
0.010327
0.010533
-0.014538
-0.022677
0.013485
0.002235
-0.006186
0.035972
0.027503
-0.000777
0.016221
-0.000015
-0.006419
-0.021544
-0.006579
0.002977
0.009780
-0.018012
0.002030
-0.015005
-0.028005
0.045479
-0.051022
-0.012939
0.029797
-0.041948
-0.001092
-0.018662
-0.000137
0.003365
-0.003636
0.026516
-0.008253
-0.000430
-0.034818
-0.005282
-0.007285
0.008102
-0.005884
0.015750
-0.032947
0.002937
-0.052669
-0.003460
0.006245
-0.011894
0.026381
0.000283
-0.005596
0.017256
-0.018897
0.000151
0.002973
0.024990
0.028028
-0.035113
-0.092610
0.016119
0.036372
-0.018835
0.038452
-0.008209
0.010484
-0.026483
-0.032528
0.029405
0.081355
0.034775
0.068941
0.052778
0.025876
0.003749
-0.035157
0.029537
0.047465
-0.032882
-0.012426
0.067040
-0.026698
0.002369
-0.018449
0.012020
0.044845
0.004788
-0.003351
-0.024921
-0.018100
-0.004290
-0.007835
-0.051231
0.014598
0.059264
-0.071400
-0.038561
0.049281
0.016117
0.017961
-0.025310
-0.038564
-0.046876
0.036969
0.011368
-0.033116
-0.005308
0.079042
-0.025316
-0.008497
-0.057960
0.018452
-0.039827
0.044012
-0.013852
0.024841
-0.028749
-0.012233
0.034931
0.015134
0.030028
0.009534
0.018128
-0.004645
0.003124
-0.026426
-0.012579
-0.002261
-0.011220
-0.018181
0.006444
0.019230
-0.017107
0.018942
-0.015992
-0.036510
-0.011575
-0.008003
-0.010146
-0.016143
-0.002249
-0.005612
-0.002430
0.027439
0.014561
0.012128
-0.008409
-0.013737
-0.009004
-0.001753
0.012305
-0.010729
0.009274
-0.007063
-0.005893
0.015867
0.020636
-0.015820
0.018550
0.006753
-0.011150
-0.017698
-0.017944
0.003629
0.013978
-0.032067
0.023463
-0.018787
-0.005263
0.032273
-0.022288
0.005987
0.022510
0.027223
-0.001738
-0.004525
-0.015580
-0.028648
-0.016676
0.005041
0.012362
-0.000883
-0.016879
-0.010272
-0.007406
-0.031997
-0.005679
0.001773
0.001833
-0.012215
-0.023598
-0.034680
0.007354
-0.011293
0.043340
-0.033421
0.008692
0.013298
0.025291
0.041367
0.022018
0.032240
-0.044042
-0.011818
0.029159
0.026275
-0.008453
0.039415
0.009143
0.038775
-0.013395
-0.008433
-0.038787
0.009156
-0.019438
0.016680
-0.001270
0.003794
-0.082423
0.021590
-0.042300
-0.020659
0.015217
-0.000321
-0.019594
0.036187
0.018669
0.020550
0.008341
-0.000634
-0.009765
0.028905
0.015782
0.015157
-0.008299
-0.011856
0.002806
-0.000952
-0.034333
0.009421
-0.015436
-0.014572
0.014200
-0.026398
-0.010416
0.003031
-0.029473
0.005024
-0.027227
-0.018015
-0.056594
-0.001135
0.009724
0.005442
-0.018702
-0.009414
0.034347
-0.002064
0.015368
-0.015214
0.017427
0.000480
0.004017
0.011802
0.000129
0.014750
0.025934
0.006214
0.015524
-0.033091
-0.018680
0.038999
0.006204
-0.035208
0.064816
0.004717
-0.031213
-0.056232
-0.018231
-0.017466
-0.042343
0.020236
0.038484
0.018626
0.014356
0.049736
-0.037086
-0.016840
0.015380
-0.009482
-0.038007
0.000388
-0.009164
-0.038957
0.049476
-0.041357
0.019193
-0.024884
-0.025141
-0.016739
0.027170
-0.041699
0.002512
0.008543
0.046598
-0.093426
0.000522
-0.058736
-0.013895
-0.017355
0.010173
0.016188
-0.030655
-0.024692
-0.034555
-0.082387
-0.019040
0.012550
-0.066154
-0.000230
0.023875
-0.027708
0.029691
-0.011126
-0.044304
-0.050343
0.024096
0.007576
-0.003930
0.009682
-0.008993
0.040571
-0.022927
-0.034039
0.010106
0.074737
0.003616
-0.000416
-0.024084
-0.001837
0.016759
-0.002747
-0.011577
0.009801
-0.055131
-0.017225
-0.018691
0.015006
0.014821
0.014465
0.016993
0.024406
-0.008473
0.003180
0.021769
0.023277
0.030673
0.041676
-0.019162
0.007603
0.050177
0.012633
0.065269
0.004989
0.017014
0.001000
-0.033675
-0.063089
-0.020250
-0.036270
0.033501
-0.015481
0.040249
0.043341
0.026806
-0.032856
-0.006818
0.062393
0.007747
-0.029547
0.067864
0.016862
-0.009606
-0.040542
0.040307
0.004713
0.049677
0.008847
-0.029073
0.022803
-0.017846
-0.054559
0.012536
-0.004920
0.042946
-0.045448
-0.011832
0.038244
-0.030542
0.077816
-0.006674
0.067400
-0.043196
-0.117769
-0.025111
-0.000770
-0.009550
-0.007253
0.025453
-0.026425
-0.056340
0.012312
0.015083
0.011962
0.023231
0.037941
-0.012840
-0.012542
0.052534
-0.012119
-0.004139
0.003460
-0.054635
-0.001357
-0.012195
-0.014481
-0.024239
-0.004465
-0.082886
0.046129
-0.026940
-0.061390
-0.011408
0.036120
0.047509
-0.032621
-0.034417
0.023392
-0.025085
-0.028648
-0.034930
-0.003146
-0.106741
-0.019102
-0.063094
-0.026644
0.034292
-0.042479
0.067839
0.008287
0.131252
0.000508
-0.069989
0.030209
-0.002379
0.059815
0.012800
-0.030110
-0.008668
-0.101841
-0.038251
0.040397
0.033312
0.001748
0.014443
-0.002888
0.036776
0.027828
0.059781
-0.042710
0.081820
-0.039594
-0.030803
-0.026313
-0.004501
-0.034587
0.008460
0.096228
-0.011169
0.023334
0.034064
-0.028801
0.040189
-0.044826
-0.004580
0.015154
0.046603
0.060496
0.007031
-0.010629
-0.029830
0.066992
-0.052885
-0.097905
0.085744
0.087923
-0.001131
-0.024089
0.040264
-0.016712
0.007844
0.004755
-0.015570
0.055520
0.039979
-0.023019
-0.043973
-0.009798
-0.008692
-0.017249
0.004414
0.028846
-0.023396
0.056329
-0.020020
0.023875
0.018805
-0.002134
-0.032188
0.043546
0.002334
-0.046238
0.046818
-0.010409
-0.023208
0.019208
0.011764
-0.006292
-0.001997
-0.024444
0.012451
-0.005062
0.015856
0.031453
0.019011
-0.038267
-0.031477
-0.031518
-0.011989
0.042746
0.024972
0.044151
-0.006193
0.044254
0.047040
0.033264
0.050206
0.006437
-0.002408
0.060789
-0.068822
0.009018
-0.019447
-0.012221
-0.001409
-0.030334
-0.023315
-0.048910
-0.031856
0.032610
0.014266
-0.050876
-0.012234
0.037029
0.079971
0.035724
-0.008425
0.031145
0.029022
0.033390
-0.006599
0.003790
-0.058048
0.019559
-0.044706
0.029943
0.049399
0.009053
0.048978
-0.002479
0.039344
0.026193
0.017497
0.022176
0.014554
0.015916
0.017995
-0.015840
-0.054311
0.040371
0.034927
0.048713
-0.009627
0.070248
-0.000927
-0.025195
-0.048707
0.070515
0.045962
0.023095
-0.026996
0.008763
0.022705
0.018001
0.056612
-0.013280
0.016680
0.035267
0.016862
0.059819
0.012493
0.041085
-0.008549
0.025293
-0.021907
0.023735
0.014045
-0.055852
-0.041471
-0.030189
-0.015273
0.050538
-0.034180
0.105976
0.086002
-0.022130
-0.079699
0.086034
0.011599
-0.007203
0.069018
0.049072
0.056107
0.027173
0.028581
0.054961
0.053889
0.033107
0.104564
0.041118
0.090910
-0.029012
0.037856
-0.137425
-0.005335
-0.126720
0.010299
-0.001602
0.049752
0.082996
-0.020500
0.008560
0.032277
-0.058446
-0.074382
0.017856
-0.047434
-0.036051
0.026038
-0.091144
-0.009783
0.017076
0.007912
0.054604
0.024174
-0.066411
0.022473
0.003234
-0.019151
-0.008507
-0.042756
0.024635
0.040180
0.049039
-0.035795
0.092085
-0.054137
0.022689
-0.066205
0.021528
0.009056
0.070248
0.049147
0.037172
-0.038158
0.093267
0.065005
-0.093028
0.092477
0.074471
0.109106
0.078866
0.049772
0.068229
0.021777
-0.009332
-0.008548
-0.027901
0.013988
0.035052
-0.004723
0.026224
-0.020079
0.002997
-0.045825
-0.034384
-0.032153
-0.000813
0.017149
-0.023524
-0.011711
0.032293
0.007878
-0.001622
0.033728
-0.015420
0.008820
-0.002868
0.017323
-0.003307
-0.031628
0.035360
-0.012559
-0.001175
-0.031554
-0.004089
-0.019300
0.008753
0.004573
-0.013799
0.006682
-0.033139
0.022332
0.028415
-0.026053
-0.017160
0.000656
0.001961
0.006397
-0.050679
0.025566
0.022327
0.029382
0.022063
0.003684
-0.024589
-0.049353
-0.009258
-0.004006
-0.035963
-0.010155
-0.011690
0.012653
0.025948
0.000468
-0.004547
0.032513
-0.031153
0.030558
0.001113
-0.006851
-0.043332
-0.015290
0.034201
0.001680
-0.016883
0.029061
-0.045482
0.009560
0.028710
-0.008806
0.022048
-0.034942
0.033607
-0.035243
0.017761
-0.000741
0.010594
0.018249
-0.009135
0.012999
-0.020947
0.018023
0.013967
-0.017087
-0.035799
-0.036170
0.023330
0.022234
-0.008224
-0.003689
-0.003836
-0.022243
0.057741
-0.004351
-0.031967
-0.017178
-0.043145
0.006318
-0.009281
-0.041551
-0.031749
0.006444
-0.005356
-0.038437
0.011683
0.025907
-0.006169
-0.011124
0.022692
-0.021139
-0.030184
-0.030455
-0.046800
0.018549
0.027337
0.031325
-0.011881
-0.027468
-0.005085
0.023771
0.009332
-0.014467
0.007875
0.010939
0.006208
-0.004019
0.014415
0.026131
-0.024027
0.037251
-0.005827
-0.004169
0.026492
0.015597
-0.002265
-0.059589
-0.026004
-0.017970
0.021854
0.033171
-0.004247
0.018374
-0.032782
0.002878
0.034713
0.016953
0.033166
0.001238
-0.041148
-0.011859
-0.019558
0.022011
0.022987
-0.029429
-0.032876
0.019218
0.014908
0.045540
-0.008893
0.028223
0.021444
0.023957
0.028833
-0.020849
-0.020416
0.023000
0.037315
-0.017702
0.030149
-0.046849
-0.022517
0.011269
0.004475
0.010657
0.025300
0.006259
0.043227
-0.012739
-0.032222
-0.016507
-0.018078
0.010212
0.021624
0.025772
-0.028214
-0.026999
-0.009428
0.009508
-0.023727
0.020849
-0.007763
0.000904
0.018207
-0.005383
0.048197
0.003501
-0.011303
-0.027083
-0.024456
-0.013635
-0.057806
-0.020984
0.030298
-0.011990
0.000429
0.036567
-0.002609
0.035709
-0.002678
-0.052329
0.049869
0.008176
-0.002642
0.022374
0.010936
-0.013094
-0.016609
0.004782
0.016600
0.001366
-0.000288
0.008993
0.026606
-0.015358
0.052136
-0.037503
-0.013114
-0.005808
-0.060631
-0.005022
0.005857
0.015383
-0.021675
-0.011465
0.011507
0.017346
0.067787
-0.019210
0.016850
0.008763
-0.024977
0.000880
-0.058948
0.018195
0.021335
0.016116
0.001513
0.031597
0.003250
0.014007
-0.021980
0.025150
0.056346
-0.035452
-0.040501
-0.021316
-0.044140
-0.006936
-0.021368
0.021627
0.049026
0.033089
0.009152
0.056418
0.036911
0.038002
0.007840
-0.042582
-0.039546
0.008791
0.023818
-0.051872
0.064836
-0.034271
0.000136
-0.028483
0.069321
-0.000683
-0.005592
0.041831
-0.042671
-0.029231
0.077006
-0.016457
-0.003033
-0.021232
-0.034893
-0.004096
0.034709
-0.024868
-0.002574
-0.061272
-0.021710
-0.013471
0.009764
0.002538
-0.060263
0.028198
-0.037711
-0.016093
-0.013708
-0.057997
-0.033762
-0.028836
-0.032469
-0.028633
-0.034310
0.078001
-0.010685
-0.046434
-0.017138
0.019839
-0.014707
0.028847
0.020148
0.049416
-0.035957
0.058672
0.006326
0.003535
-0.037339
0.000229
0.027948
0.079628
-0.008372
0.027703
-0.014822
0.006777
-0.040353
-0.016531
-0.055517
0.036111
0.028522
0.100789
-0.054468
-0.015011
-0.054597
-0.001477
0.042554
0.001448
-0.010018
-0.018900
-0.031745
-0.035021
-0.032133
-0.028916
-0.078810
-0.065252
0.024196
0.024482
0.016936
0.008944
0.024280
-0.007864
-0.043714
0.070330
0.026147
0.004056
0.020508
0.015306
0.041844
-0.047530
0.011455
-0.001816
0.069455
-0.088521
-0.035745
-0.026171
0.018877
-0.047230
0.127836
0.033209
0.007884
-0.055923
0.038653
0.007165
-0.019723
-0.035995
-0.012348
0.008451
0.005903
0.013375
-0.000809
-0.014674
-0.006069
-0.012684
0.019963
0.002142
-0.001649
-0.021619
0.002141
-0.002101
-0.007539
-0.022428
-0.007834
-0.005459
0.019863
-0.009685
0.006053
0.021483
-0.005284
0.008782
0.001169
0.001762
-0.005226
0.011014
0.008207
0.006994
-0.007792
-0.000389
-0.017677
-0.006730
0.010061
-0.008877
0.009098
0.001012
0.005236
-0.005129
-0.003924
0.003091
0.015555
-0.012134
-0.002832
-0.012317
-0.007359
0.003848
0.001915
-0.015393
-0.009400
-0.001665
-0.012375
0.007782
-0.002510
0.006494
0.001327
0.012357
0.022202
-0.031972
0.004269
-0.003227
-0.002468
-0.028058
0.014058
-0.007249
0.007897
-0.016968
-0.032383
-0.002865
0.010322
-0.000794
0.014866
0.008392
0.020111
-0.024480
-0.001163
-0.000061
0.062658
0.011019
0.009134
-0.012637
0.014191
-0.027586
-0.001396
0.032363
-0.020856
-0.005385
0.023004
-0.004118
-0.038883
-0.003169
0.026205
0.010953
0.009281
-0.021666
0.003963
-0.033329
-0.000375
-0.031574
0.010191
-0.011327
-0.003364
-0.030787
0.006519
-0.031605
-0.022389
-0.025334
-0.013037
0.007080
-0.007262
0.011524
-0.016058
0.012050
0.016643
-0.013867
0.015814
-0.006047
0.008411
0.005986
0.053671
0.012222
-0.032541
0.007976
-0.030474
-0.013132
-0.016179
-0.010287
0.030002
-0.014618
-0.008774
0.020129
0.012438
-0.039957
0.009772
-0.013290
0.083190
-0.034548
-0.032870
0.096544
-0.008997
0.008850
-0.055392
0.042535
0.005798
0.037653
-0.029866
0.067757
0.011448
0.036480
-0.027594
0.007237
0.004134
0.039264
-0.005591
0.022181
-0.035259
-0.012091
0.018753
0.011927
-0.007252
-0.025886
-0.073100
0.023528
0.007765
-0.003560
0.032526
0.052113
0.018282
0.007671
0.052968
-0.000576
-0.011295
0.007312
-0.009255
-0.024288
-0.005791
-0.006013
-0.045395
0.033117
0.011911
-0.049805
-0.034385
-0.056631
0.010196
-0.005734
-0.047686
0.062402
0.001518
0.010293
-0.047472
-0.002932
0.018539
0.014840
0.002088
-0.031321
-0.009323
0.017479
-0.044050
-0.007966
-0.023714
0.026277
0.012239
0.037334
-0.038497
0.006364
0.000517
-0.021574
0.047306
-0.011786
0.009313
0.005046
0.027064
-0.001582
0.004878
0.009387
-0.000152
0.004174
-0.011720
0.003217
-0.031692
-0.008201
-0.022006
0.031099
0.004755
0.007963
0.036464
-0.026613
0.006344
0.018068
0.012817
0.008666
0.035941
-0.010247
0.010123
0.037395
0.002137
0.014277
0.001604
0.016848
0.011725
-0.016564
-0.027039
0.009953
0.015182
-0.019354
0.061132
-0.030008
0.000148
0.005409
0.004156
-0.018557
-0.014706
0.031348
0.034391
0.023818
0.047015
-0.003400
-0.001079
0.059013
0.083022
-0.009413
0.017487
0.043718
-0.006431
-0.015559
-0.000558
-0.048021
-0.004556
-0.068146
-0.007725
-0.022228
-0.006371
0.002247
-0.021082
0.025250
0.014199
0.004123
-0.012411
-0.012470
0.000569
-0.019057
-0.020622
0.029896
-0.008135
-0.025511
0.002988
-0.044666
0.003699
0.012148
-0.012862
-0.045448
0.047795
0.026559
-0.026925
-0.035079
0.032657
-0.006729
-0.029666
-0.058851
-0.035565
-0.053286
0.046379
0.082707
-0.039175
-0.010947
0.016499
-0.034309
-0.000255
0.031915
-0.007189
-0.010041
-0.018519
-0.007393
0.029611
-0.015500
-0.020959
-0.017589
-0.016276
0.012137
0.004154
-0.054800
-0.089294
0.041859
-0.059441
-0.002723
-0.049279
0.012263
-0.024611
0.009112
0.031585
0.020718
0.021144
-0.003283
-0.026020
0.036565
-0.010911
0.027971
-0.002333
0.106994
-0.041936
0.071578
-0.011479
-0.001665
0.001008
-0.000835
-0.026681
-0.007901
-0.054131
0.015745
-0.032181
0.023029
0.004148
0.032466
0.019143
0.034933
-0.015849
0.000426
-0.016558
-0.015187
-0.018365
-0.124789
-0.041027
-0.010602
-0.049248
-0.110068
0.020414
-0.000146
0.005261
-0.000534
-0.001630
-0.000844
-0.168796
0.043412
-0.073657
0.024309
0.039226
0.026105
-0.058489
0.080375
-0.081159
-0.010221
0.005908
0.120602
-0.007335
0.092733
-0.079569
0.039538
0.033796
0.085277
-0.057510
0.063380
0.001429
-0.029676
-0.013214
0.075919
-0.031761
-0.046637
0.049747
-0.039900
0.005286
0.018798
-0.009884
-0.031257
-0.028292
0.024079
0.015213
0.044268
0.030260
0.012190
-0.047292
0.036689
-0.030342
-0.025995
-0.038533
0.041273
-0.045147
0.037565
0.025370
-0.014356
-0.006383
-0.010286
-0.004608
-0.015025
0.008074
0.049510
0.036166
0.004164
0.009896
0.018206
-0.030854
0.004094
-0.019430
0.019523
-0.028999
0.040470
0.006127
0.052880
-0.034174
0.006489
-0.006118
-0.017917
-0.080991
-0.080465
0.037420
0.016286
-0.002675
-0.028632
0.043721
-0.041167
0.001600
0.038052
-0.042160
-0.028829
0.039228
0.016493
0.003204
-0.024098
-0.062613
-0.039533
0.016830
0.029219
-0.004638
0.024963
0.018193
0.020092
-0.015597
0.026571
-0.068664
-0.005205
-0.005207
0.030666
-0.020218
0.026970
-0.011709
-0.032441
0.019036
0.041299
0.040903
0.061118
-0.040211
0.003978
0.001867
-0.001609
-0.040203
0.015052
-0.040977
0.018541
-0.027402
-0.000095
0.025156
-0.015556
-0.025791
0.017420
0.020794
0.004805
-0.047641
-0.044371
-0.064730
-0.010082
0.023091
0.000524
0.002136
-0.055403
0.012862
-0.025171
-0.038930
0.011671
-0.011098
-0.068925
0.018344
-0.016390
-0.004745
-0.005726
-0.043866
-0.010064
-0.019802
-0.086310
-0.072334
-0.025760
0.057088
-0.061120
0.061466
-0.046510
0.004188
-0.084867
0.072823
0.042546
-0.111273
0.048692
0.026783
0.192386
0.000987
-0.000381
0.048442
0.002727
-0.026508
-0.012449
0.020337
0.002164
0.046195
-0.013713
0.002977
-0.030395
-0.038039
0.013519
0.008573
-0.079615
-0.003347
0.018243
-0.042278
-0.016889
0.036081
0.085205
-0.003892
0.029261
0.084967
0.034584
-0.019735
-0.056290
-0.061231
0.034197
0.025415
0.029515
0.033649
-0.000702
-0.011573
-0.008338
-0.059091
-0.041129
0.017058
-0.030077
-0.051549
0.002735
0.038003
0.027361
-0.012982
0.081259
0.085372
0.066035
0.007020
0.002850
0.013351
0.002183
0.013335
-0.007307
0.019631
0.015465
-0.001254
0.014548
0.038449
-0.054675
-0.022244
0.127413
-0.049668
-0.022808
0.010378
-0.046468
0.011713
0.021030
-0.035902
0.047806
-0.014694
-0.027866
-0.019956
0.045441
0.003304
0.007169
-0.011106
0.076684
-0.046108
0.047061
0.048003
0.067744
0.015888
-0.040539
0.053696
0.102772
0.037376
-0.016423
-0.030829
-0.010349
0.023543
0.002807
0.053559
-0.004096
-0.027526
-0.053392
-0.011196
0.015774
-0.041079
-0.007792
0.096455
0.008746
-0.000470
-0.049830
0.058392
0.023844
-0.008889
0.022305
-0.024757
-0.039124
-0.025240
-0.020542
-0.018962
-0.029556
-0.024474
-0.012556
-0.039186
-0.016372
0.031815
-0.004149
0.015496
0.024293
0.019334
-0.036385
0.023419
-0.043863
0.022212
0.023766
-0.028952
0.036125
-0.001070
-0.032222
0.063395
0.029075
-0.031050
0.005624
0.003229
-0.039800
-0.001483
0.014609
-0.017022
0.046104
0.064402
0.015781
-0.029815
-0.027811
-0.034981
0.040269
0.019145
-0.027373
-0.011679
0.070095
0.015770
-0.022669
-0.019849
-0.007512
0.017989
0.010843
-0.041414
0.007069
-0.006289
0.014918
-0.007153
0.056473
0.033585
-0.023908
-0.037701
-0.005803
0.028445
-0.031119
0.002062
-0.055602
0.050356
-0.019867
-0.029385
-0.017742
0.017500
-0.041163
-0.053743
-0.037642
-0.029618
0.017649
0.030101
-0.037428
0.044338
0.009360
0.030270
-0.060062
0.004872
-0.049548
0.041869
0.057779
-0.024954
0.034446
-0.066379
0.033678
0.079749
0.046979
-0.050388
0.045352
0.056442
-0.116773
-0.068761
-0.023804
-0.005127
0.029481
0.037758
-0.042505
-0.023212
0.076543
-0.073818
0.000180
-0.027647
-0.024132
0.045355
0.039026
0.026530
-0.039567
-0.001489
-0.016427
-0.048344
0.044052
-0.006877
0.038717
-0.063216
-0.090936
0.081939
0.026442
0.039165
-0.046256
-0.048147
-0.038056
0.017828
-0.052369
0.006569
0.024358
-0.006300
-0.023871
0.022919
-0.018345
-0.019495
0.011968
0.033671
-0.055120
-0.055811
0.024181
0.010171
-0.003598
0.023940
-0.049011
0.018570
-0.058988
0.052193
0.019623
-0.015491
0.020692
-0.018494
0.022149
0.023192
0.006261
-0.037862
-0.065640
0.042748
-0.029253
0.062048
0.006561
0.053530
-0.001963
-0.015035
-0.004019
0.021840
0.057116
0.036785
-0.048462
0.062517
-0.009277
-0.030083
0.107270
0.031937
0.034688
0.001023
0.008581
0.052588
0.016178
0.054565
0.001721
-0.032555
-0.080251
-0.060939
0.013076
-0.068442
0.014284
-0.050634
-0.000819
0.075747
0.035893
-0.036760
0.018991
-0.023853
-0.018673
0.014602
-0.001358
0.002692
-0.017556
0.016848
-0.026657
0.000218
0.009327
-0.003745
0.006496
-0.017277
-0.041423
0.029451
-0.002229
0.010663
-0.016996
-0.001148
0.013748
0.061085
0.001705
-0.014122
-0.018579
0.003301
0.009678
-0.008403
-0.026177
-0.016649
0.001132
0.003220
0.009745
-0.013898
-0.007441
-0.017202
-0.007864
0.033777
-0.013088
0.000704
0.025999
0.014393
-0.020141
-0.026628
0.002079
-0.007045
0.010449
-0.031715
0.029129
-0.010133
-0.029567
-0.002858
0.012780
-0.005298
-0.036396
-0.035867
-0.001135
-0.022987
-0.014727
0.022764
-0.011204
-0.002909
-0.013410
0.040054
-0.003920
-0.038128
-0.039437
0.021620
-0.000751
-0.010155
0.004887
-0.017456
-0.011878
0.022325
-0.034784
0.009796
-0.023033
0.008685
-0.037067
0.003623
0.030444
-0.014642
0.015561
-0.027517
0.020173
-0.016056
-0.001229
0.029738
-0.006704
0.004843
-0.006273
-0.020536
-0.031566
0.015145
-0.014883
-0.004299
0.027286
-0.003934
0.000639
0.031488
-0.031204
0.003733
0.022745
0.050093
-0.038188
-0.011019
-0.005112
-0.013801
0.019490
-0.016347
0.014919
-0.017751
-0.020262
0.000380
0.001209
-0.007026
-0.003050
-0.001485
-0.008602
0.062089
0.015442
0.016631
-0.007766
-0.020183
-0.002555
-0.011740
-0.011992
-0.014451
0.014842
0.001185
0.025323
-0.020253
0.030544
-0.020804
0.011266
0.085434
0.022404
-0.034503
-0.077634
0.006594
-0.044144
-0.015949
-0.076178
0.001836
-0.025439
0.022012
-0.029263
0.006655
0.067082
-0.012167
-0.004394
0.027322
0.017604
-0.030434
-0.058250
0.028091
-0.005924
-0.008473
0.010703
-0.023284
0.052097
0.006254
0.017617
0.012701
-0.017309
-0.127520
0.011872
0.053172
-0.009730
-0.013854
0.128234
0.035999
-0.002883
0.072201
-0.010807
0.007713
-0.093224
-0.031592
-0.045194
-0.003022
0.092061
0.071070
0.030541
-0.055290
-0.034783
-0.022767
-0.035247
0.025360
0.063214
-0.016273
-0.011749
-0.017200
-0.113055
-0.098823
-0.005683
-0.057099
0.075489
0.031141
0.021968
-0.021130
-0.056086
-0.007296
-0.062704
0.032853
0.014663
0.031449
-0.011412
0.039192
0.120042
-0.054238
-0.048853
-0.060056
0.001913
0.087508
0.099705
-0.059285
0.078912
0.084138
-0.076866
-0.060026
-0.044918
0.006485
-0.031225
-0.048636
-0.047492
0.005470
0.067816
0.011684
-0.002276
-0.030337
0.035073
-0.047192
0.009644
-0.024059
0.005855
-0.087521
-0.060711
-0.053193
-0.012174
-0.015697
0.012052
-0.027072
0.039077
-0.015125
0.002370
0.003495
0.016750
0.034769
-0.029910
-0.016701
-0.012470
0.046855
0.077926
-0.002731
0.054899
-0.017883
0.051758
-0.041618
-0.000580
0.029610
-0.046290
0.000093
-0.076794
-0.046377
0.006941
-0.014365
-0.030214
0.008199
0.036554
-0.033575
0.024591
-0.014553
-0.026888
0.093252
-0.048124
0.038060
-0.011991
-0.008403
0.047197
0.038057
-0.033284
0.003541
0.044291
-0.030880
0.003153
-0.061653
0.034878
0.028703
-0.009350
-0.011074
-0.013482
-0.024979
0.048898
0.021880
-0.061330
0.026341
-0.009133
-0.021385
0.008521
0.015916
0.017264
0.042068
-0.009441
0.048102
-0.018882
0.011276
-0.058408
-0.023718
0.003981
0.031973
0.027456
-0.036853
-0.024165
-0.058835
0.073050
0.047710
0.020542
-0.001432
-0.032656
0.054980
0.007245
0.004533
0.007288
0.102645
0.080019
-0.018938
-0.032419
-0.015450
-0.025093
0.024101
0.034218
-0.025986
-0.010955
-0.012299
0.014534
0.043311
0.011313
-0.020955
0.038430
0.026961
-0.016463
0.022753
-0.004685
-0.014192
-0.013137
-0.025040
-0.065992
0.021693
0.001764
0.001321
0.016022
-0.043772
0.062241
-0.038772
-0.043128
-0.004374
0.019748
-0.028393
-0.033307
0.020602
0.031135
-0.001469
0.027480
0.021682
-0.016243
0.020071
-0.014889
-0.006570
0.022099
-0.043283
0.030167
-0.013198
-0.020122
0.019910
0.031490
0.002079
-0.023148
0.032348
-0.012466
-0.058040
-0.042070
0.026064
-0.025286
0.014667
-0.027575
-0.012662
0.000233
-0.008217
0.050956
-0.012515
-0.001678
0.003346
0.010443
0.000033
0.009533
-0.007179
0.048635
0.026833
0.004969
-0.035863
-0.008895
0.001702
0.000506
0.002217
0.025394
0.011304
-0.024941
-0.005369
0.003367
-0.018722
0.006622
0.020994
0.042120
-0.001538
-0.008532
-0.006302
0.004678
-0.004149
-0.001394
0.021349
-0.010647
0.041155
0.007653
-0.004032
0.014744
-0.000816
0.016837
0.026962
0.001408
-0.020268
-0.017616
0.013289
-0.026446
0.002703
0.004110
-0.024524
-0.031329
-0.020301
-0.010066
0.008505
-0.021480
0.012627
-0.011612
-0.014308
0.007462
-0.004359
0.036821
-0.007506
-0.027717
0.030352
-0.012021
-0.008148
-0.002107
0.019933
-0.017644
-0.007011
0.013035
0.019879
0.012017
0.015760
0.032319
0.013979
0.031869
-0.012065
0.006080
0.009573
0.004908
0.014230
-0.016911
-0.009247
0.002745
0.011832
-0.000427
0.010894
0.010142
-0.009336
-0.017337
0.001222
-0.013403
0.010936
0.009660
0.030212
0.000923
-0.018544
-0.015534
-0.021626
0.003982
-0.018166
-0.000045
-0.004262
-0.014279
-0.000903
0.065484
-0.006448
0.008102
-0.009034
-0.024363
-0.030135
-0.038155
-0.002514
0.040671
-0.014118
-0.022246
-0.018864
-0.000143
-0.020649
0.002108
0.019549
0.020125
0.026518
0.033445
-0.008204
-0.019876
0.007121
0.026723
0.011456
0.007394
-0.029183
-0.009786
-0.030888
-0.038509
-0.064285
0.008084
0.142656
0.081593
0.000176
0.003620
0.011537
-0.060157
0.001621
0.039611
0.004307
-0.013403
-0.021858
-0.005476
0.080359
0.000453
-0.021315
0.044124
0.033984
-0.004433
0.027765
-0.047510
-0.020767
-0.013534
0.017031
0.019251
-0.004148
-0.057573
-0.052591
-0.036986
-0.006674
0.061259
-0.007541
-0.020088
-0.010312
-0.014463
-0.044718
-0.051648
-0.014674
0.033125
-0.032962
-0.056038
-0.000104
0.034659
0.026968
0.086986
0.047289
-0.055187
-0.037395
0.015075
0.025091
-0.013422
-0.041980
0.017164
-0.014573
0.020148
-0.001780
-0.062830
-0.071059
0.035363
-0.038646
-0.018278
-0.015101
0.000271
0.003262
0.004927
0.005109
-0.015290
-0.017605
0.020585
0.038419
0.013932
-0.026920
0.000958
0.005481
0.030508
-0.009382
0.007053
-0.020242
-0.008500
0.000984
-0.048293
0.015031
0.006854
-0.033944
-0.031183
0.058074
0.037677
-0.017460
-0.016860
-0.023252
0.070228
0.027183
-0.034710
-0.005999
0.031732
0.034785
0.010618
0.016649
-0.021013
0.019992
0.031875
-0.031053
-0.036298
0.000970
-0.042678
-0.046986
0.019010
-0.040884
-0.028022
-0.011952
-0.026038
-0.012808
-0.016968
0.004460
0.003215
-0.007869
-0.002689
-0.002944
-0.014160
0.043413
-0.057401
-0.009074
-0.001285
-0.029108
0.032138
0.018387
0.004213
-0.006720
0.016694
-0.026591
0.005324
-0.028821
0.020484
0.001033
0.009004
0.033619
-0.009557
-0.004301
-0.003292
0.012441
-0.006673
0.014373
-0.012039
0.002540
-0.021425
-0.004260
-0.012125
0.018817
-0.031771
0.000048
-0.018264
0.017153
-0.013229
-0.023230
-0.006223
0.047496
0.037589
-0.005565
0.017736
0.002956
0.008487
-0.005385
0.014885
-0.027207
-0.011126
-0.011354
-0.028072
-0.025195
-0.009972
0.001770
0.002374
0.003571
-0.006137
0.020779
-0.042723
-0.032773
-0.004186
-0.003402
-0.044334
-0.002360
-0.009168
-0.037007
-0.029353
0.019551
-0.049998
0.010801
0.044099
-0.119472
-0.029031
0.055258
-0.058546
-0.008626
0.000167
-0.043629
0.011534
-0.047775
0.007072
-0.057491
-0.022111
0.012866
0.039494
-0.096546
0.028958
0.018006
0.131710
-0.112167
0.035434
0.039125
0.023397
-0.045642
0.030385
0.052908
0.009255
-0.015614
0.107041
0.009591
-0.022022
-0.015563
-0.044790
-0.025970
0.018872
0.027262
0.113900
0.031473
-0.052472
-0.051446
0.113902
-0.041804
-0.017882
-0.001897
0.029844
0.017124
-0.032257
0.031415
0.008134
-0.043108
-0.110616
-0.052556
0.031113
-0.052040
-0.023935
0.015623
-0.010732
0.016309
0.001232
-0.025682
0.021342
0.024013
0.059769
-0.091746
-0.025897
0.039550
-0.023278
0.009724
0.019874
0.045474
0.004167
-0.023246
-0.010711
0.003092
0.018814
-0.043142
0.021832
-0.010251
-0.025205
-0.002412
0.027438
-0.004725
0.040053
0.043027
-0.003553
0.012685
0.000826
-0.025194
0.022134
0.018368
-0.015029
-0.007642
0.015464
0.005705
-0.001848
-0.024288
-0.022796
0.039755
-0.008301
-0.006487
0.021348
-0.038945
-0.032290
-0.000333
-0.035322
-0.007289
0.060329
-0.021010
0.002983
-0.054238
0.002319
0.020636
0.040246
0.007440
0.043235
0.005807
0.041306
0.025399
0.010029
0.009603
-0.026066
-0.018211
0.001666
0.030768
0.026227
0.018165
0.007593
-0.006496
0.011500
-0.021467
0.021674
0.020684
-0.027111
0.003789
0.016618
0.032146
-0.018795
0.051790
0.018739
0.024982
0.001691
0.013828
-0.053777
0.003744
0.037989
-0.028649
0.049450
-0.004425
-0.007480
0.026475
-0.012504
-0.015148
-0.011411
-0.012964
0.012173
0.008428
0.025704
-0.018862
0.037557
-0.009066
0.039721
-0.016975
0.011232
-0.018681
0.017631
-0.000837
-0.001867
0.029338
-0.027420
0.063297
0.028612
0.000290
-0.002457
-0.008589
-0.033230
-0.013119
0.003927
-0.021467
0.011726
0.033844
-0.039605
-0.009511
0.002797
0.020850
-0.019223
0.016912
-0.021988
0.016550
0.022472
-0.026674
-0.056583
0.010512
0.010065
0.017928
0.101758
0.012077
0.016720
-0.003646
-0.010300
0.010241
0.038246
0.030438
-0.043043
-0.013725
-0.074682
-0.081659
0.094664
-0.007212
-0.015765
-0.018229
-0.109849
-0.070022
-0.038596
0.001711
0.044739
0.008096
-0.004449
-0.020314
-0.006083
-0.058529
-0.026528
-0.036306
-0.018811
0.056283
-0.041679
0.044012
0.026091
-0.030398
-0.005189
-0.037599
-0.067712
0.034290
-0.016797
0.004203
-0.052881
0.023640
-0.026720
-0.035016
0.030130
0.052744
0.060025
0.019884
-0.016522
-0.049652
0.088028
-0.000168
0.026165
-0.003252
0.035499
-0.032497
-0.025108
0.006276
0.003740
-0.052988
0.003890
0.000477
0.024915
-0.012644
-0.000410
-0.037140
0.029203
-0.000428
-0.028589
-0.018100
-0.015128
-0.001411
-0.005745
0.002830
-0.037050
-0.025196
0.019032
0.001346
-0.023907
-0.003321
-0.023354
0.010743
0.014992
0.042550
0.019417
-0.017802
-0.003034
0.018695
-0.041212
0.010965
-0.002206
0.025995
-0.024662
-0.029813
0.023295
0.007184
0.041072
0.025709
-0.011928
-0.050972
0.069013
-0.034306
-0.052677
-0.004912
0.026265
-0.036205
0.008389
0.003502
0.044472
0.012326
0.032996
-0.020562
-0.005375
-0.007174
-0.008351
0.002666
-0.018279
0.017238
-0.031555
0.058956
0.020642
0.010653
-0.059930
-0.002666
0.022832
0.012618
-0.029057
-0.045317
0.025497
-0.019382
0.018193
-0.006365
-0.041439
0.039429
0.054596
-0.012743
-0.019224
-0.020197
0.026261
0.001782
-0.021603
0.002537
0.048902
0.007609
-0.008249
-0.006988
0.039304
0.024543
-0.006768
-0.011419
-0.015548
-0.042969
0.012404
-0.015642
0.029521
0.038251
0.008155
-0.002761
-0.027492
0.052611
0.016915
0.015375
0.041492
0.033139
-0.011219
-0.005129
0.061483
-0.007774
0.016892
-0.027823
-0.007511
0.037156
-0.043056
-0.012310
0.033984
0.032670
-0.018394
-0.006799
0.023123
-0.012644
-0.006922
0.016550
-0.007323
-0.010201
-0.032509
-0.055530
-0.025133
0.015828
-0.047762
-0.016193
-0.024371
-0.071135
0.032919
0.076274
0.004903
-0.037933
0.002595
-0.008479
-0.053062
-0.024330
-0.040909
-0.098524
0.026503
-0.015230
-0.055182
-0.013200
-0.054049
0.070451
0.123836
-0.001412
0.023465
0.071034
0.042577
0.050981
0.004510
-0.049204
0.045303
-0.001989
0.017813
-0.030229
0.003925
-0.069883
-0.040163
-0.021444
0.045455
-0.018290
-0.016204
0.064784
-0.021664
-0.056745
0.095747
-0.012464
0.083771
0.035077
-0.017242
0.002116
-0.053134
-0.052332
0.042559
-0.031160
0.045674
0.059517
0.003854
-0.093558
0.003859
0.016707
-0.078639
-0.018421
0.015266
-0.024169
0.006186
-0.075205
0.021352
-0.018303
0.014704
0.019933
0.008773
0.010524
0.008825
0.009864
-0.042064
0.018127
-0.025320
-0.021360
0.000947
-0.027310
-0.025867
0.001404
-0.008389
-0.008181
-0.005389
0.016781
-0.003238
0.017731
0.005495
-0.031346
0.003122
0.013298
-0.017513
0.008802
0.032208
-0.081384
0.036532
-0.004064
-0.045762
0.000104
0.028663
-0.021124
0.024890
-0.003869
0.008229
-0.022598
0.042137
-0.013220
0.002207
0.007286
0.009328
-0.009441
-0.005694
-0.045422
-0.019218
-0.009647
0.032491
0.033885
0.003035
0.000985
-0.031439
-0.014953
-0.020579
-0.020277
0.072229
0.004149
-0.018177
0.000907
0.005535
0.007099
-0.019482
-0.022519
0.010694
-0.000816
-0.037548
-0.019490
-0.036309
0.010106
0.077270
0.000592
-0.016966
-0.046066
0.053296
0.014842
-0.001449
0.027225
0.001975
0.055570
-0.004620
0.026747
-0.022121
-0.000223
0.000889
-0.004352
0.026940
-0.004268
0.000242
0.067296
-0.012671
-0.004522
0.033791
-0.041837
0.055140
0.042399
-0.022765
0.060829
-0.033824
0.057003
-0.036921
-0.000967
0.036179
0.030786
-0.035924
-0.047737
0.040553
0.008300
0.017692
0.015502
-0.004492
-0.083588
0.005195
-0.027906
-0.109857
0.053341
-0.033282
-0.019794
0.053074
-0.023497
-0.042201
-0.003156
0.084537
-0.022591
-0.095066
0.006818
0.003903
0.022480
0.051984
0.017729
0.028205
-0.046737
-0.033836
-0.032314
-0.034806
-0.018073
0.023299
0.033659
-0.005082
0.021882
-0.015769
0.011293
0.041933
-0.006154
0.015381
-0.021174
-0.014124
-0.006367
0.049533
0.034018
-0.010296
-0.032653
0.004567
0.031177
0.024933
-0.013093
-0.017798
0.010364
0.026316
0.007040
-0.021464
-0.016702
0.001830
-0.022562
0.041601
0.012477
-0.006860
0.025341
-0.014683
-0.028593
0.022909
0.033996
-0.036152
-0.056955
-0.006824
0.022240
-0.001558
-0.053953
-0.037052
0.005594
-0.014057
-0.015427
0.013513
-0.006602
0.027910
0.009496
-0.001672
0.029193
0.057650
0.004828
0.032760
-0.012501
-0.008338
-0.055294
-0.021527
-0.034959
-0.019202
0.039442
-0.039545
0.013290
-0.014621
0.043711
-0.006315
0.022190
0.040527
0.058769
0.015527
-0.000634
-0.086743
-0.030926
-0.006403
-0.003998
-0.062243
0.040280
0.051759
-0.000372
0.019238
-0.030067
0.021410
0.061434
-0.020562
-0.003201
0.002909
-0.054234
-0.035619
-0.010213
-0.093138
-0.055601
0.000977
-0.034066
0.049541
-0.031686
-0.005835
0.023441
-0.047504
-0.066460
0.062770
-0.076580
0.056195
-0.024648
0.058020
0.028016
0.015345
-0.058121
-0.002751
0.006084
-0.034915
0.085263
-0.014267
0.014109
-0.084990
-0.002391
-0.095722
-0.009234
0.009790
0.045643
0.009225
-0.001784
0.007458
-0.002280
0.008479
0.005618
0.021249
-0.003362
0.024397
-0.004563
0.004966
-0.009139
0.021768
0.000548
0.003260
-0.022124
-0.006390
-0.019396
-0.020585
0.000862
-0.009121
0.006927
0.006981
-0.015481
-0.007102
-0.010499
-0.018178
-0.027868
-0.009390
0.002994
-0.002686
0.016582
-0.002339
-0.013128
0.028013
0.037512
0.012861
-0.006797
-0.009713
-0.033128
0.021832
-0.004094
0.006859
-0.004244
-0.022290
0.030757
0.016154
0.030389
-0.006943
0.009563
0.010124
-0.009029
-0.003347
0.003859
0.007738
-0.026578
0.022130
-0.009954
-0.020121
0.011325
-0.002040
-0.011626
-0.027892
-0.011354
-0.021064
0.000755
-0.009812
-0.075468
-0.055318
0.073903
-0.042896
-0.032954
-0.083391
0.025964
0.078383
-0.040545
0.053504
0.006237
0.024814
0.050418
0.039127
0.032872
0.048197
-0.037611
-0.025375
-0.041868
-0.024420
-0.049935
0.018123
-0.006732
0.028762
0.075542
-0.047098
0.002186
0.136895
0.010822
0.004190
0.009944
0.028716
0.082147
-0.013235
0.004753
0.050669
0.070043
0.005159
0.074814
0.044046
0.044723
-0.054373
-0.021221
-0.103425
-0.005317
0.022832
0.035337
-0.005913
-0.004489
-0.032140
-0.015574
0.006905
-0.035559
0.044318
-0.029449
-0.066882
0.086633
0.029393
-0.010024
-0.056061
-0.006707
0.043539
-0.003124
-0.032825
-0.012535
-0.036397
-0.014179
-0.043963
0.029733
-0.011738
-0.023868
-0.015027
0.011504
-0.034138
0.038911
-0.072222
0.016092
-0.010439
0.019271
0.009440
-0.022639
-0.013143
-0.001443
-0.004811
0.028620
0.063988
-0.076144
0.013359
0.004559
-0.031363
0.013608
0.018592
0.005703
-0.051589
0.014573
-0.033808
-0.027592
0.005796
0.009677
-0.025519
-0.011538
-0.028911
0.028125
0.006481
0.003209
0.031736
-0.058730
-0.038155
0.001777
-0.017986
0.004357
0.040760
-0.042255
0.030529
-0.012383
-0.000758
0.023285
0.021745
-0.020947
-0.057936
-0.003869
0.000442
0.027978
-0.083563
-0.032397
-0.022036
-0.041651
0.017117
-0.018181
0.077597
0.072472
0.012929
0.066946
-0.046407
-0.039092
-0.017937
-0.024204
-0.023218
-0.067738
-0.005774
-0.044135
-0.022885
-0.090671
0.125822
0.020762
0.032941
0.091037
-0.005308
-0.096668
0.027701
0.078425
0.006930
0.007748
-0.038652
0.069616
-0.039047
0.023699
-0.022510
-0.057165
0.000706
0.006396
-0.020710
0.042587
0.008015
0.026432
0.006661
0.011037
-0.006534
0.046277
-0.005863
0.020876
-0.085756
0.021720
0.046031
-0.046355
0.025244
0.078140
-0.060653
0.033983
-0.017755
-0.012603
-0.041030
-0.023502
0.047229
-0.031386
-0.049770
-0.000136
-0.036345
0.046065
-0.052336
-0.007222
-0.038106
-0.004887
0.030786
-0.086160
-0.109114
0.049710
-0.004867
-0.026655
-0.020216
-0.025585
-0.064940
-0.039568
-0.063596
0.068353
-0.013862
-0.013852
-0.059591
0.037306
0.056104
-0.013249
-0.070793
-0.025735
-0.023415
-0.026992
0.018511
-0.119780
-0.014728
-0.005953
0.002597
0.020833
-0.005379
-0.051858
-0.020852
0.009255
-0.034918
0.042024
0.046428
0.032387
-0.029170
0.043735
0.005659
-0.020744
-0.051974
0.003284
-0.036051
-0.013041
0.054295
-0.023796
-0.060041
-0.039637
0.053923
0.032985
0.033463
-0.021072
0.049101
0.032849
0.081815
0.000671
0.009149
-0.025484
-0.004837
0.020742
-0.000845
0.015832
0.034760
-0.020011
-0.045269
0.023242
0.090141
0.016530
-0.007681
-0.013448
0.020433
0.044066
-0.027513
0.047314
-0.053584
-0.046924
-0.029302
-0.082392
0.037036
0.048035
-0.046091
0.015450
-0.005298
-0.023601
-0.016545
0.040097
-0.035501
0.022915
-0.010216
0.072140
0.032225
0.020702
0.000020
0.022034
-0.062771
0.019210
-0.118412
0.040062
-0.017394
0.039329
-0.090626
0.058319
0.039508
0.079325
-0.028166
-0.003270
-0.032800
-0.047221
0.000516
-0.015296
-0.022651
0.011110
-0.076745
-0.008150
-0.000523
0.071734
-0.042379
0.017645
-0.032865
-0.007976
-0.093716
0.012336
-0.007787
0.042273
0.005569
-0.023291
-0.031154
-0.035014
-0.010781
0.013594
0.004034
-0.002684
-0.005313
0.026843
0.039155
-0.008638
0.019322
-0.036154
-0.013155
0.026657
-0.003068
-0.029585
0.024340
0.018388
0.009317
0.001110
0.038646
-0.055212
-0.033005
-0.004698
-0.015654
0.010464
-0.030502
0.019409
0.014917
-0.003911
0.008452
-0.024488
0.017299
-0.021925
0.014187
0.003485
0.007490
-0.002965
0.018186
0.024525
0.014824
-0.005051
-0.022360
0.021719
-0.017222
0.017672
-0.002712
0.003218
0.004432
0.011389
0.009115
-0.049850
0.002379
-0.018382
-0.005858
0.001141
-0.003915
0.020609
-0.035400
-0.026581
0.026055
-0.025520
-0.011044
0.019911
0.011844
0.014496
0.023186
0.020105
-0.004141
-0.014301
0.036291
-0.030358
0.028239
-0.020390
-0.072409
-0.015054
0.001355
-0.027193
-0.000808
-0.031283
-0.025010
0.006397
0.054941
0.011424
0.021936
0.012755
0.020941
-0.024927
-0.053414
-0.013341
0.030068
0.004851
-0.016569
-0.020380
0.003689
0.021841
-0.001551
0.022015
-0.005517
0.004341
0.027383
-0.004758
-0.016704
-0.023658
0.004887
0.029474
0.015436
0.000129
0.002913
0.005372
0.003220
0.007645
-0.012298
-0.002387
-0.022666
-0.003443
-0.010986
-0.034331
-0.038240
-0.014401
0.012911
-0.006135
-0.024122
0.018529
0.011971
-0.002431
0.001261
0.023850
-0.000465
0.006191
-0.031014
-0.018476
-0.088601
-0.029091
-0.007362
0.001030
-0.036810
0.029148
-0.000143
0.020571
0.056449
-0.044707
-0.019275
0.025712
0.029116
0.011020
-0.044758
0.006246
-0.013021
0.035564
-0.033388
0.038003
-0.040335
0.007292
0.065753
-0.001511
0.054373
0.058643
-0.053328
-0.009836
-0.008001
-0.004319
-0.052681
-0.091938
-0.022060
-0.076417
-0.016041
-0.033865
0.005061
-0.006703
-0.009460
-0.060842
0.006312
-0.013223
0.046760
0.000180
0.000757
0.031367
-0.009442
-0.017540
0.036055
-0.059481
0.019063
-0.039146
-0.043152
-0.040387
0.001982
-0.011171
-0.013746
0.026914
-0.013220
-0.006252
-0.023347
0.040059
0.025462
-0.012986
-0.021201
-0.108169
0.019823
-0.002049
0.028231
-0.014050
-0.069458
0.020611
0.032970
0.022814
-0.024991
0.121740
0.005904
0.110663
-0.007092
-0.012391
-0.065584
-0.043110
-0.005728
-0.015462
-0.018321
-0.100688
-0.000452
-0.041742
0.016693
0.022167
0.017081
0.010457
-0.058786
-0.006103
-0.019962
0.017395
-0.007226
-0.042805
0.041441
0.019103
-0.004523
0.006061
0.006915
0.000668
-0.040347
0.018776
0.015735
0.010519
0.001854
-0.061261
-0.019530
-0.016467
-0.063706
0.037244
-0.006089
0.005813
0.162855
-0.017638
-0.011506
0.035432
-0.054517
-0.033065
-0.032279
-0.060554
0.016589
0.009655
0.010474
0.001054
-0.015775
0.012782
0.012926
0.043015
-0.010140
-0.019043
0.020942
-0.028995
0.092412
0.016523
0.026170
0.028693
0.001086
-0.025819
-0.026597
-0.019157
0.008400
0.006637
-0.003073
0.040583
-0.080793
-0.026246
0.046064
-0.030059
-0.034533
-0.039557
0.049209
-0.021080
-0.032915
0.046758
-0.035063
-0.000587
-0.058435
0.004199
0.069268
-0.063933
0.059094
-0.038837
-0.048955
-0.011836
0.030915
-0.052976
0.054426
0.048917
-0.071422
-0.003889
-0.035676
-0.030221
-0.076739
0.034381
-0.023267
0.007764
-0.006062
-0.073745
0.045553
0.006646
-0.030294
-0.004064
-0.025835
-0.041877
0.003142
-0.007067
-0.045082
0.017215
-0.009947
0.013220
-0.048070
-0.019888
-0.033794
-0.058198
0.036290
0.014200
0.007928
-0.010824
0.009542
0.015251
0.072289
0.047125
0.003881
-0.006592
0.006938
0.041455
-0.027235
0.044154
0.020931
0.023596
0.028927
-0.004775
-0.020162
-0.050440
0.038514
-0.010669
0.046292
0.001597
0.011570
-0.000673
-0.015125
-0.032331
-0.060761
-0.014033
0.038721
0.050619
0.056239
0.003384
0.044296
0.061237
0.031526
0.032795
-0.012954
0.006652
-0.011918
0.002612
-0.021090
-0.087496
0.016204
0.067019
-0.002165
-0.064326
-0.008205
-0.058394
0.006717
-0.040357
0.047394
0.011157
-0.009344
0.045359
0.000097
0.048997
-0.006946
0.073168
-0.000026
0.021046
-0.054020
0.020549
0.005326
0.012655
-0.004770
-0.011075
-0.037212
0.061459
0.014274
0.003143
0.029178
0.056870
0.043358
0.035634
-0.048729
0.038302
0.021967
0.067082
-0.003682
-0.008730
0.036215
-0.019820
0.068126
-0.035365
-0.032425
-0.037007
0.043716
0.034955
0.048268
-0.034064
0.005128
0.062331
0.052924
0.024909
-0.005810
0.008023
-0.046888
-0.038130
0.058699
-0.050894
0.006677
0.048056
0.002770
-0.013521
-0.037479
-0.044187
-0.096949
-0.030077
-0.024464
0.044757
0.011128
-0.075148
0.007365
-0.090153
-0.002125
0.078460
0.070030
-0.051475
-0.029995
0.000302
-0.062332
-0.024217
-0.014747
0.055608
0.084740
0.010684
0.044885
0.030928
-0.021362
-0.070436
-0.150476
0.018886
-0.016082
-0.137215
0.015984
-0.073402
0.090244
0.125473
-0.055809
-0.004764
-0.036418
0.029616
0.104920
-0.016947
-0.009081
0.043339
-0.024644
0.078954
-0.061343
0.039935
-0.012551
0.034938
-0.122400
-0.029915
-0.010191
-0.030018
-0.019879
-0.010899
0.006974
-0.032684
-0.029864
-0.058516
0.144195
0.179309
-0.039104
0.009911
0.028924
-0.014771
0.002844
0.064615
0.017776
-0.007994
-0.053661
0.015197
-0.082354
0.045631
-0.017691
0.009580
-0.075258
0.025809
0.018447
-0.044190
-0.022486
-0.016422
0.006352
-0.033356
0.014609
0.012825
-0.004800
-0.032259
0.083905
0.065864
0.028015
0.020228
0.016982
0.054532
0.027192
0.009073
-0.010756
0.013827
-0.032577
-0.025400
-0.025947
-0.006552
-0.083743
-0.007074
-0.058308
0.029606
0.059220
-0.019665
0.008694
0.001794
-0.051729
0.050993
-0.080378
0.018955
0.060741
-0.008661
-0.017209
-0.031291
0.026184
0.001672
-0.001733
0.039206
-0.060967
0.023345
0.043665
-0.003715
0.009902
-0.030049
0.014732
0.024736
-0.080304
-0.000660
-0.068455
-0.049918
0.019014
0.048549
-0.012019
0.056249
-0.019864
0.067036
0.040442
-0.000090
-0.032222
-0.023220
0.006137
-0.022617
-0.006920
-0.007489
-0.015906
0.010272
-0.006957
0.025830
-0.011829
-0.004076
0.008681
-0.000635
0.016244
0.000259
-0.009426
-0.007038
0.018334
0.004422
-0.016897
-0.000203
-0.008356
-0.018120
0.005479
-0.009799
-0.001816
0.015051
-0.010295
-0.002577
-0.001889
0.007114
0.033904
-0.011211
-0.016447
0.016130
0.000306
0.028537
-0.002447
0.009659
0.008213
0.000605
-0.012280
-0.022145
0.010659
0.017803
-0.003849
-0.010608
0.017326
0.004946
0.000158
0.011648
-0.004217
0.042942
0.015837
0.021370
-0.006632
0.000477
0.020441
0.016639
0.013581
0.035344
0.007692
0.056471
0.030124
-0.000291
-0.053471
0.021987
-0.020812
-0.097337
0.012780
0.025564
-0.004900
0.014870
0.027860
-0.045873
0.006732
0.041121
0.046721
0.057868
-0.027042
-0.025024
-0.044669
-0.022416
0.001790
0.005410
0.016869
-0.031574
-0.093554
-0.003834
-0.039219
0.005309
-0.035130
-0.026373
0.006132
-0.082645
-0.009613
-0.003364
-0.011759
0.023322
0.022000
-0.016522
-0.028426
-0.047065
-0.030269
0.035688
0.030791
-0.027485
0.000570
-0.058262
0.025147
0.013488
0.028435
0.011478
-0.006875
-0.037810
0.045905
0.047704
0.045050
0.000226
0.035579
0.007300
-0.021689
0.005135
0.031052
0.044372
-0.009160
-0.012805
-0.013372
-0.022823
-0.008237
-0.000734
-0.005940
0.009958
0.000306
0.002079
0.045205
-0.051861
0.024022
0.027724
0.012178
0.009271
0.013450
-0.007998
0.060470
0.007844
0.003094
0.031917
-0.020062
-0.006598
0.017393
0.011812
0.032829
0.022543
-0.031619
0.049511
0.024963
-0.012816
-0.033869
0.010626
-0.043595
-0.022296
0.047207
-0.035273
0.017433
0.046628
0.021885
0.009365
-0.039002
-0.013689
0.040362
-0.064565
0.011136
-0.055838
0.022997
0.006354
0.044440
-0.004604
-0.010715
-0.000647
-0.043594
-0.020879
0.013441
0.004644
-0.005931
0.019664
-0.008789
-0.007488
-0.017581
0.043082
0.025372
-0.003621
-0.090001
-0.024246
-0.024824
0.031549
-0.012222
-0.057565
0.027745
0.041723
0.027748
-0.048065
0.022834
0.085727
-0.053924
-0.010609
-0.020745
-0.009321
-0.033578
-0.068468
0.017548
-0.038483
0.026686
-0.017945
0.021424
-0.035462
-0.061044
-0.022923
0.025008
-0.059270
-0.003230
0.013730
-0.020042
0.014777
-0.054156
0.037910
0.044779
0.020744
-0.014296
0.038637
0.004428
-0.017929
-0.062608
-0.056003
0.055873
-0.087991
0.024842
0.002581
-0.011725
-0.038575
-0.023696
-0.057077
-0.004506
0.055912
0.003751
0.084313
0.009291
0.003093
-0.002489
-0.045986
-0.017740
0.035794
-0.066339
0.036961
-0.019036
0.022849
0.053916
0.049256
0.018646
0.030561
-0.001096
-0.020876
-0.038447
0.083112
-0.003360
0.056125
0.063507
0.051891
0.027621
-0.036814
-0.006636
0.002465
-0.026157
-0.015852
-0.024929
-0.000216
-0.036689
-0.012267
-0.070585
0.049354
0.016777
-0.013746
-0.032331
-0.011028
-0.081489
0.017134
-0.002575
0.005170
-0.009949
0.070594
-0.005122
0.027155
-0.017840
-0.009967
0.025251
0.039468
-0.021212
0.019009
-0.049751
0.012848
0.040640
-0.002851
0.001298
0.090283
-0.013049
-0.022349
0.055220
-0.016826
0.048479
-0.006854
-0.035151
0.041165
-0.004751
0.015836
-0.071053
0.012533
-0.018447
-0.030810
0.004567
-0.019758
-0.006455
-0.010492
-0.013620
-0.015447
-0.006935
0.007684
-0.024545
0.000341
-0.003612
-0.004193
-0.012804
0.009184
-0.009358
0.010225
-0.029359
0.004996
-0.014888
-0.012774
-0.017581
-0.020674
0.033296
-0.009440
0.034482
-0.009736
-0.016243
0.001444
-0.011527
0.002928
-0.002203
-0.003549
0.003196
-0.000325
0.006100
0.002335
0.000958
0.000494
-0.012217
-0.004564
0.020089
0.020662
0.015602
0.003810
-0.020436
0.024838
0.021014
0.001015
-0.008998
-0.030534
-0.024530
0.007755
-0.007981
-0.009004
0.010442
0.015059
0.011702
-0.001709
-0.002087
0.033285
0.018111
0.016148
0.019246
0.011233
0.013855
-0.010465
-0.057932
0.056893
0.012843
0.075597
0.003964
0.092105
-0.006533
0.023799
0.013589
0.046574
0.012527
0.003516
-0.000914
-0.038277
-0.024008
-0.080866
0.056976
0.005634
-0.000252
0.024269
-0.004063
0.001979
-0.001162
-0.029072
-0.003032
-0.039761
0.010443
-0.034432
0.008993
0.005666
-0.043627
0.041383
-0.011150
0.011464
0.079328
-0.035349
-0.033934
-0.000967
-0.043501
0.037265
0.027579
-0.104467
-0.007410
-0.010797
-0.012128
0.050953
-0.011462
0.009080
-0.005094
0.037843
0.017376
0.058143
-0.029134
-0.039610
-0.072211
-0.008558
-0.008207
0.032622
0.009941
-0.060366
-0.021879
0.043182
0.008955
-0.014102
-0.012924
-0.016623
0.048527
0.051519
0.017610
0.019227
-0.023398
-0.040799
-0.032324
0.044472
0.020828
-0.016456
0.012504
0.040334
-0.039648
0.030767
0.034321
0.005482
0.032080
0.069798
-0.033456
0.007933
-0.006508
-0.043865
-0.033417
-0.006127
-0.011728
0.034490
-0.016290
0.022832
-0.031610
-0.022344
0.093161
-0.029699
-0.022818
-0.014697
-0.020217
-0.004896
-0.025292
-0.026308
-0.037498
0.030271
0.033607
0.048497
-0.027374
0.026233
0.034063
0.011447
-0.000789
0.022219
0.003783
-0.010497
0.028072
-0.055503
-0.029253
-0.047868
-0.024457
-0.003100
-0.041209
-0.012034
0.002093
-0.047974
0.044900
-0.004161
-0.043988
-0.009966
-0.005833
0.010067
0.023174
0.077302
-0.018291
-0.021719
-0.032449
-0.053999
-0.085430
0.003430
-0.050386
0.047567
0.013721
0.004138
0.042744
-0.021660
-0.036606
-0.028471
0.025640
0.067609
-0.001533
-0.022391
0.032881
-0.021161
-0.008818
0.002527
0.029166
-0.024229
0.005482
-0.005484
0.045806
0.023779
0.071105
-0.022777
-0.048406
0.015603
-0.038837
-0.024278
-0.015702
0.034716
-0.027667
0.037732
-0.010806
0.004615
0.021543
0.012465
0.034063
-0.012627
-0.077159
0.104674
-0.062384
-0.018127
-0.027922
-0.060162
-0.022056
-0.002884
0.019764
0.001299
0.006135
-0.022615
0.004150
0.032302
-0.035795
-0.003203
-0.041840
-0.002656
-0.008133
0.010730
0.026179
-0.018322
-0.013566
-0.006852
-0.000884
-0.005902
0.005755
0.008467
-0.037335
0.045434
0.035048
0.002935
-0.002218
0.006597
0.038861
-0.002081
-0.014918
-0.011530
0.010327
0.006894
-0.040943
0.010240
0.032530
0.036185
-0.024731
-0.021450
-0.011934
0.002688
0.026732
0.016828
0.020412
-0.045383
0.012113
-0.009431
0.001379
-0.018211
-0.039795
-0.006633
-0.005763
-0.015779
-0.006786
-0.016183
0.031871
0.019774
0.006992
0.003210
0.004233
-0.001846
0.001817
-0.013110
-0.001213
0.000928
0.023240
-0.006833
0.019023
0.008002
0.002938
0.004192
0.004066
0.002638
0.021363
-0.008632
-0.024664
-0.005571
-0.020748
-0.024862
0.011416
-0.010563
0.003976
0.023989
-0.011233
0.021878
0.024144
0.006132
-0.011732
-0.004507
0.031455
0.009056
-0.002943
-0.025822
0.049908
0.006167
0.009059
-0.030352
-0.033306
0.011760
-0.001006
-0.009757
-0.024308
0.028154
0.009096
-0.010401
-0.055517
0.015124
-0.000141
0.002068
-0.024540
-0.013833
0.016287
0.029427
-0.005154
-0.033897
0.022712
0.000028
-0.001668
-0.014625
0.029694
0.016812
0.020439
-0.008928
0.007376
0.014720
-0.014051
0.051151
0.044231
-0.005716
-0.008571
-0.073575
0.018967
0.013864
-0.017178
0.000839
0.083919
0.010370
-0.037210
-0.033710
-0.000312
-0.023702
0.000078
0.000165
0.001012
-0.007583
0.043140
0.012968
-0.090239
-0.060696
-0.011072
-0.067373
-0.033977
-0.057686
-0.033871
0.067020
-0.049269
0.004283
0.065686
-0.001363
-0.012705
0.057445
-0.017983
-0.019357
0.011502
-0.003589
-0.023691
0.026937
0.017345
0.052580
-0.037249
-0.068439
0.000596
0.022156
-0.029559
-0.045625
-0.022709
-0.018843
-0.003294
0.007001
-0.067015
-0.028962
-0.001047
-0.012285
-0.041265
-0.030787
-0.011410
0.000360
-0.035397
0.024546
0.004672
0.057194
-0.038896
0.000460
-0.091084
0.006221
-0.000695
0.034129
0.021961
-0.029265
-0.014607
0.019088
0.004996
0.009138
-0.007595
-0.021152
0.003405
0.002514
0.011219
0.050710
-0.003979
-0.020862
0.039142
0.034086
0.022580
0.012735
0.032362
-0.015488
-0.032872
-0.030402
0.024321
0.002658
-0.051717
0.000700
-0.022514
0.046398
-0.023391
0.005085
-0.017410
0.022622
0.029075
-0.007691
-0.026609
0.033775
-0.027859
0.018030
0.006619
-0.009645
-0.011198
-0.032230
0.047528
0.015956
-0.006318
-0.001272
0.071916
-0.014782
0.057020
0.018146
0.003066
-0.043705
0.014685
-0.012721
0.006160
0.023342
-0.014527
-0.018844
0.060021
-0.005221
-0.005124
-0.018801
-0.021984
-0.030018
0.015645
-0.002505
-0.016890
0.005312
0.021896
-0.013583
-0.017442
-0.017130
0.004767
0.000095
0.019454
0.019945
0.035887
0.025415
0.008024
-0.002783
0.018727
-0.007242
-0.023215
0.010940
-0.011508
0.004967
-0.027013
0.030952
0.018475
0.006355
0.017080
-0.000536
0.012507
0.011002
0.000091
-0.009345
-0.009734
-0.014828
0.008271
-0.002749
-0.017776
0.024024
0.020391
0.014098
-0.029823
0.003897
0.004364
0.000299
0.029883
-0.022038
-0.003081
-0.014189
0.009520
0.011661
0.046918
-0.006104
0.005788
0.027475
0.008528
0.034116
0.002120
0.002821
0.000450
0.014528
0.007227
-0.010677
0.002140
0.024830
-0.010176
0.021236
-0.020906
0.016141
0.006547
-0.017363
-0.007087
-0.025166
-0.006159
-0.002426
-0.014092
0.002626
0.003107
0.018974
0.015137
0.032594
-0.011971
0.017356
0.005578
0.023439
0.008008
-0.002682
0.015401
-0.013842
-0.006377
0.027245
-0.013345
-0.009100
-0.000667
0.005195
-0.007310
0.030692
0.015026
0.058212
-0.001814
0.015754
-0.004762
0.027012
0.024787
-0.001295
0.027676
0.016963
0.021835
0.003873
-0.013325
-0.001806
0.018141
0.002735
-0.005854
0.008092
0.009036
0.026901
0.000108
0.011431
-0.000904
0.003399
0.028676
-0.001383
0.040482
-0.008478
0.009736
-0.002933
-0.006440
0.004919
0.030889
0.039409
0.007355
0.043714
0.099776
0.011540
-0.025118
0.019105
0.069171
0.023087
-0.085180
0.000538
0.014139
0.003840
0.071602
-0.036789
0.010701
-0.031292
0.039905
-0.017661
0.044145
0.010180
-0.006193
-0.059238
-0.017385
0.032560
-0.018358
-0.029362
0.060656
0.004516
-0.044347
-0.018285
0.042853
0.012590
0.038170
0.013473
0.010197
-0.007391
0.003935
-0.009445
0.043361
-0.070077
0.046183
-0.008750
-0.045730
0.054317
0.076021
-0.088537
-0.005264
-0.029204
-0.000481
0.056426
-0.024231
0.043165
0.001803
-0.016471
0.051685
-0.026359
0.010846
-0.003560
-0.023159
0.025010
0.047744
0.000013
0.025037
0.006860
-0.005018
0.003947
0.067202
0.011628
-0.036766
0.088927
-0.046045
0.019207
-0.007682
-0.032734
0.029966
-0.025180
-0.014977
-0.038142
0.013284
-0.029752
0.028710
0.014406
0.028679
0.008089
0.082459
-0.035744
0.022518
-0.005440
0.035498
-0.002501
-0.027481
-0.033161
0.017064
0.100129
-0.010578
0.050591
0.065508
-0.002263
0.007116
0.008405
0.025928
0.034853
-0.021298
0.015725
-0.025774
-0.015174
-0.084273
0.015425
0.111221
-0.030586
0.040235
0.046900
-0.036905
-0.050864
-0.022906
0.014416
-0.028203
-0.026266
-0.027959
0.018739
-0.100887
0.058909
0.073102
-0.037723
0.017303
-0.002233
-0.007901
-0.025185
-0.027632
0.040509
0.053602
0.048491
-0.042920
0.033653
0.031041
-0.064893
-0.054653
-0.017122
-0.091810
0.003096
0.026010
-0.037857
0.025694
0.019649
-0.000366
0.055044
0.071489
-0.011405
-0.066824
0.147844
0.025161
0.013539
0.021913
-0.040631
-0.023560
-0.016920
-0.076082
-0.016582
0.000190
-0.010951
0.027798
-0.043299
-0.003751
-0.021086
0.020132
0.024295
-0.023173
-0.044727
-0.019741
0.019763
0.044271
0.020405
0.040193
-0.007314
-0.014587
0.057978
0.057424
0.022273
0.065951
-0.010361
-0.040331
0.002982
-0.016036
-0.007369
0.048249
-0.032708
-0.010547
0.000305
0.073171
0.071590
0.017727
-0.036522
-0.073926
-0.010449
-0.008817
0.008930
0.032452
-0.013481
0.035391
-0.051907
0.034679
-0.043978
-0.042170
-0.018250
-0.013812
0.055404
0.005908
-0.062687
-0.020370
-0.013445
-0.003985
-0.032914
0.049922
-0.017246
-0.031762
-0.042981
-0.013314
0.024026
0.040263
0.047445
0.013419
0.004122
-0.031954
0.028394
-0.005823
-0.035203
0.073148
-0.021990
-0.068047
-0.012921
-0.000461
0.028886
-0.048556
0.019196
-0.013774
-0.014929
-0.017633
-0.032782
0.018212
-0.052369
-0.014419
0.041120
-0.003777
-0.014956
-0.036391
0.042798
0.027246
-0.045771
0.031794
-0.000930
0.011366
-0.024973
0.035927
-0.042325
-0.017499
0.036491
-0.062305
-0.029757
-0.024842
-0.028368
0.005778
0.024214
0.042126
0.019104
-0.002377
-0.038191
-0.029944
0.037030
-0.005102
0.040530
0.017484
0.046859
-0.068292
0.009598
0.018762
0.042934
0.024179
0.047990
-0.039225
-0.074088
0.028523
-0.056172
-0.030105
0.004816
-0.020651
-0.030664
0.024015
0.005151
0.011268
0.009591
0.030934
-0.013106
0.056008
0.037150
0.021759
0.044404
0.007988
0.026580
-0.062387
0.001858
-0.032443
0.052838
0.075257
-0.037048
0.018468
0.006234
0.016999
-0.016786
-0.036308
0.018043
0.041769
-0.058478
0.045288
-0.002550
0.080279
0.001125
-0.000194
0.055282
-0.008800
-0.016572
-0.089157
-0.018913
-0.033752
0.060149
0.022800
-0.076408
0.054469
-0.000600
-0.020518
0.024789
0.015905
-0.017896
-0.037422
-0.019418
-0.063834
0.042319
0.073433
0.004577
0.056116
-0.048908
0.008417
0.030265
0.063134
-0.005798
0.003445
0.010928
-0.036863
-0.168516
-0.018126
0.076358
0.129167
-0.031330
0.026807
0.015907
0.085818
0.038697
-0.120623
0.019756
-0.039466
-0.053149
0.006552
0.066372
-0.037648
0.035513
-0.029967
-0.009208
-0.043293
-0.056210
-0.062306
-0.078343
-0.085643
-0.089265
-0.016584
0.001225
0.032884
-0.106031
0.003729
0.055267
-0.018719
0.020444
-0.021488
0.055313
0.055775
0.002607
0.020066
-0.052532
-0.010724
-0.031547
-0.090292
0.002529
-0.042620
0.042420
-0.014883
-0.002096
-0.041666
0.007245
0.048099
-0.027878
-0.002843
-0.005965
0.067877
0.043074
-0.008272
0.007265
-0.003813
0.015399
0.052564
0.042357
-0.010121
-0.017153
0.074746
-0.008149
-0.077091
0.013955
0.000241
-0.037783
0.019822
-0.034769
-0.038279
-0.075836
-0.049234
-0.076596
0.007928
0.025936
-0.027788
0.046989
-0.025097
-0.025154
0.027340
0.035900
0.043207
-0.023386
-0.020968
-0.043400
0.027498
0.056718
-0.015372
-0.031601
0.050218
-0.097971
-0.059424
-0.087370
-0.000307
-0.088906
-0.045279
0.056889
-0.016004
-0.048597
0.031082
-0.019736
-0.007863
0.021388
-0.003196
0.036096
-0.003233
-0.024444
-0.018953
-0.047616
-0.007827
0.022018
0.031910
-0.004083
-0.008107
0.032694
-0.006359
-0.006819
0.022650
-0.024632
0.014719
-0.001546
-0.012771
0.040438
-0.023432
0.038923
0.008378
0.016129
-0.025910
0.055536
-0.016349
-0.046275
0.002458
0.010040
-0.007322
-0.072352
-0.037649
-0.004545
-0.017796
-0.051746
0.005841
0.030366
0.050336
0.029698
0.019126
0.002409
-0.001320
0.004112
-0.006634
0.068774
-0.017733
0.003232
0.012882
-0.059714
-0.047937
0.027013
0.027150
-0.024275
-0.034830
0.020949
0.034037
0.026737
-0.000746
0.038827
-0.024762
0.032552
-0.055593
-0.006049
0.001513
-0.012464
-0.019985
0.032756
0.000650
-0.015141
0.008221
-0.008557
0.029708
-0.003433
-0.013763
0.003461
-0.021924
0.003067
-0.016835
-0.007820
-0.005694
-0.015578
-0.036375
0.025255
0.008241
0.016318
0.017418
-0.020240
-0.019125
0.015076
-0.030976
0.003506
0.007231
-0.007932
0.018871
0.022194
-0.015679
-0.029994
0.008535
0.004038
-0.016856
0.019140
0.015347
-0.019984
0.012931
0.028461
0.015336
0.021877
-0.024993
0.007489
-0.009849
0.005453
0.002854
-0.021906
0.022464
0.020579
0.001710
0.001387
0.002261
0.007138
-0.035496
0.008738
0.012439
0.010174
-0.066459
0.023500
-0.019534
0.004778
0.027458
-0.037590
0.002954
-0.018280
-0.024047
0.014415
-0.020015
-0.022074
-0.037960
-0.000435
0.034478
0.021426
0.021805
0.046991
0.065286
0.014169
-0.010119
-0.072728
-0.012430
0.071902
-0.026680
0.021520
-0.037431
-0.030324
-0.001069
-0.006128
-0.004967
0.009315
0.052961
-0.024690
-0.031593
-0.019448
-0.013782
-0.002653
-0.002677
-0.067180
-0.000943
0.021994
0.012856
0.039602
0.038144
-0.023868
0.041709
0.040375
-0.095994
-0.021286
-0.000715
-0.063593
-0.013817
-0.003912
-0.012957
0.004403
0.062816
-0.018797
-0.020994
0.057473
0.060179
0.044343
0.018199
-0.006963
-0.048411
-0.054364
0.000916
0.027872
0.053578
0.008177
-0.001499
-0.008928
0.052020
-0.014812
-0.009153
0.053610
0.028586
-0.082416
-0.021120
-0.014116
-0.002852
0.046365
0.028939
-0.047849
-0.046352
0.012299
0.000195
-0.015509
0.018294
-0.010299
0.008081
0.019688
0.038186
-0.046364
-0.086130
0.017324
0.049193
0.036369
-0.081192
0.005086
-0.001709
0.006834
-0.020670
0.023153
0.002930
0.060732
-0.019181
-0.067599
-0.024804
0.002577
-0.036059
-0.007127
0.057173
0.018210
-0.050087
-0.009264
0.000172
0.048017
0.057364
0.005324
0.026969
0.011388
-0.001983
0.021188
-0.120147
-0.017014
0.010367
-0.044356
-0.074181
-0.049489
0.033271
-0.023268
0.004823
-0.023941
-0.035048
-0.039705
0.001470
-0.020241
-0.029521
-0.031395
-0.048706
0.021835
-0.052847
-0.018163
0.024516
0.001703
-0.046311
0.065149
0.017405
0.023478
0.030305
-0.020728
-0.074943
0.001291
-0.014077
0.024689
-0.024204
-0.035469
-0.005396
0.075909
-0.031711
-0.052164
0.054402
0.007243
0.033721
-0.011331
-0.080575
-0.019107
-0.058026
-0.031449
0.028489
0.018831
0.040923
-0.048892
0.063247
-0.001439
0.009758
0.025207
-0.063864
0.029841
-0.013956
0.006020
0.002826
-0.060390
-0.006156
-0.095767
0.020442
-0.025069
0.015322
0.026642
0.073260
-0.007791
-0.022971
0.015878
0.004131
0.005637
-0.009852
0.012644
0.022452
0.009767
-0.014270
0.010476
0.010331
0.018975
-0.008213
0.023881
0.014543
-0.003282
0.028247
-0.007800
-0.002044
0.003266
-0.016459
0.033572
-0.010449
0.023123
-0.027684
-0.018610
-0.001363
0.000345
-0.011650
-0.003492
-0.021717
-0.004523
0.013332
0.020290
0.016829
0.011001
-0.014478
0.004216
0.027340
0.007954
0.032942
0.009649
0.013414
0.023525
-0.004076
0.002205
-0.017351
-0.009772
-0.000629
0.021960
-0.017134
-0.007815
-0.017932
0.034019
0.033300
-0.002659
0.049034
-0.002861
0.007983
0.003321
0.015535
-0.027709
-0.022611
0.058084
-0.058241
0.012239
-0.047855
-0.053079
0.056806
0.035965
-0.033145
-0.042495
-0.036688
0.022332
-0.046251
0.017635
-0.016306
-0.091513
-0.074500
-0.022376
-0.067342
0.037450
0.041837
0.004118
-0.063618
0.002181
-0.011903
-0.023707
0.036317
-0.148025
0.047729
0.020017
0.008185
-0.006732
0.054572
-0.012651
0.011264
-0.005842
0.048686
-0.060510
0.029290
-0.022126
-0.030871
-0.004657
0.067189
-0.053776
-0.006895
0.003511
-0.010349
-0.025999
0.013221
0.041953
0.037916
0.049272
-0.042637
0.012198
0.027227
0.035243
0.104668
-0.078271
-0.021575
0.039649
-0.014518
0.005353
-0.004590
0.021548
-0.024443
0.029495
-0.019328
-0.026738
-0.016154
0.000768
-0.018288
0.008009
0.017075
-0.003609
-0.020116
-0.012746
-0.015563
-0.040074
-0.009644
-0.008424
0.008087
-0.000311
-0.020758
0.008667
0.006920
-0.047262
0.004533
0.000604
0.072487
0.029376
-0.000292
-0.034648
-0.062897
0.009100
0.041084
0.026478
0.008832
-0.070810
-0.013572
0.046616
-0.015543
0.037647
-0.032675
0.011665
0.008887
-0.022642
0.048682
0.066993
-0.005241
0.009823
0.021878
-0.012428
-0.021300
-0.009365
-0.078686
-0.025583
-0.001461
-0.038124
0.031100
-0.028405
-0.061833
-0.012789
0.060335
-0.004627
0.010232
-0.005148
0.063377
0.016557
-0.022162
-0.037115
-0.027840
-0.024384
-0.029313
0.002135
0.020062
-0.040291
-0.018536
0.056193
0.076758
0.015502
0.123602
-0.048897
0.059166
0.102631
0.067313
-0.003726
0.069043
-0.009063
0.029879
-0.010241
-0.019811
-0.064050
-0.033445
0.022894
-0.015644
-0.004121
0.034744
0.056307
0.056863
-0.046610
-0.053038
0.028953
0.063619
0.039613
-0.035924
0.054959
0.031259
-0.002042
0.040247
-0.024569
0.011424
0.003855
-0.049455
0.005152
-0.093676
-0.007410
0.034675
-0.024018
-0.056058
-0.016355
-0.014537
-0.007287
-0.013816
0.013204
-0.024761
0.027640
-0.044114
0.058331
0.006715
-0.020919
-0.016971
-0.043320
0.005800
0.016671
0.019150
0.041605
0.031618
0.007997
-0.062324
0.044594
0.019764
0.014836
0.050404
0.075241
-0.071029
-0.024673
0.046101
0.027428
-0.052035
-0.012991
-0.051721
0.034989
-0.054042
0.018765
-0.032173
0.025324
-0.011343
0.061756
-0.029060
-0.069135
0.049940
-0.002655
-0.053771
-0.106478
-0.040097
-0.006983
-0.008782
-0.044364
0.003641
0.060990
-0.014063
0.010155
-0.014342
0.086163
0.072534
0.010016
0.035731
0.047364
-0.030971
-0.022587
-0.021254
0.020547
-0.072414
0.011088
-0.073246
-0.019433
-0.010306
0.071972
0.073354
0.015249
0.082160
0.018798
0.071180
0.069945
-0.075580
-0.033249
-0.025053
0.006620
-0.038168
-0.016656
-0.063138
-0.004788
0.005293
-0.050606
0.029779
0.025661
0.026799
0.025545
-0.019911
0.052411
-0.049590
0.053906
0.018330
-0.022383
0.013504
-0.020687
-0.039440
0.033337
0.077491
0.057564
0.005904
-0.016582
-0.029001
0.012170
0.002137
0.040592
0.033322
-0.048892
-0.017120
0.060489
-0.038144
-0.039349
0.012494
0.013737
0.026786
-0.020029
-0.004543
-0.037988
0.013409
-0.043987
-0.034353
-0.023922
-0.030240
-0.053246
-0.006103
0.010100
-0.028161
0.052232
-0.049399
0.013923
0.016892
0.086500
0.023006
-0.011413
-0.021676
-0.016622
-0.004735
-0.013625
-0.006758
0.025282
0.028298
-0.024957
-0.041958
0.021647
0.000263
-0.042604
-0.050809
-0.040129
-0.034077
0.000393
0.059868
-0.017254
0.023469
-0.070092
-0.030897
0.023395
0.055166
-0.030320
-0.017140
0.005690
-0.015192
0.001271
-0.025510
-0.030536
-0.022529
0.005693
0.029318
0.026275
-0.046845
-0.036456
0.043572
-0.022065
0.011389
0.032388
-0.002751
-0.004030
-0.011409
0.062767
0.039848
-0.001404
-0.051498
-0.015702
-0.103665
0.060019
-0.056811
-0.024459
0.003274
-0.103493
0.016973
-0.032165
0.002455
-0.037081
-0.045271
-0.003757
-0.052793
0.050597
0.035259
0.003001
0.015358
0.017390
0.010852
-0.013736
-0.031949
0.023951
0.011671
0.075023
-0.028549
-0.058124
-0.038093
0.024756
0.004271
-0.028577
-0.048534
0.021622
-0.000084
-0.073643
0.031248
0.088089
-0.010523
0.045931
0.011486
0.046049
-0.016988
0.002304
-0.049140
-0.052095
-0.024193
0.058838
0.040337
-0.079322
0.039583
-0.036908
-0.030771
-0.068893
-0.000303
0.004097
0.060285
-0.049698
-0.039750
0.069683
-0.076370
0.020184
-0.075961
0.034452
-0.057670
-0.073339
0.018450
-0.018183
-0.049580
0.020277
0.020573
0.002892
0.001744
0.017358
-0.023245
0.002803
0.011360
0.003751
-0.033608
0.001221
-0.033406
-0.039691
0.008783
0.023493
-0.034431
-0.008332
0.024821
0.041040
0.107470
-0.008940
-0.038664
-0.028406
-0.059572
0.005944
-0.037879
-0.014570
0.040134
0.043550
-0.022106
0.032569
-0.071869
0.061439
0.049792
0.036780
0.068102
0.038795
-0.015629
-0.031884
-0.010964
-0.026138
0.007289
0.045833
0.008377
-0.042863
0.010505
-0.085782
0.023504
0.022844
0.002190
-0.062054
-0.006301
-0.017095
0.046695
-0.057034
-0.006616
-0.018151
-0.030905
0.048265
0.006854
0.009806
0.016677
0.051922
0.031164
0.030627
-0.083087
0.032134
-0.046526
-0.013566
0.019560
0.051445
-0.082417
0.005387
-0.021757
0.007550
0.026302
-0.031900
0.061604
0.090535
0.058664
-0.007252
-0.013977
-0.021659
0.034296
