-0.307376
-0.104861
0.302335
-0.504832
-0.086901
0.162078
-1.257789
-0.441647
1.890856
-0.598514
-0.246444
-0.619863
-0.441159
-0.491445
-0.339402
0.206418
-0.009964
0.745274
1.637979
-1.670565
-0.956877
-0.911468
0.756580
-0.243876
-0.180812
-0.380602
-1.079965
0.681390
-0.124784
0.187053
-0.394206
-0.991488
1.833010
0.117142
0.916618
0.584951
1.069654
0.015248
-1.006089
1.467231
-0.481872
-0.913557
0.018858
0.168665
-0.115518
0.969748
-0.468300
-0.662451
-0.094394
0.827605
0.357650
0.402292
0.899996
-0.093561
-0.336510
-0.256641
-0.900798
0.017535
-0.251220
0.006031
-0.350988
-0.206954
-1.174084
0.867660
0.436550
-0.142488
-0.333837
-0.773600
0.008658
-0.992785
0.120401
1.431175
1.012879
1.009982
0.975383
0.705286
1.498086
-0.410356
0.161258
2.350818
0.417229
-0.816980
-0.541894
-0.653187
-0.352244
-0.253889
-0.325973
-0.714817
-0.032082
-0.713084
0.607884
-0.871729
0.434438
-0.144618
2.178111
-1.409728
0.185737
-1.103723
0.543844
-0.827089
-0.475369
-0.794648
-0.289265
0.037740
-0.512242
0.819141
1.693053
0.331060
0.065016
-0.488496
0.088691
0.033731
-0.049667
1.839327
-0.078558
-0.517547
0.303674
-0.518323
0.088177
0.736871
-0.331526
-0.605202
0.685958
-0.410576
-0.006749
1.128121
-1.023031
-1.889814
-0.621219
-0.098431
5.125018
-0.772046
-0.054902
-0.362360
-0.063289
1.552529
0.838084
-0.687896
1.466851
-0.896639
-0.805395
0.012562
0.066548
-0.158913
-0.337541
0.905990
0.201054
-0.062446
1.792420
0.450768
0.073245
0.028111
0.424069
0.919935
1.446966
0.144343
0.395288
-1.154622
0.077689
-0.005347
-0.719241
0.857149
0.119049
0.003344
0.186123
1.095068
-0.826684
-0.302265
1.021875
0.502035
0.221966
-0.648374
0.625739
0.140725
2.671946
-1.676065
-0.264969
-1.254359
0.597630
0.504532
0.388751
-0.006114
-0.410348
1.064435
0.832335
0.528762
-0.291722
0.087556
-0.453728
-0.903879
-1.193807
-0.128624
-0.824353
0.524534
-1.450409
-0.864205
-0.476920
1.259253
0.026286
2.231233
-0.194606
-0.904940
-0.418339
-0.625985
-0.560501
-0.353732
-0.942249
-1.052847
-0.303006
-0.402727
-1.441640
2.416885
-1.055169
-1.060775
0.883399
-0.934961
-0.180764
0.123031
0.590713
-0.631731
-0.039183
1.378607
-0.489799
0.021764
-0.121409
-0.704472
-0.294731
-0.329860
-1.202725
0.619642
-0.134439
-0.135550
1.293371
0.803494
0.664383
1.161601
0.884046
-0.141486
-0.889837
-0.004311
-0.366095
0.040965
-0.510562
-0.616439
-1.018795
-0.467889
-0.775406
-0.223893
-0.915083
-0.654947
0.812678
-0.722136
0.482412
1.154665
1.420657
0.696187
-0.979044
-0.488953
-0.294575
-0.465512
0.935672
1.318809
0.361725
-1.642537
1.027940
-0.949407
-0.009808
0.758740
0.070235
-0.648951
-0.435500
-0.426725
1.051893
-0.056238
-0.143833
1.682682
0.124205
-0.394032
0.605061
1.547874
0.831574
0.268120
0.649623
1.788723
0.225857
-0.231238
0.738946
1.257826
-0.462015
0.026879
1.556536
-1.206836
1.286254
-0.942724
0.271991
-0.421577
-0.301204
0.018691
-0.127283
0.262350
1.811489
-0.878442
0.306146
-0.072467
-0.271884
-0.540878
0.548970
1.004858
0.484166
0.176791
-1.060473
1.335280
1.151831
-0.609294
-0.422912
0.441574
1.823952
0.587475
0.032031
-0.758167
-0.156380
-0.166205
0.102745
-0.271128
0.017203
-0.000291
0.105845
-0.714578
-0.531904
-0.796428
0.632232
1.980197
0.187823
-0.503049
-0.380622
-0.326248
-0.898949
-0.757287
-0.943467
-0.185744
1.502287
-0.016306
-0.175706
1.942852
0.843879
-0.228818
2.016557
0.089393
-0.286139
1.275733
0.259584
0.855007
0.653713
-0.048787
2.348843
0.496091
-0.668071
0.281534
-1.039634
-0.427175
0.051163
-0.352441
-0.409743
0.398407
-0.343970
0.187279
0.704200
0.740934
-0.045541
-0.102638
-0.797896
-0.503457
-0.180499
-0.056529
0.645406
0.160163
1.688425
0.828303
-0.374443
-0.482560
-0.335064
1.185305
-0.245082
1.373819
-0.016724
-0.782852
-0.189836
-0.550258
0.096771
-0.023948
-0.354883
-1.408370
-0.098055
-0.706109
-0.983820
-0.712132
0.351972
-0.004466
-0.980956
1.038514
-0.855155
-0.563874
0.684465
0.496334
-0.796212
0.265308
1.306696
0.389704
-0.140997
1.296007
0.107353
0.000890
0.030213
-0.163447
-0.094036
-1.589808
-0.100015
0.189438
-0.877969
0.342040
-0.353670
2.690250
-0.765051
0.321624
-0.189659
-0.350893
1.514616
1.699213
-1.045308
0.914172
1.229503
0.151873
-1.354054
-0.436163
-0.690394
-0.590802
0.410390
-0.516455
-0.514107
0.499617
0.023041
0.144256
2.380039
0.166481
0.050636
0.924829
0.200746
-0.436849
-1.230169
-0.323895
-0.104549
0.795843
-0.251609
0.369848
0.443146
0.042491
0.373085
1.437657
0.274277
-0.022581
0.189551
1.207610
-0.967782
0.251616
1.879189
0.777857
0.151066
-0.557876
-0.134463
-0.156435
-0.323782
0.041007
0.167648
-0.150215
0.168844
1.672031
0.211645
0.031091
-0.675716
0.075261
-0.044166
-1.195995
0.005220
0.803625
2.084705
0.511173
-0.337129
0.130678
-0.394279
-0.757289
2.011937
-1.619773
-0.456694
0.116432
-0.180321
-0.163564
-0.188435
-0.042672
-0.877050
-0.985121
2.240349
-0.274333
-0.460523
0.667477
0.399354
0.600920
-0.091286
0.255965
2.318347
0.250509
-0.229519
1.021888
0.365530
-0.515895
0.628159
0.066928
1.686545
-0.116981
1.669034
0.491133
0.668957
0.612386
0.274396
0.306629
-0.063026
-0.009690
-0.881019
0.026004
0.718952
0.921793
0.762299
-0.555434
-0.435723
-0.441231
-0.325247
-0.551971
-0.391645
-0.408126
-0.130439
-0.109935
0.400370
-0.285017
0.199713
1.127349
1.910565
0.151208
0.186735
0.030836
0.307579
-0.365376
-0.279573
-0.256705
-0.388813
-0.418360
-0.374140
-0.229623
-0.169648
-0.277100
2.149302
0.662430
-0.783546
0.089242
0.736127
-0.793612
0.005381
-0.368125
-0.451788
0.881565
-0.098605
-0.901452
0.750250
1.103162
-0.667275
0.222581
-0.248827
-0.089645
2.350018
-0.160608
-0.505491
0.465290
-1.307456
0.143241
0.118406
0.597982
-0.184114
0.195499
-1.569160
0.143714
0.983939
-0.957166
0.092315
-0.234260
1.408128
1.016935
-0.180424
-1.329054
-0.609097
0.304252
-0.001488
0.535182
1.141524
0.480243
0.507650
0.680525
2.450955
0.481341
-0.524716
-0.426299
0.118667
-0.607725
0.376584
-0.373278
-0.427179
-0.063767
-0.153345
-0.454197
-1.020974
-0.923394
0.675130
1.264607
0.689185
-1.046097
0.044858
-0.998199
-0.444965
0.563794
-0.884309
-0.280605
0.062693
-0.034843
-0.262025
0.155525
0.292577
0.201430
0.232551
-0.610235
1.590954
-0.670789
-0.411617
0.939753
-0.744658
-0.252868
1.309295
0.136103
1.065267
0.585317
0.905006
-0.182787
1.557961
-0.652661
1.400997
1.559540
-0.073181
2.366335
0.087217
-0.880006
-1.141681
-0.323741
-0.096602
-0.331851
-1.516609
1.899986
-0.523325
-0.532206
-0.427802
-0.081233
-0.939700
-0.471513
1.130883
-0.678647
0.017937
-0.302419
-0.871420
0.106144
-0.171439
-0.900690
-0.945692
-0.587993
-0.377067
1.148641
-0.759177
-0.538882
0.013113
-0.808505
-0.859492
-0.059836
1.672557
-0.397657
0.406906
0.061299
-0.681242
-0.507232
0.887140
0.109379
2.271652
0.604085
0.338034
1.859415
1.128758
0.859797
-0.256020
0.865351
-0.454087
-0.158443
-0.545379
-0.279745
-0.167194
-0.807546
0.215775
1.609662
-0.103396
1.088476
0.796979
-0.309820
1.209987
1.274982
-0.511299
0.005678
-0.622249
-0.540597
-0.306617
-0.356646
-0.150040
-0.271421
0.053364
-0.305549
0.766455
1.018995
0.632305
0.696185
-0.208193
0.902551
1.390867
0.362472
1.064983
0.571331
0.406684
0.342629
0.844284
-0.273783
-0.547201
-0.341094
-0.808296
-0.411901
-0.362661
-0.934452
-0.012448
0.016212
1.808607
0.025804
-0.126474
-0.428518
-0.163823
0.012211
0.061454
-0.006640
-0.927588
1.771349
-0.845049
-0.506980
0.454353
-0.459118
-0.191437
-0.611875
-0.174869
-0.397391
-0.069861
-0.362977
1.074106
0.468781
0.546100
-0.524851
-0.506062
-0.688620
-0.352224
-0.508040
-0.381307
0.031838
-0.001534
-0.319808
-0.218623
-0.507234
-0.465389
0.220194
-0.094007
1.105333
1.050879
-0.603004
1.065577
1.210216
0.523532
-0.539814
-0.351085
0.143800
-0.455689
-0.338892
-0.250429
-0.403979
-0.512854
0.109430
-0.500377
-0.893800
-0.496486
1.852454
-0.747252
1.585840
0.201773
-0.747203
0.128765
0.016169
-0.809167
0.954080
0.999911
1.351939
-0.250585
-1.026336
0.164959
-1.234996
0.447019
0.092252
-0.769083
-0.410659
0.054009
2.123676
-0.142317
0.107015
0.989354
-0.155657
0.975645
1.167327
0.356750
0.740975
-1.103256
1.477901
-0.417872
0.572091
-0.558405
-1.069555
1.852559
0.100868
-0.467422
-0.515475
1.200314
-0.001922
-0.308356
-0.166037
0.128814
1.438338
0.045593
-0.158512
0.662345
-0.155959
0.668952
1.278100
0.543453
-0.281956
-0.103266
-0.286850
0.036280
-1.163154
-0.215759
1.310867
0.924885
1.052144
-0.362089
-0.692284
-0.489620
-0.455550
-0.078882
-0.274197
-0.291482
-0.851573
-0.465089
0.446568
2.228408
0.360610
-0.364086
-0.782958
0.088912
0.037433
-0.189314
0.339065
-0.093940
-0.768898
-0.217101
-0.144987
-0.101637
-0.301223
-0.846317
-0.631361
-0.841217
-0.661669
-1.011629
0.462866
0.582961
1.730531
-0.220111
0.681885
0.045330
0.839361
-0.615889
0.296079
0.701564
-0.470633
-0.212158
0.172837
-1.211021
0.185093
1.370912
-0.234166
0.677699
-0.660208
1.358037
0.744735
-1.497227
1.758870
-0.523235
-0.551960
-0.483163
-1.252307
-0.057986
-1.207451
3.226381
-2.402402
-0.981156
-0.267968
0.597363
-0.068971
-0.523013
-0.095998
1.895178
-1.323600
0.673245
0.563735
-0.041520
-0.291120
-0.168233
0.179727
-0.348365
-0.430731
2.527904
-0.123238
-0.380061
-0.326273
-0.135417
-0.171936
-0.029278
1.350787
1.165745
0.489824
0.733506
0.104000
0.800636
0.756004
0.129125
-0.547475
-0.023079
-0.428709
-0.543829
-0.278799
-0.363265
-0.204071
-0.211525
-0.486995
-0.545801
0.843863
0.810825
-1.794892
1.659281
0.010223
-0.243420
0.434030
-0.113326
-0.219643
-0.159545
0.134456
2.120828
0.198573
-0.163631
-0.402687
-0.067932
0.082461
0.057214
-0.517477
-0.352037
0.983847
-1.304445
-0.185602
-0.719897
-0.640163
-0.785644
0.886786
-0.818253
-1.173564
0.933641
-1.161567
-0.692583
-1.062451
-0.536575
-0.423218
-0.131784
1.329212
-0.375744
-0.377894
0.179787
-0.369696
-0.324447
-0.443112
0.404828
-0.406928
-0.252535
1.777027
-1.435450
-0.315576
0.101760
-0.083340
-0.203054
-0.309634
-0.504223
-0.128510
1.047843
-0.616971
0.085946
1.860508
-0.938766
-0.374083
0.616813
2.603173
0.972012
0.116002
-0.253704
-0.082680
-0.912410
0.365007
-1.324413
0.267089
-1.157358
-0.283013
-0.860527
0.210868
-0.736811
1.278670
0.705793
-0.568141
-0.391599
-0.753188
1.023817
0.489056
-2.496773
1.753209
-0.195414
-0.286681
0.433320
0.599946
-0.227050
-0.522636
-0.461356
-0.373294
0.440044
-0.587529
-1.039202
1.898875
0.092553
-1.021473
-0.996382
-0.388827
1.062745
-0.206494
-1.084562
-0.520329
1.384161
-0.789225
-0.352660
-0.510196
2.128952
0.431815
-0.874405
-0.351373
-0.353393
0.355791
-0.834886
-0.771847
0.142462
1.144197
-0.619581
1.875127
-0.212143
-0.505432
0.259631
0.150409
-0.231171
-0.296148
-1.172745
0.220823
2.245437
-0.867872
-0.834269
0.594388
0.806533
0.092359
1.577895
0.402689
-1.734072
1.789937
0.126773
-0.243753
0.104801
1.148060
0.471189
0.907895
-0.057213
0.048267
-0.092003
-0.980410
-0.201256
-0.687022
-0.270088
0.532273
0.235299
0.790510
0.497877
-0.107227
0.904976
0.866124
-0.658535
-0.284598
-0.073228
-0.223303
-0.581888
-0.584732
0.429680
-0.380109
-0.248135
0.551337
0.237991
1.715624
0.520117
0.089709
-0.842561
-0.046734
-0.037318
-0.206929
0.142435
-0.405300
0.277980
1.290221
-1.266301
-0.554005
0.150198
-0.482061
-0.206131
-0.652453
0.271102
2.609560
0.259544
0.015640
-1.435401
0.126809
-0.023355
-0.334305
-0.013943
-0.768483
0.510794
-1.098476
-0.271810
-0.634495
-0.776429
0.206487
2.656359
0.474591
-0.393261
-0.239112
-0.505159
-0.366090
-0.376297
-0.416812
-0.183496
-0.321407
-0.177333
0.340305
0.585146
0.320952
-0.026612
0.607861
0.331802
0.009918
0.257744
0.143266
-0.404567
-0.414324
-0.611021
-0.681722
-1.021839
-0.918727
0.666130
2.262668
0.535062
0.642345
1.494342
0.756577
-0.452384
-0.666345
-0.489012
-0.221324
-0.108802
-0.442562
-0.271039
0.013823
0.470076
-0.092629
-0.400529
-0.769365
-1.215787
1.804736
0.810228
-0.179536
1.169410
0.320174
1.260242
-1.045474
1.717392
-0.267356
-0.769172
0.336952
0.264221
-1.147188
0.228756
-0.349271
0.290879
-0.160036
-0.197500
2.376153
-0.193679
-0.151465
0.022955
0.662010
0.082110
-1.567120
1.253475
-1.027527
-0.528032
-0.329456
0.288864
0.511170
-0.745229
0.181886
1.145780
1.722773
-0.226740
0.440507
1.731221
-0.210427
-0.849580
1.386101
0.837913
0.024536
-0.585561
0.276011
0.385595
-0.469930
0.485137
-0.200986
-0.180266
1.185537
0.093558
-1.179909
1.160352
-0.451779
-0.446785
-0.797060
-1.089684
-0.805452
-0.838705
0.676630
-0.639858
-0.701193
-0.508434
-0.682813
0.091638
2.244589
1.102219
-0.270459
-0.384622
0.114754
-0.210470
-0.234936
-0.237137
1.058926
0.942033
0.729212
0.435315
1.106512
0.655083
0.606139
0.246374
0.201807
-0.503444
-0.414075
-0.108953
1.519152
-0.691374
-0.477075
1.446946
-0.824036
-0.387315
-0.432351
-0.452047
-0.352695
-0.594374
-0.086375
-0.733607
-0.331885
-0.685896
-0.384132
0.348755
-0.802188
-0.896024
-0.604075
0.520782
-0.967130
-0.825554
-0.017659
-0.745308
0.115709
-0.484638
-0.103797
1.710551
0.220981
0.480639
0.580532
0.065917
1.743619
-0.963328
-1.012703
0.844695
-0.460659
2.032708
-0.734857
2.220408
1.143346
-0.100544
-0.079505
-0.314964
0.177317
0.229037
0.145174
0.534810
0.773434
1.136052
0.724208
-0.522288
-0.679791
-0.679238
-0.604539
-0.098094
-0.400766
0.325903
0.562002
0.490027
-0.091372
-0.794883
0.096563
1.677372
-0.909264
1.499005
-0.284538
-0.782457
-0.417048
0.116647
0.167617
0.196326
0.334246
0.844722
0.612551
-0.199722
-0.657110
-0.119955
0.322917
1.547711
0.246736
0.698654
-0.972962
1.446014
0.408867
-1.093239
0.665812
2.274143
0.529782
-1.848652
0.123446
0.575985
-0.862642
-1.117836
-1.045914
1.613229
-1.163279
1.812035
-0.086780
-0.357571
-0.404506
0.227148
-0.462195
-0.867378
-0.624250
0.446342
-0.968953
-0.391253
1.864460
-1.458441
-0.154984
0.352820
0.630038
-0.209366
-1.716606
0.713582
0.784893
-0.371626
-0.761334
-0.641006
0.893867
-0.424589
-0.604159
-0.790057
-0.155667
-1.206436
-0.709118
0.436386
-0.091447
-0.642948
-0.610418
-0.527541
1.020590
-0.969603
1.977120
1.220433
-1.095890
-0.664508
0.334788
-0.039689
-0.821004
0.068903
0.948589
-0.129411
0.156552
1.685710
-0.014417
-0.187560
-0.083439
-0.057786
1.036912
-0.109104
-0.314034
-1.231985
0.853262
0.346869
-0.379612
-1.125395
-0.475348
-0.056448
-0.102888
-0.100702
-0.155326
1.574591
-0.164860
-0.088676
0.020376
-0.100453
0.462615
-0.854265
0.065713
0.777134
0.197397
-0.209731
0.759577
1.114788
1.012488
-0.647678
-0.736081
-0.760104
-0.038415
0.537281
-0.152171
-0.680521
-0.925047
-0.618128
-0.646285
2.573732
1.366311
-1.413032
0.227594
0.006354
-0.304002
-0.007628
0.169377
-0.317501
-0.232755
0.372527
-0.568770
-0.144998
1.454425
-0.287435
0.046220
0.242962
0.272402
2.348944
0.163995
-0.299417
-0.140370
-0.491020
-0.768472
-0.558616
-0.541437
0.818725
0.928489
0.729972
-0.087937
-0.708843
-0.132463
-0.595326
-0.326359
-0.470838
-0.365917
-0.265657
0.577577
-1.767341
0.520007
1.242014
-0.646513
-0.058188
0.718434
-0.218931
-0.431091
-0.004866
-0.164062
1.152217
-0.046038
0.237317
0.819164
0.268208
0.052780
0.205751
-0.950237
1.870415
0.658188
-1.270468
0.494338
-0.002032
-1.150918
1.173234
-0.789300
0.525485
-0.557378
4.229034
0.823081
0.038890
-0.971894
-0.226335
0.762304
0.513422
-0.017770
0.959082
0.389920
-0.041384
0.194724
-0.381299
-0.417401
0.070123
-0.788381
-0.478452
-1.333305
0.352175
-1.510680
-0.161873
-0.650850
-0.147596
-0.711483
1.285885
-1.643181
-1.467279
2.848254
1.934956
-0.420705
-0.991862
1.840514
-1.700730
1.178589
-1.356204
-0.012977
-0.568694
0.071460
0.667276
1.253115
0.549954
-0.480601
-0.130870
-1.209057
-1.012329
-0.182736
1.830582
-0.395555
-0.002926
-0.561222
-0.271467
-0.409667
-0.216498
-0.403785
-0.477932
-0.360990
0.042040
-0.452764
-0.014064
-0.692518
-0.715211
-0.767499
-0.835679
-0.486418
-0.690457
-0.814044
-0.360641
-0.801086
-0.501016
2.470690
1.967795
-1.334641
-0.478079
-0.835476
0.824749
-0.195335
-0.359629
1.335565
0.397569
-0.298065
0.733061
-1.198264
1.112307
0.230979
0.356463
0.441208
-0.429956
-1.806928
-0.308466
-0.448314
1.389398
-1.154276
0.556961
0.536385
-0.466652
-0.218912
-1.400319
0.046674
-0.773537
0.874555
-1.080899
-0.612343
-0.440332
-0.453921
1.103199
0.353164
1.985054
0.942876
-2.973685
1.118154
-0.622940
-1.062921
-0.641073
0.953704
0.615824
0.907159
-0.194403
-0.285587
0.007243
-0.537223
-0.784087
-0.400608
-0.419567
-0.581648
-0.300079
0.143855
-0.600016
0.309079
1.075450
0.748400
0.805410
1.000021
0.438524
-0.248062
1.651713
-0.437042
-0.451046
-0.073570
0.036766
-0.179104
0.662626
0.539975
0.711444
0.116035
0.697606
0.211965
0.098515
-0.290724
0.067700
-0.824914
0.286410
1.173459
-0.233924
-0.802147
0.826651
-0.530035
-0.357705
1.023165
-0.713637
-0.466752
-0.517621
0.457206
0.129377
-1.337220
-0.731964
-0.391384
-0.591594
-0.120039
0.780727
-0.407254
-0.012043
2.529422
-0.104311
-0.330265
0.254037
-0.354148
1.037424
0.156845
0.032855
0.901048
-0.108693
-0.555166
0.829475
-0.651661
-0.459455
0.911787
1.297871
1.258627
-0.492358
1.116886
-0.640541
0.949998
2.167561
0.081628
0.885102
0.484493
0.981843
0.103440
0.718620
0.222434
0.679088
0.287710
0.507043
-0.556333
-0.508555
-0.505119
-0.824583
0.851458
-0.760435
-0.888570
-0.904066
-0.652534
-0.416838
1.279511
1.149705
-0.464296
-0.160216
-0.531696
-0.427570
-0.273921
-0.112398
-0.413635
-0.886531
-0.340792
-0.866396
1.665041
-1.160942
0.370541
-0.615265
-0.395961
0.963031
0.819165
1.474891
-0.721078
-0.014352
-0.122652
-0.595694
-0.069719
0.374621
0.371362
-0.041291
0.175766
0.902463
2.227538
0.855896
0.228764
-0.400547
0.517620
-0.765390
0.030555
-0.991702
0.028120
1.745601
1.137458
-0.046223
0.497791
-0.109052
0.916901
0.364820
0.960579
-0.574022
1.042301
1.721715
0.023225
0.296306
0.177538
-0.288526
-0.253642
0.078240
-0.105553
-0.210675
-0.123903
1.468865
-2.001774
1.799467
-0.114784
-0.675448
-0.148139
0.574277
1.119339
-0.691082
1.922256
-0.778658
-0.707251
-0.049321
-1.057945
2.094920
0.074849
-0.245486
-0.926578
0.277962
-0.108599
0.684646
-0.711522
0.823607
-0.117343
-0.264543
-0.001523
-0.241273
-0.766070
-0.162820
1.707502
0.151389
0.857109
-1.630545
-0.010521
-0.207750
-0.827400
-0.450763
-0.672051
-0.104811
-0.535269
-0.761456
-0.446845
0.956370
1.753313
0.862685
0.637061
-1.197116
0.721962
1.050799
0.088881
-1.073725
0.765982
0.111544
-0.691016
0.351356
0.021878
-0.217600
-1.562597
0.333973
2.315242
-1.074702
0.528747
-1.086737
0.956570
1.194450
-0.902954
0.365905
-0.232272
0.540549
0.355640
4.348608
-0.454691
-0.342449
-0.688184
-0.168403
-0.351531
0.262507
-0.278158
-0.641425
1.395919
-0.861309
-0.080421
0.890014
0.065036
-0.431788
-0.960292
-0.370927
-0.930031
-0.271712
-0.300551
-0.559945
-0.863515
-0.236733
-0.373738
-0.695650
-0.409434
-0.044609
-1.331717
-0.295284
-0.071485
0.895256
0.661811
-0.568530
1.470633
1.168773
-0.178503
-1.031432
0.885414
0.149637
-0.638043
-1.152364
-0.445705
-0.287131
-0.117925
-0.163863
-0.426759
-0.239821
-0.088848
-0.111130
-0.423304
0.817779
1.672492
0.793876
-0.069099
-0.390178
-0.175489
0.012536
-0.236029
0.091922
0.205536
-0.480819
-0.139862
-0.225833
0.347651
-0.138004
0.019547
1.910151
0.027715
0.167440
0.826315
0.262633
-0.068182
0.045774
-0.021518
0.570888
0.730207
0.639728
-0.540188
-0.685751
0.766215
0.589100
-1.303917
1.346263
0.470450
-0.779230
-0.933188
0.143032
0.335077
1.141972
-0.531846
-0.072183
1.669867
0.130249
-0.211701
0.184356
0.264766
-0.105635
-0.149335
0.635370
0.962550
-0.306574
0.110695
-0.080601
0.017882
0.405298
0.954011
0.309222
-0.345624
-0.046329
-0.264040
-0.228126
-0.207018
-0.208127
0.077278
-0.648785
-0.365584
1.610186
-0.659270
-0.567738
0.821175
-0.036482
-0.299147
0.126718
-0.891275
-0.016280
0.484243
-0.902738
0.537385
0.867009
1.260482
0.937874
0.152758
0.342275
0.153305
0.421662
1.371074
1.022515
-0.184217
-0.467293
-0.024689
-0.026521
-0.600092
0.022512
1.555131
-0.722287
0.764978
0.537292
0.662551
0.007562
0.035295
-0.444171
-0.848232
-0.651521
1.419818
0.887154
-1.670526
1.359326
0.607339
-1.025649
-0.312951
0.322310
-0.315174
-0.352643
0.152075
-0.448913
-0.689729
-0.580838
-0.079587
-0.072619
0.071677
-0.070582
1.632806
-0.205670
0.454108
0.136376
-0.179225
0.093925
-1.326144
-0.461737
-0.679673
0.350972
0.200942
-1.123753
1.422811
1.428183
1.111527
0.122985
-0.667227
0.620112
-0.331565
-0.556119
-0.047000
0.031510
0.427491
-0.846896
-0.362933
-0.379487
0.333780
-0.650448
0.995745
0.587927
-0.029247
1.161384
-0.226362
-0.634470
-0.366698
-0.602433
-0.146558
-0.675300
-0.550301
-0.012644
-0.490716
-0.051813
0.352883
-0.327016
-0.128453
-0.443969
-0.073911
0.970610
0.918730
0.870046
1.016701
-0.180558
0.901405
-0.713341
1.530350
-0.298732
-0.764316
-0.646510
-0.758899
-0.327643
-0.515929
-0.649812
0.585702
-0.629712
-0.463941
1.383048
1.355225
-0.829970
-0.774902
0.255072
1.873348
-0.233080
-0.901446
0.656139
-0.080140
-0.625256
-0.884111
0.456081
0.129344
0.616033
1.524402
-1.246708
1.429850
0.345117
-0.683048
0.082612
-0.134433
0.321741
0.391152
-0.454193
0.154391
1.416319
1.076221
0.044219
0.630957
-0.621309
-0.870479
-0.810028
1.321502
0.108309
0.630171
-1.252631
-0.383137
-0.678445
0.669215
-0.410849
0.216473
0.675173
-1.325418
1.679711
-0.269500
0.530042
0.438816
0.061008
-0.128608
-0.374820
0.117492
1.379188
-0.261892
-0.225652
0.426894
0.736190
-0.223881
0.183547
1.662487
-0.350542
-0.540165
1.004342
-0.789639
-0.762712
-0.574757
-1.332763
0.295084
0.429116
-1.356104
0.757926
-0.901872
0.824281
-0.399850
-1.018837
-0.011056
-0.929170
0.002851
-0.187302
-0.786898
-0.383197
-0.710912
-0.370376
-0.439616
-0.711657
0.228998
-0.830747
0.801860
-0.448416
0.788054
-1.013404
2.086243
-0.985701
0.516807
-0.018340
-0.495137
1.578424
-0.141205
-1.314762
0.507462
-0.056942
-0.458317
-0.357571
0.750415
-0.582130
-0.889647
0.748507
-0.934903
-0.467857
-1.158816
-0.536538
0.619330
1.721739
0.748167
0.106260
-1.035296
0.457197
-0.261267
-0.672470
-0.199768
-1.039452
0.576648
0.637840
-0.977926
0.636975
0.255914
-0.997322
-0.348647
0.370298
1.271839
-0.857113
-0.493964
0.775311
-1.004180
-0.296133
-0.787372
-0.348090
-0.544734
-0.394173
-0.431957
-0.226281
0.051100
-0.195409
0.080243
-0.336678
-0.526508
-0.246539
0.932574
0.470996
0.517870
-0.008867
0.806846
1.580113
0.044251
0.186117
0.298923
0.983688
-1.085442
-0.506701
1.344758
-0.336258
-1.517654
0.462009
0.144528
-0.197783
-0.550376
-0.622018
-0.454755
-0.296065
0.022514
-0.124875
0.618492
0.562631
0.215887
