0.457076
0.565160
-0.285315
0.494536
-0.312444
0.055041
0.371239
-0.188932
0.380970
0.385150
0.432784
0.694250
-0.069494
0.118589
0.459932
0.745756
0.288086
0.547755
0.462682
-0.621382
0.048440
0.354301
0.170169
0.264909
0.002503
0.610110
-0.514341
0.472197
-0.113311
0.072847
0.493827
0.269285
-0.277695
-0.472001
0.082130
-0.056689
0.028365
0.047036
0.606026
0.667509
0.249832
0.591134
0.391154
-0.311807
0.562765
0.138365
0.351631
-0.090973
-0.428422
0.279392
0.025102
-0.206460
0.191834
-0.858906
0.274297
0.756248
0.358119
0.469771
0.212632
0.410210
-1.098726
-0.144954
0.096147
0.975323
-0.459923
0.324599
-0.145228
0.301698
0.624663
0.522429
0.272886
0.443357
0.157513
0.232060
0.509570
0.081525
-0.056236
0.109055
0.517472
0.225257
0.420683
0.180317
0.441840
-0.341386
0.315620
0.831564
-0.612023
0.372554
0.203304
0.080557
0.538550
0.261675
0.472785
0.802558
0.207475
0.370429
0.147503
0.238655
0.512651
-0.367934
0.703445
-0.072293
-0.269477
-0.643340
-0.058490
0.492221
-0.053618
0.381832
-0.081408
0.038806
0.419636
0.217796
0.413070
0.392093
0.055647
0.421246
-0.224040
0.586662
0.289245
0.892505
0.685586
0.616653
0.195633
0.733474
-0.571874
-0.154040
0.496204
0.774579
-0.442322
0.373707
0.626808
-0.423655
-0.187391
-0.228258
0.467484
0.347499
-0.127555
0.404128
0.377229
0.327009
-0.025379
0.329290
-0.457807
-0.558251
0.273795
0.059258
-0.279105
0.271726
0.628900
-0.104325
0.422393
0.248989
0.400441
0.072797
0.137687
0.241721
0.414654
0.613551
-0.093610
0.097514
0.693000
0.144465
0.721883
0.230872
0.282759
0.321565
0.338114
0.131492
0.658468
-0.444582
0.422767
0.135340
0.107666
0.441767
0.164631
0.085605
-0.352430
-0.299914
-0.127119
0.241283
0.709460
-0.194606
0.571100
-0.114414
-0.314773
0.520372
0.360683
0.433043
0.066242
0.033237
0.229655
0.232162
0.519434
-0.114971
0.619709
0.165429
-0.216814
0.479465
-0.414862
0.122453
0.609129
-0.046187
-0.201150
0.227715
-0.008286
-0.512077
0.322464
0.509973
0.157413
0.408660
-0.310887
-0.423268
-0.472543
0.506354
0.173834
0.627766
-0.055860
1.225747
0.309569
-0.035585
-0.212000
-0.123176
-1.009053
0.581198
0.142843
-0.103537
-0.206695
0.383224
0.589348
-0.600922
0.073790
0.645180
-0.033724
0.208854
0.189274
-0.232233
-0.160055
0.293867
0.007357
0.399529
-0.334617
0.213786
-0.214806
0.256870
-0.419071
-0.113247
0.170799
0.095528
0.286705
0.434009
0.392478
0.328987
-0.569807
0.170716
-0.291634
0.443927
