0.094590
0.127218
0.467592
0.048519
-0.602035
0.478661
-0.131898
0.359553
-0.284799
0.078115
1.073169
0.090759
-0.001459
0.416051
-0.049736
0.401083
-0.111384
-0.123952
-0.159922
0.137024
-0.487268
-0.038852
0.309068
-0.832452
0.045197
-0.369888
0.921182
0.670915
-0.165462
-0.595922
-0.366355
-0.086786
0.274327
-0.758974
-0.128475
0.074473
-0.402534
0.272923
0.499929
-0.331786
1.124451
0.787166
0.084369
0.203614
0.408666
0.559594
-0.654790
0.430358
0.140731
0.408943
0.411022
-0.210138
0.436786
0.210859
-0.068728
-0.250306
-0.031348
0.321224
0.758950
0.181608
0.487679
-0.444681
0.765491
-0.620360
0.496045
0.280813
0.054893
0.742628
-0.012884
0.266947
0.184584
0.444315
-0.476662
0.038951
0.619329
-0.311926
0.358693
0.321777
0.365265
0.325785
-0.042792
-0.380040
0.211686
-0.153047
-0.085420
0.330192
-0.077408
-0.114702
0.105781
0.676916
0.208204
0.311377
0.227879
-0.043971
-0.461155
0.356966
0.780944
-0.180964
0.545658
-0.152681
-0.500435
-0.251562
0.427157
-0.360003
-0.321319
0.020191
-0.084538
-0.027986
0.367909
-0.844458
0.529260
-0.024373
-0.175616
0.202741
-0.624961
0.135324
0.584131
0.380046
0.354620
-0.565042
0.297507
0.246596
0.262854
0.368060
0.292313
-0.421970
0.188585
-0.195622
0.617664
-0.024800
-0.040134
0.761637
-0.611592
-0.244993
-0.475833
-0.601421
-0.118890
-0.097068
-0.470671
-0.041314
0.667854
0.382828
-0.023902
-0.454282
-0.085894
0.572446
0.355826
0.003928
-0.335601
0.684986
0.086090
0.291959
0.352000
-0.304447
0.066532
0.165191
0.397221
-0.242299
-0.152421
0.292674
-0.280945
-0.399840
0.236348
0.288087
0.421860
0.292132
-0.110591
0.155176
-0.423832
0.381269
0.299802
0.419355
-0.310297
0.210763
0.104384
-0.162144
-0.083250
0.435657
0.769205
-0.031497
0.773815
-0.432820
0.662720
-0.022904
0.091394
-0.099561
0.494152
-0.308902
-0.487021
0.303049
0.261160
-0.004782
0.308693
-0.370054
-0.695302
0.460659
-0.872357
0.048709
0.256360
-0.352715
-0.587110
-0.230351
-0.077036
0.307705
-0.185260
-0.778128
0.353400
0.293869
0.191361
0.902207
-0.310471
-0.026983
0.473849
-0.212959
-0.461952
-0.098456
0.457608
0.217620
-0.179524
0.349245
-0.171312
0.795005
0.523732
0.524286
-0.302724
-0.144638
0.399944
0.249015
-0.055441
0.510033
0.142514
-0.526031
0.639270
0.577607
-0.429577
0.283316
-0.391852
0.455574
-0.077742
0.402916
1.135921
0.486514
-0.618554
-0.117549
-0.178013
0.155669
0.115119
0.394197
-0.239931
0.286963
-0.074138
0.570061
0.124890
0.427998
-0.432429
0.114469
