0.082872
0.141854
0.110681
-0.776258
-1.028809
2.136943
0.060177
-0.215547
0.724462
-0.362655
1.162262
-0.096048
-0.342252
1.405563
0.489902
-0.514879
-2.081870
-0.160068
0.697985
0.537271
0.051455
1.223927
0.006217
0.047798
0.347507
-0.591258
-0.583467
-0.223181
-0.643571
-0.276725
0.425816
2.365844
0.388706
-0.172385
-0.865517
-0.055058
0.218660
0.688720
-0.041158
1.264663
-0.719982
-0.495050
-0.377820
-0.205763
0.349822
0.848556
0.672898
0.753527
-0.837689
-0.535600
-0.470580
-0.328408
1.407022
0.824413
-0.409865
-1.158582
0.708828
-1.820989
1.140358
2.240793
-1.280663
-2.305224
-0.757258
-0.494250
-0.241628
-0.349496
-0.506776
-0.842967
-0.099006
-0.568373
0.836457
1.014675
0.101946
0.340429
0.047172
-0.005213
1.795744
0.272665
0.167767
1.893940
0.071059
0.049615
0.656773
-0.258266
0.561969
2.626558
-0.433348
0.366293
0.376701
-0.696134
0.219203
-0.052771
0.314418
0.136794
-1.079512
0.214686
1.073649
1.131823
0.957598
-0.546440
-0.893534
-0.503723
0.581471
0.545662
-1.442279
-1.191520
-0.024362
0.423722
1.478937
-0.152019
-0.644461
-0.615315
0.203851
-1.092071
-0.564614
0.304854
-0.294769
-0.448366
0.109165
-0.541346
-0.247306
-1.484325
-0.143209
1.016601
1.433218
0.639481
0.325708
0.844812
0.446177
-0.253611
-0.590693
0.241063
0.663210
1.422795
0.708453
-0.456476
-0.457233
-0.624251
-0.584014
0.425061
-0.589575
-0.567681
-0.295482
-0.673338
0.258049
0.765520
0.200634
-1.138928
0.351101
-1.219495
-0.886754
-1.117098
-0.826010
-1.463420
-0.903543
-0.103854
0.239302
0.238360
-0.892335
-0.988611
-0.525037
-0.205680
-0.292613
2.935112
-1.210178
-0.591768
0.407200
-1.004847
0.433550
0.663904
0.265657
-0.146505
0.204204
-0.160063
-0.290836
0.003941
-0.251185
0.276656
1.414736
0.151415
-0.053448
0.899259
0.528455
-0.925276
0.732753
0.396433
-0.766851
0.139972
0.036437
0.625356
-0.550895
1.008335
-0.427778
-1.501187
-0.007424
1.304377
1.670688
0.436630
-0.028138
-0.913881
0.759892
-0.131633
0.834628
0.114286
0.977509
1.993830
-0.626466
1.086544
1.534530
0.886929
-0.243925
-0.943470
-0.444798
-0.094284
-1.366658
-0.148239
0.666951
2.502500
0.629768
0.615184
0.941119
0.567107
0.304205
0.697347
0.365565
-0.651676
-0.537115
-0.715398
-0.677087
0.033320
-0.268647
-0.169044
-1.147759
-0.521216
-0.536089
-0.508863
-0.551920
-0.322181
0.495940
-0.466772
-0.569806
-0.561025
-0.479829
0.498126
-1.105912
0.191964
-0.242359
2.383002
0.422219
0.701108
1.548805
-0.084798
0.270612
-0.140347
1.484698
0.624581
1.542429
0.609297
1.354823
0.307337
-0.082640
-0.656269
0.189650
-0.353300
-0.268126
1.820234
-1.018707
0.150096
0.623142
-1.284518
1.528061
0.250983
-1.587182
-1.167685
-0.384124
1.376609
-1.220915
0.879836
1.069913
-0.595481
-1.051543
-0.323120
-1.856918
3.400757
-1.444405
-0.080835
-0.035568
-1.070535
-0.135219
-0.683519
0.330310
0.056902
0.316268
0.696646
-0.185437
0.544748
0.786973
-0.185322
0.811656
-0.074624
0.483811
1.462272
0.657513
-0.045388
-0.104978
0.114634
0.149644
1.897063
0.277990
-0.799294
-0.209906
-0.593582
-0.070289
1.711022
0.251147
-0.123614
-0.384533
-0.101230
-0.357842
-0.702161
-0.174722
-0.355750
-0.444288
-0.431957
-0.403226
-1.252272
0.931207
-0.443643
1.442639
1.320480
-0.084109
-0.650729
-0.290593
1.263382
-0.129146
-0.173796
0.329646
0.831198
0.313540
0.083477
1.372953
-0.202393
0.795621
1.349093
1.066111
-0.670181
0.374201
-0.697863
-0.135595
2.532815
0.259956
-1.077421
-0.921452
1.925014
0.140094
1.288818
-1.037353
0.815916
-0.111272
-0.981121
-0.409593
-0.082242
0.387953
-0.975932
-0.205347
1.139903
-0.874900
0.011649
0.890603
0.106361
0.684740
-0.398025
0.250333
0.307444
-1.111044
0.981891
2.056960
-1.186642
1.203911
0.105958
-0.005644
1.344889
-1.303307
1.123654
0.971212
0.169954
-0.006690
-0.177200
-0.303378
-0.220714
0.664805
1.867861
0.255049
-0.346366
-0.337143
-0.282468
2.156199
-1.125385
-1.209806
-1.711102
0.808998
0.596234
-0.935858
0.042609
0.432222
-1.312018
1.679153
0.907310
-1.032212
-1.109934
1.725033
1.649123
-0.089801
-0.636907
-0.054214
-0.366147
-0.235110
-0.056193
-1.190841
0.185194
1.205410
0.968382
0.832450
0.292590
0.277295
-0.663345
2.429634
-0.285763
-0.097135
0.321130
-1.456470
-0.470028
-0.440183
-0.694011
-0.526374
0.185357
-0.033871
-0.446601
-0.334844
0.276789
-0.584197
-1.482754
0.401161
1.937894
-0.142474
-0.687784
1.750706
-1.180640
0.999814
1.135247
-0.343754
-0.577192
-0.478399
-0.087195
-0.362982
0.006652
1.375391
0.917854
1.513943
0.662403
-0.307360
-0.046015
1.607599
-0.093597
-0.689554
0.222552
0.318659
-0.008227
-0.502047
-0.919415
2.462497
0.117770
-0.034611
-0.548481
-0.079724
-0.647543
-0.648327
-0.017031
0.412935
-0.144802
-0.368643
-0.595262
-0.450751
-0.014341
0.952336
0.121211
1.325750
0.548174
0.666050
-0.206245
-1.019764
0.464523
-0.142618
-0.325183
-0.070576
-1.316883
-0.259192
-0.905027
0.066706
-0.947951
0.032215
-0.177195
-0.034469
-0.191785
-0.164595
-0.925076
0.411025
-0.151545
-0.025687
-0.969255
0.800222
2.111184
-0.676114
0.113895
-0.291366
-0.368429
-1.553571
-0.699620
1.912366
-0.579404
-0.195810
1.031754
-0.402534
0.345904
-0.042056
-0.682799
-0.464497
0.316517
3.554020
-0.916342
-1.401928
-0.497247
1.775323
-0.989500
0.362435
-0.808122
-0.788450
-0.601972
-0.905097
-0.661563
-0.121246
-0.259829
-0.019974
-0.178402
-0.589980
-0.235091
0.074992
0.198283
0.085138
-0.682104
0.275099
-0.721587
-0.377636
-0.453011
-0.183566
-0.591027
-0.609288
-0.504227
-0.708750
0.555356
0.511136
-1.095421
-0.434996
-0.816761
-0.993245
-0.760823
1.703054
-0.965706
-0.013020
0.836050
-0.533078
-1.584246
2.047026
-0.224900
-0.666576
0.052778
-0.159771
0.349248
-0.233068
-0.581073
0.231356
-0.495031
-0.427150
-0.464229
-0.554454
0.405112
1.412581
-0.461513
0.367197
1.619268
-0.641004
-0.037493
-0.773749
-0.942051
-0.520708
-0.237648
0.165949
-0.769244
0.517714
1.062931
-0.604993
0.187582
0.898772
-0.614174
0.036318
0.253593
-1.205320
0.357279
1.736589
-0.537981
0.774026
0.947452
-0.312098
-0.208674
1.554701
0.572809
-1.365180
1.763859
-0.420926
0.055459
-1.107179
-0.432397
-0.176771
0.112485
0.270926
0.093683
-0.371731
-1.071363
-0.761879
-0.941072
-1.586746
2.169673
-1.189634
-0.826108
0.833917
-0.930932
0.337290
-0.829861
0.356673
1.159164
1.308817
1.341179
-0.032247
0.932198
0.157585
-0.024160
-0.271897
-0.181555
1.123876
0.900454
0.336327
1.440306
2.897932
-2.639539
-1.355732
1.801263
0.898735
0.553124
1.732018
0.621661
-0.032621
-0.388125
-0.118470
-0.388949
-1.308805
-0.363486
0.605689
2.094011
0.670019
-0.067475
-1.557353
-0.194379
-0.158493
0.427311
-0.436578
-0.532046
-0.068126
-0.509087
0.168206
-0.980666
0.172548
0.246587
1.746215
0.593404
0.113082
-0.199381
0.119534
-0.493613
-0.797744
-0.402821
-0.792400
-0.360810
-0.806422
0.030047
0.143487
0.751857
1.042863
0.567675
-0.489670
-0.191673
0.953810
0.476179
0.418354
0.266631
-0.635121
1.677095
-1.323928
-0.280519
0.707193
-0.074570
-0.567128
0.080366
1.231865
0.799078
-0.112683
1.964440
0.396039
-0.056528
-1.159068
-0.577920
-0.370157
2.119481
0.416938
-0.210760
0.506240
-0.966201
-0.145421
-1.310383
-0.532008
-1.594950
1.313153
2.231541
0.563824
2.045290
-0.517975
1.765093
-0.684156
0.553384
-0.624200
-0.512102
-0.459061
-0.670557
0.003415
-0.881028
0.939858
0.762074
1.088547
0.211635
-0.621045
-0.161501
-0.289043
1.928789
-0.161965
-0.192694
1.168944
0.347125
0.095292
-0.666236
-0.784360
-0.506524
-0.626347
-0.698580
-0.669906
-0.998147
1.574838
-0.405737
-0.552897
-0.307837
-0.118612
-0.034482
0.032283
-0.509244
-1.119848
-0.630032
0.190222
0.250959
0.337886
0.049393
0.588304
0.323915
-0.024145
0.558019
0.051490
0.397219
2.655683
-0.015412
0.034113
1.207981
-0.338206
-0.471529
-1.127473
0.075825
0.607540
-0.992050
0.797839
-0.197828
0.591036
0.918115
0.570396
1.246290
0.252437
-0.343533
-1.123599
1.267271
-0.849938
-0.501183
0.318481
-0.235674
1.591102
-0.890149
0.026539
-1.155662
0.104385
-0.967524
-0.308145
-0.911613
-0.741226
-0.177347
-0.805277
1.126723
-0.205341
-0.778707
1.540027
-0.281255
-0.353161
-0.121233
0.221655
-0.344835
-0.021716
-0.697888
-0.433963
-0.320431
2.173089
-1.406434
0.459647
2.636326
-0.576728
-0.128403
-0.267262
0.205995
-0.803805
0.500636
-1.023976
-0.208106
-1.120532
-0.447631
0.752190
0.919399
0.860369
-0.825027
-0.372614
-0.805464
-0.720373
0.612318
-0.638871
0.193238
-0.266325
0.091092
-0.127806
-1.213684
-0.095379
0.929387
1.403548
0.746126
-0.346906
-0.270534
-0.570396
-0.094218
0.070756
0.141954
-0.952811
2.389120
0.487385
0.498626
1.022236
1.278492
0.844521
-1.462221
-0.155556
0.530816
0.544370
0.048407
0.428861
-0.185649
-0.224898
1.214151
-0.044937
1.766737
-0.177376
1.154304
0.552793
0.330080
0.187891
-0.064561
0.816892
0.716255
-0.557893
0.051698
0.701004
0.170142
0.538359
0.536766
0.388319
0.157691
0.966130
0.251122
0.569794
0.103569
0.613828
0.654813
0.678999
0.174234
1.264554
1.013243
-0.230293
0.011744
-0.844259
-0.879735
0.916730
-0.179936
-0.455318
0.528642
0.176853
-0.662342
1.093247
0.342351
-0.389359
0.697806
-0.305716
-0.253245
0.289938
-0.572852
-0.256494
-0.227979
-0.498374
-0.291299
-0.860207
-0.990540
-0.828911
-0.056589
0.276950
-0.206498
1.624507
-0.258872
-0.245019
1.657640
-1.536979
0.061563
0.157644
-0.776891
0.031028
-0.298492
1.871601
0.119438
0.409418
2.074924
0.805826
-0.268712
-0.460693
-0.499359
-0.139381
-0.527453
-0.285200
-0.044710
-0.825337
-0.841369
-0.196275
0.234135
-0.182824
1.986273
-0.157127
-2.065973
-0.030882
0.529423
0.439007
-0.960991
-0.955513
-0.822408
-0.652118
-0.567002
-0.504110
-0.210861
-0.322142
-0.357935
-0.626862
-0.618891
1.708705
-0.000976
0.308184
1.493213
-1.128796
-0.230104
1.479825
0.049316
-0.765352
1.644386
-0.344358
0.040592
0.355255
0.939446
2.457150
0.996604
0.380274
0.114294
0.344773
0.477927
0.569965
0.170270
-0.014183
-0.046345
0.326176
0.225468
-0.887727
1.499344
-0.481824
-0.061557
1.359129
-0.486762
-0.267828
-0.414084
0.687509
2.502402
0.937109
0.039232
-0.465922
0.097089
-0.196322
-1.136157
-0.144870
1.750616
0.494881
-1.005443
0.072842
0.456937
-0.626701
0.140284
0.371519
0.077290
-0.703862
1.406959
-0.506133
0.297871
2.418988
0.536706
-0.249295
-0.300076
-0.150644
-0.678568
-0.198737
-0.438144
-0.472052
-0.390421
-0.656764
-0.824997
-0.726313
-0.825911
-0.392840
-1.190967
-0.309904
0.067677
-0.461315
0.200158
0.173999
-0.069333
0.864510
1.930646
-0.619628
-0.077196
-0.182282
0.392725
-0.611182
-0.588383
-0.944628
-1.057916
-0.931908
0.122884
-0.526421
0.240577
0.813338
0.351895
-0.556440
-0.391439
-0.781142
0.328208
0.363790
-0.880821
-1.267745
-0.388240
-0.416376
0.296458
0.874447
0.297479
0.576782
-1.296045
0.594215
0.784037
1.065690
0.897223
-0.875355
0.316247
0.684887
-1.885438
2.171856
-0.776548
0.742194
-0.382685
-0.813021
-0.812113
0.450523
0.802090
-1.061620
0.592244
0.725916
-0.788911
0.213639
0.754148
0.075611
-0.586093
0.170588
-0.074515
2.078037
-0.017615
0.124527
-0.269961
0.134754
0.690488
1.271313
0.082928
0.550801
1.121043
-0.004395
0.229774
-0.452839
0.230978
0.495490
-0.227404
0.628919
0.631652
1.837173
0.741264
0.366487
0.074244
0.408315
0.137038
0.780684
0.108572
-0.226452
-0.959225
-0.108675
0.433771
0.515237
0.682265
-0.429459
-0.131381
-0.183698
-0.468192
-0.663439
-0.209895
-0.287892
-0.295366
0.011230
1.490360
-2.250552
1.524021
-0.584872
-0.386925
-0.521140
0.862692
-1.250633
1.225263
-0.543301
-0.284293
-0.596374
-1.253800
-0.810347
1.627388
-0.139784
0.458437
0.812529
-0.061580
1.350201
-0.226273
0.679410
0.386009
0.236556
-0.176116
0.192115
-0.020568
0.685546
0.274560
-0.037053
0.884130
-0.470664
0.510895
1.025983
1.120100
1.139344
-0.760040
-0.711823
0.151024
-0.636992
0.033441
0.771087
-0.652962
0.212503
0.079523
0.009659
-0.369847
-0.609613
-0.097723
-0.119059
2.784922
-0.337249
0.470996
0.453243
1.958238
-0.485802
-0.587245
-0.043489
-0.796213
1.375256
-0.506345
-0.429458
0.939076
-0.035534
0.000581
-0.338073
-0.547126
0.427494
-0.537178
1.059043
1.644008
0.942018
0.375512
-0.631689
-0.369496
1.354215
-1.530543
0.844353
-0.069168
-0.559121
0.062435
0.021836
-0.332062
-0.005585
0.184510
1.737589
-0.057076
-1.037426
-0.966625
-0.938643
-0.355690
0.947585
-1.599878
0.943759
1.266085
-0.405441
-0.765445
1.115596
-1.763946
-0.204176
-1.008446
-0.434266
0.348242
-0.475565
-0.318799
1.030807
1.602075
-0.171037
0.519593
-1.712209
0.877501
-1.593787
-0.399766
-0.187611
-0.936198
-0.137378
-0.532084
0.003608
-0.487986
1.842833
0.937183
-0.556220
0.096724
-0.211965
-0.417500
-0.337037
-0.356569
-0.246387
0.445235
-0.355570
1.047655
-0.023575
0.350874
0.481502
-0.110508
-1.281582
-0.695977
-0.273715
-0.116700
0.929504
1.094417
0.054728
1.210659
0.737280
-0.091649
-0.253401
-0.098438
0.989968
-0.093352
0.793503
1.016723
0.000286
1.013136
0.169480
-0.675269
0.079148
1.381862
0.174333
1.422822
-0.572524
-0.069197
-0.615697
0.946494
2.212611
0.850860
0.709538
-0.090501
0.831322
0.246367
0.559090
0.145305
-0.468061
-1.039469
-0.347889
-0.898349
-0.131823
-0.852422
-0.856463
0.908960
-0.836045
-0.335705
0.100425
0.284751
-0.756363
-0.165772
1.366297
-0.285515
0.191012
0.732941
0.603524
2.574865
0.241843
-1.302714
0.196088
-1.238655
-0.469443
-0.308728
-0.041388
2.059283
-1.854605
-1.302279
1.190727
2.974801
1.076228
-1.668188
-0.536239
0.333138
2.110258
0.570633
-0.434692
-0.783824
-0.145031
-0.746592
0.598805
-0.373894
-0.041241
-0.332095
-1.623945
-0.569641
-0.646203
1.576327
0.837860
0.364654
0.823065
0.174854
0.606398
0.877231
0.579486
-0.285693
0.832583
-0.237606
-0.583469
-0.298744
-0.610483
-0.033106
-0.813376
0.284829
0.958638
-0.092924
-0.026022
0.295187
2.135650
-1.016618
-0.407992
-0.059868
0.436027
-0.938271
-0.060668
0.920676
-0.705245
-0.076053
0.680366
-1.208391
-0.842672
-1.137230
0.059561
1.952989
0.199826
-0.468425
1.300217
-0.513821
1.112839
-0.665556
-0.864351
0.573217
-0.435948
-0.426074
1.608297
0.566807
-0.606076
-0.033191
-0.916704
-0.659903
1.450496
-0.135199
-0.896366
0.606204
0.068425
-0.420329
0.348496
-1.212253
-0.307436
0.004920
-1.362957
1.394005
-0.410730
-0.374851
0.984540
-0.422839
1.543448
0.339206
0.031303
-1.381297
-0.425810
0.908715
1.117644
0.232419
0.820795
0.272868
-0.747646
1.627574
-0.113448
-0.815958
0.865881
-0.358801
-0.736561
-1.695753
-0.843248
1.904564
-0.171801
-2.231931
1.356838
-0.457889
2.236661
2.078185
-0.282504
-1.114303
0.087482
-0.155812
-0.470740
0.283674
0.896279
1.684732
1.304488
0.111239
1.407093
0.674719
-0.641066
-0.823963
-0.247418
-0.964415
-0.178623
-0.476393
0.322731
-0.414403
0.475176
-1.742158
-0.258987
-0.225179
-0.268367
1.144283
1.677175
0.883572
1.612149
0.852561
-0.502183
-0.070470
-0.506507
-0.635360
0.153691
-0.505755
-0.391156
0.435373
-0.198720
2.300593
-1.022964
-1.646218
1.195244
0.050067
-0.778239
-0.309984
2.102035
-0.206863
0.111855
-0.463470
-0.491878
0.011451
0.007625
0.204131
0.599185
-1.171377
-0.909674
-0.592145
-0.592424
-0.347088
1.711285
-1.158588
-1.101215
0.819746
1.607973
0.874894
-0.949487
-0.062950
-0.631908
-0.805882
-0.914058
-0.497602
-0.238139
1.848373
-0.227027
0.116633
1.543115
-0.180684
-0.264410
-1.473616
-0.271216
-0.989913
0.596541
-0.892517
-1.417629
1.734358
-1.463686
-0.385923
-0.331810
-0.056154
0.423969
1.980338
0.454618
0.000978
-0.515637
-0.029985
0.853493
-1.039118
0.571254
-0.366818
-1.061827
-0.009618
0.146397
-0.545963
0.367378
0.882035
1.340215
1.037048
-0.340919
-0.549432
0.517489
-0.271855
-0.627628
0.867935
-0.360271
-0.168252
0.049772
-0.497380
-0.638626
-0.419023
-0.199371
-0.334963
-0.261215
-0.336167
-0.860477
-0.235132
0.821162
-0.249096
0.048528
-0.757108
0.585205
-1.064002
-0.382047
-0.041788
-0.581423
1.195162
1.830828
-0.266935
1.198628
-1.000634
-0.370829
0.015140
0.147225
-0.189807
-0.309773
1.433148
0.279377
-0.779489
0.651418
0.213460
-0.342552
1.148366
0.670949
-0.558789
-0.306248
-0.319870
-0.830871
-0.614883
-0.657489
0.627013
0.637799
0.902439
-0.511127
2.487446
-0.972162
0.764759
2.286031
-0.862849
-0.005315
-0.164941
0.199349
-0.622448
-0.388050
-0.614369
0.577168
0.323757
0.444727
-0.802970
-0.662189
-0.469837
-0.049844
-1.060538
0.380310
0.408427
1.461829
0.595241
-0.618569
-0.879327
-0.602866
0.115035
0.087982
-0.811062
-0.664776
-0.087005
-0.874614
1.535694
0.195409
-1.953123
-0.974658
1.234973
-0.956037
1.443447
-0.487900
-0.274920
0.401309
0.273876
-0.446734
-0.181129
-1.064844
-0.075038
0.100924
-1.033062
-0.059477
0.655766
2.226443
1.042855
-0.194068
-1.121403
-0.640931
-0.263175
2.319886
0.597088
-0.417501
1.488912
-0.286704
0.400285
-0.089880
0.585494
-0.445083
-0.724795
-0.416317
0.952501
1.134233
0.632524
0.135965
-0.104839
-0.266856
-0.851782
-0.567000
-1.049186
1.489639
0.959587
1.699001
1.150700
-0.415391
-1.018826
-0.674814
0.250587
-0.180575
0.393886
1.566767
-0.898257
-0.568622
-0.852664
-0.888145
-0.545962
1.848501
-0.236854
-1.415141
-0.973619
-1.315858
-0.054158
-0.161031
1.775113
-0.393313
-0.630164
1.266889
0.075158
0.505361
0.354743
-0.720438
-0.811830
-0.889411
-0.537073
0.047853
-0.233907
-0.357346
-0.271052
-0.263260
-0.693590
-1.064780
-0.764688
-0.367764
-0.904878
0.001260
0.939467
0.711667
0.871401
-0.053901
-0.681701
-0.066647
-0.237479
-0.315282
-0.820835
0.812128
1.838274
0.617148
1.055498
0.971724
1.041390
-0.066196
0.022251
-0.100218
-0.885076
-0.605732
-0.780618
0.451686
-0.718745
0.046884
1.866749
-0.226090
-0.799846
0.024407
-0.176888
-0.044052
-1.116645
0.552830
0.785855
-1.954758
0.703215
1.651578
0.003841
-1.157785
1.110178
0.673951
-0.245543
-0.253722
2.432407
-1.184149
-1.065315
-0.226271
0.218465
0.120909
-0.095008
-0.425070
-0.048145
-0.600714
-0.626877
-0.715521
-0.379134
-0.183160
-0.303633
-0.073157
-0.211385
-0.272386
0.598014
-0.283867
0.871483
0.449785
0.754751
0.319704
0.750897
0.197022
-1.018563
1.178629
0.617714
-1.161669
0.302813
0.461390
-0.365069
-0.056069
1.209710
1.392055
-0.133550
-0.154711
0.448570
-0.770018
-0.745521
-0.006299
-0.305921
-0.386029
-0.391760
0.022938
-0.611523
-0.009161
0.353730
0.984065
0.251358
1.081416
0.817915
1.333602
0.243278
-0.326085
0.266412
0.611074
-0.608287
0.462266
-0.177099
0.113172
0.360366
-0.364265
-1.550560
-0.109873
-0.029171
-0.299516
2.415840
0.988054
-0.090811
0.526329
-0.030247
1.363309
-0.758248
0.730040
1.708485
0.717309
-0.358774
-0.235788
0.533368
-1.971263
0.131609
1.816766
-0.557355
0.159487
0.579500
0.031843
0.597916
-0.282557
-0.824248
-0.124302
1.954247
-0.183370
-0.103645
0.001778
-0.046210
0.387225
-0.134375
-0.241309
-0.403899
1.564598
-0.108079
-0.612688
-0.175307
0.226291
-0.426050
-0.161162
1.024113
-0.644763
-0.392445
0.387571
0.687040
0.068043
1.365006
0.311544
0.791069
-0.492568
1.755062
-0.949158
-0.705821
-0.557293
-0.709396
1.186053
0.041772
0.876243
0.390572
-1.317585
0.100091
0.460820
1.488373
0.685554
-0.476920
1.025916
-0.407331
-1.275393
1.221821
-0.389759
0.229452
1.216390
0.934296
0.070552
2.742552
1.009412
-0.432443
-0.764264
-0.257334
-0.982410
-0.289664
-0.710465
-0.984852
0.182125
0.710882
-1.846817
0.747660
-0.149033
0.383373
-0.738248
-0.234493
0.353957
0.193780
0.180649
-0.191627
1.435834
-0.765468
0.905336
1.305578
-0.532473
-0.429817
-1.153170
-0.142495
0.163302
0.155405
0.078579
1.236805
1.277383
0.982751
0.761874
1.324081
0.523704
-0.187915
-0.460337
0.367317
0.482569
-0.468073
0.536643
0.464576
-0.129985
-0.287192
-0.861007
1.721004
-0.817002
-0.723776
-0.839881
-0.474203
0.011763
-0.069344
0.000210
-0.089075
1.417530
-0.052692
0.112191
-0.143894
0.043625
-0.134189
-0.357308
-0.243843
0.802113
2.280207
1.061478
0.152348
-0.348334
-0.153855
-0.491909
0.450762
0.296474
-0.889796
0.421278
1.166480
0.962939
-0.664671
0.302460
-0.253401
0.805950
-0.254416
1.450027
1.471740
1.284201
0.174808
0.673159
0.268006
0.837046
0.415663
0.629325
0.305970
0.302092
-0.003255
0.268434
0.813192
0.289019
0.253545
-0.797363
1.649483
0.506732
-1.135791
0.900088
0.646732
0.097956
-0.767912
0.464946
0.607753
0.745488
-0.194736
1.115028
0.145951
0.127229
0.567292
0.392409
-0.050429
0.706643
-0.018522
-0.007359
1.411699
0.051003
-0.158695
-0.304326
-0.009038
1.124411
1.240686
-0.160221
0.478669
-0.556479
-0.743902
-0.065515
-0.133472
0.114444
-0.607222
-1.118799
-0.611683
0.566166
-1.769572
0.664636
1.058172
0.679835
1.281130
-0.178842
-0.867081
0.331130
-0.319286
-0.584370
-0.358094
-0.380298
-0.657826
-0.196178
1.155572
0.428849
-1.215996
1.667458
-1.423423
0.295303
0.939257
-0.473564
-0.784710
1.693087
0.464056
-0.298551
-0.652985
-0.160846
-0.047132
0.640938
0.706473
-0.961464
-0.374804
1.302530
0.985192
-0.010591
0.730992
0.168912
-0.040828
-0.305359
0.033085
0.393079
-0.527524
-0.584255
1.207732
-0.045020
-0.713652
0.180275
0.546002
0.293665
-0.646902
-0.968575
-0.529460
-0.070451
-0.101514
-0.055322
1.075818
0.701905
1.005760
-0.017944
-0.735995
-0.022597
1.763826
-0.175727
1.110426
0.652664
-1.058584
-0.057752
0.510200
-0.044842
0.076059
0.040877
1.247646
2.309124
1.403904
-0.204346
0.190151
0.698631
1.352200
-0.201897
-0.147114
0.678306
0.104245
0.038088
0.244774
0.362185
-0.645765
-0.822669
2.058966
-0.345670
-0.125913
0.247924
-0.257749
-0.515162
-0.648999
0.939624
1.093863
-0.009964
0.849366
0.843161
-0.216947
0.247869
0.177578
0.316070
0.499545
1.573135
0.633929
-0.007415
1.015226
-0.088147
0.293365
0.735798
0.300542
0.004466
-0.089581
-0.352466
0.494637
0.418030
-0.746057
1.080573
0.418210
-0.164164
-0.673685
-0.402659
-0.962617
-0.199979
1.594144
0.713489
-0.527550
-1.442850
0.061125
1.046614
-0.142923
0.080467
-0.030498
-1.352512
2.542597
-0.119070
0.467325
-0.839159
-0.485142
-0.526814
-0.447724
-0.538942
-0.333017
-0.381027
-0.485363
-0.891033
-0.209440
-0.535996
-1.355814
-1.093552
-0.823789
0.451624
-0.523094
0.305414
0.112441
1.640429
-0.714377
-1.959940
-0.187233
1.433078
1.840376
-0.328733
0.627149
0.090593
-0.258294
-0.105057
-0.168860
-0.325252
0.524909
0.231057
-0.894063
0.603292
1.596146
-0.909222
-1.213131
0.492061
2.191150
0.173187
0.508802
0.240879
-0.340990
-0.090871
0.169724
-0.377848
-0.153449
-0.112244
1.285090
0.154637
-0.417742
0.358796
0.184418
-0.145802
0.349598
-0.929623
0.332485
0.980124
1.834258
1.018095
-0.042915
-0.268960
-0.082390
0.246729
-0.112284
0.307657
0.383966
2.040031
0.405128
0.322990
-1.198290
0.123666
-0.938847
-0.336427
-0.662837
-1.036376
-0.156957
-0.496371
0.629296
0.051497
-0.914211
