-0.276113
-0.124524
-0.004434
-0.281075
-0.745563
0.528158
0.315772
0.361942
-0.127852
-0.344441
-0.025256
-0.031071
0.317365
-0.086952
-0.271833
0.269423
-0.464136
-0.426272
-0.827386
-0.371092
1.532393
-0.285804
-0.069553
0.948470
-0.168035
-0.441493
-0.133989
0.123882
-0.095775
0.609950
-0.742529
-0.636191
-0.374171
1.351824
-0.953530
-0.082497
-0.088629
0.218725
0.183590
-1.116109
0.078407
-0.003198
0.396610
0.011053
0.250950
-0.086273
1.551838
-0.060697
-0.033186
-0.153289
0.256012
-0.445974
0.603497
0.334312
-0.430375
-0.603318
-0.198329
0.004465
0.389443
-0.012551
0.117681
2.621876
0.079078
1.247782
-0.065733
0.182352
-0.580984
0.047614
-0.513116
0.273016
0.105590
0.137059
-0.087412
-0.146418
0.287122
1.264385
0.103345
-0.262645
-0.125270
-0.135170
-0.040245
-0.777743
-0.019748
0.181596
-0.553235
-0.083226
1.069578
-0.658015
-0.173022
-0.066760
-0.041601
-0.092874
0.842829
-0.354129
-0.463140
-0.311681
-0.452563
-0.717101
0.076382
-0.202304
-0.678264
-0.398640
-0.124517
-0.818490
-0.292249
-0.472208
1.272792
-0.845674
-0.042938
-0.602981
0.459098
-0.203271
-0.550021
-0.809038
-0.531305
0.323005
0.116655
0.321710
0.560416
-0.700577
0.109158
-0.030381
-0.063160
-0.008299
-0.090903
1.589120
-0.074855
-0.242219
-0.289135
-0.212667
-0.671687
-0.027558
0.803726
-1.031855
-0.134927
1.358645
-0.487303
-0.466587
-0.765783
-0.178287
0.249280
0.696277
-0.508539
-0.677344
-0.732274
0.449729
-0.095863
-0.107071
-0.465625
0.923133
0.200203
-0.161496
0.061132
-0.533625
-0.301060
-0.282842
-0.116404
-0.646621
-0.969622
0.294035
0.384834
-0.565195
-0.237189
0.090518
-0.173927
0.239855
-0.078732
0.129571
1.681630
-0.361755
-0.391864
-0.066988
-0.896044
0.686418
-0.231347
0.709873
-0.318037
-0.076163
0.042625
-0.383426
0.059211
0.492028
0.102638
-0.063700
0.655091
0.403333
0.479500
0.653341
-0.379361
-0.243103
0.312704
-0.448968
0.257275
0.846336
-0.631154
0.129012
1.668039
-0.401582
-0.360564
-0.913972
1.047975
-0.167539
-0.444616
0.001299
-0.095055
1.150849
0.050159
1.234084
0.976757
-0.190136
-0.159393
-0.608832
0.431336
-0.872647
1.699025
-0.196934
-0.090034
0.187025
-0.021128
0.107561
-0.603118
0.833756
-0.030479
-0.202580
-0.979269
0.463359
0.565068
0.327205
-0.028174
0.214398
-0.360838
-0.705606
0.175781
-0.041824
-0.699873
-0.002820
1.406022
-0.029313
-0.065963
0.048780
0.045706
-0.283851
1.573999
-0.475171
-0.451258
-0.079718
-0.211532
-0.079585
-0.080045
0.475373
-0.217375
0.009683
-0.055268
0.269337
0.038588
-0.028196
