-0.498197
0.813761
-0.828823
-0.451033
-0.199276
-0.690790
0.752646
1.385594
0.466816
0.086573
0.634288
-0.329835
0.711142
-0.316240
0.398944
-1.392826
1.079815
0.770240
-1.618489
0.937554
0.207288
-0.579768
-0.401311
0.405542
0.310530
0.400468
0.828227
-2.553082
1.160657
1.575893
-0.279799
0.617379
0.437134
-0.480621
-0.632546
0.486462
-0.617140
-0.706556
0.671161
-0.420269
2.813433
0.100992
-0.217339
-0.183954
0.405139
-0.499201
-0.157681
0.417711
0.391132
-0.008053
-0.430131
0.048247
0.762671
-0.863275
-0.139584
-0.494132
0.746840
-0.513977
-0.146658
0.653303
-0.030356
0.512848
0.712399
0.934502
1.023434
-0.776211
-1.153127
-0.250597
-0.874536
-0.524209
-1.320763
0.589184
-0.136818
0.742462
0.791147
0.498638
0.417107
0.325218
-0.819455
0.954130
0.085003
-0.478108
-0.566494
-1.458184
-1.797483
-0.940784
-1.004208
0.299873
-0.357368
-0.183713
0.292129
-0.472482
-0.060960
0.067393
0.759673
0.165903
-0.178126
-1.949342
1.921881
0.116867
-0.544437
-0.044445
-0.803219
0.153409
0.428790
-0.840649
-0.126612
-0.156925
-0.112841
-0.075450
0.443449
0.641999
0.458058
-0.107194
0.056614
0.246525
-0.274379
0.419468
0.461939
0.304724
0.654666
0.434518
0.343846
-1.440632
0.530316
0.953483
-0.375167
0.102182
