-0.299255
0.842158
-0.389972
0.454729
4.495943
0.400248
-0.461837
1.322651
-0.506809
-0.098629
0.032669
-0.095649
0.251107
1.538524
0.165533
0.245881
-0.473100
0.259721
1.035661
0.745853
1.094147
0.163166
-0.380393
0.098634
0.125193
0.347850
0.045634
0.734340
-0.986115
0.646375
1.326860
0.527297
1.340704
-0.893007
-0.533674
-0.885211
-0.232145
-0.272182
-0.213367
-0.739836
1.178126
-0.731187
-0.747864
-0.259618
-0.751551
-0.303432
1.985565
-0.317873
-0.398180
-0.369904
-0.440883
0.118252
-0.600604
0.137062
0.157950
0.129137
0.218321
0.048983
1.495497
0.101489
0.316213
0.130436
0.326345
-0.882300
3.587776
-0.798859
-0.421466
1.485016
-0.644881
-0.360839
-0.344028
-0.530656
-0.747162
0.519827
-0.688371
0.839423
-0.476930
0.795085
1.379670
-1.469941
1.330477
-0.746537
-0.590209
-0.716239
-0.344582
0.094913
-0.274534
-0.422903
-0.901400
-0.417572
0.315003
-0.270331
0.296529
-0.674128
-0.751449
-0.684594
0.420179
0.094296
0.426495
-0.323296
-0.542756
-0.287106
-0.766403
-0.625669
-0.798747
-0.905896
0.028376
-0.907071
0.058842
-1.878744
0.005819
0.066454
0.264258
0.261381
1.481133
1.282851
1.491621
-0.117792
-0.938176
-0.121990
-0.478691
-0.161252
-0.516240
0.186150
0.762873
0.219216
1.676688
-0.381536
1.605171
-0.383179
-0.015104
-0.413467
-0.501855
-0.088978
-0.407762
-0.997601
-1.316677
-1.115644
0.213660
2.093529
0.252509
0.838506
-0.841697
0.796561
-0.189453
-0.698504
-0.043327
-0.385625
0.007618
-0.440886
-0.730574
2.215029
-0.748538
-0.436471
-0.771337
-0.432649
-0.689931
-0.224201
-0.696922
-0.308452
0.653759
-0.281971
-0.567105
-0.431908
-0.568416
0.037246
-0.749327
0.032305
-0.026779
2.665022
-0.062589
0.501945
-0.310614
0.437665
1.538851
-0.927892
1.596086
0.850338
0.529931
0.902175
0.165241
-1.158967
0.286370
-0.380155
-0.478030
-0.405945
-0.478651
-0.476355
-0.528132
0.378277
0.296625
0.425437
-0.615950
-0.386554
-0.561229
-0.383583
-0.892975
-0.370715
0.149918
-0.249847
0.114776
0.233495
-0.598832
0.268297
1.602327
-0.608580
1.586695
-0.806864
0.928276
-0.797305
-1.333867
0.833940
-1.311296
-0.473332
-0.154169
-0.461116
1.474000
1.520041
1.656881
2.649544
2.441214
2.571350
-2.184215
0.083123
-1.928357
1.014394
1.639762
1.051114
-0.254651
0.931154
-0.191139
0.873825
-1.566813
0.924548
-0.231516
-0.351115
-0.136786
-0.296434
-0.353000
-0.392145
-0.580577
3.240490
-0.532734
-0.525995
-0.706841
-0.511757
-0.044327
-0.091227
-0.134733
1.435714
-0.149226
1.465118
-0.694676
-0.760354
-0.642130
0.163784
-0.457533
0.142633
-0.568473
-0.699960
-0.683570
-0.177305
0.172370
-0.196536
0.843111
1.020944
0.871526
1.177491
-0.649664
1.175208
0.263103
-0.324259
0.259371
1.259415
0.442271
1.173783
-0.000427
0.259599
-0.024287
-0.101809
-1.006201
-0.163463
0.880939
0.081924
0.836975
0.606521
0.555478
0.586370
-0.376821
-1.023545
-0.285306
1.592264
-0.456799
1.615189
-0.332045
-0.796513
-0.225449
1.559300
1.602388
1.586776
0.203780
0.183814
0.277203
-0.575514
-2.527725
-0.600585
-0.399706
-0.525703
-0.398414
1.565019
-0.731647
1.627287
-0.025446
-1.030047
0.006911
-0.189279
-0.541290
-0.173204
1.632507
0.027840
1.659820
0.239515
2.396542
0.257484
-0.454085
-0.574140
-0.456909
-0.713036
-0.971751
-0.706939
0.001901
-0.456402
0.059425
0.141600
0.018932
0.140134
0.629931
1.022591
0.654134
-0.277333
-0.299262
-0.280028
-0.021810
0.002077
0.039490
-1.188290
0.008796
1.156548
-0.874083
-0.034558
0.924267
1.184562
-0.017603
-1.199375
0.481345
0.001080
-0.462723
0.118022
0.013652
-0.115614
-0.155030
-0.016165
-0.178168
0.151317
0.203616
0.173474
0.626414
1.002403
0.674925
-0.736080
-1.495616
-1.261399
2.089666
-3.285856
2.029193
1.868241
0.593639
-3.255101
-0.472066
-0.176071
-0.466903
-0.284080
-0.181839
-0.261117
-0.440261
-0.586527
-0.438662
0.416058
1.020900
0.403592
1.215665
-0.499492
1.175883
0.284618
-0.002978
0.357317
0.313368
0.656173
0.295069
1.169855
0.176396
1.176053
-0.070813
-0.829549
-0.078773
-0.366318
-0.913993
-0.365171
-0.311922
0.186112
-0.283384
-0.613766
-0.790869
-0.628093
1.014266
-0.479343
1.005570
0.622284
-1.161838
0.690226
-0.030787
-0.716496
-0.008718
0.456248
-0.614654
0.418575
0.024752
-0.465959
0.036761
-0.672232
-0.985634
-0.676594
-0.369325
-0.543911
-0.322336
-0.366090
0.444904
-0.342229
0.644722
1.425448
0.595991
0.815713
0.978872
0.834552
0.901782
-0.559558
0.936894
0.054067
0.239410
0.054290
0.570496
0.600472
0.578781
0.758992
0.132631
0.794925
0.253092
0.445794
0.293149
-0.437817
0.516127
-0.396155
0.097887
0.242469
0.077765
0.873245
1.399952
0.855687
0.376604
-0.103832
0.395890
0.144039
2.117954
0.093644
-0.302897
-0.182781
-0.277382
-0.529480
1.299042
-0.463315
0.080293
-0.128665
0.102579
0.867473
0.220954
0.883478
0.508493
1.365073
0.490999
0.085866
-0.223615
0.104729
-0.542357
0.499776
-0.475943
-0.017208
-0.558417
-0.018431
0.240511
1.964860
0.329574
0.437079
-0.003813
0.357460
-0.336989
-0.282376
-0.310483
0.927779
0.793574
0.981235
0.776744
1.085425
0.807874
0.380348
1.498651
0.389857
0.458429
0.569951
0.556388
-0.292602
1.312650
-0.226242
-0.724423
-1.270822
-0.679306
-0.697789
1.122631
-0.683327
0.231598
-1.251542
0.291770
-0.082502
-0.166199
-0.089969
0.134320
0.507891
0.103175
0.876099
0.235855
0.850844
0.075707
-0.371564
0.087842
0.333634
-0.242950
0.389686
0.709645
1.548442
0.753878
0.705653
1.312448
0.787731
0.036720
0.490970
-0.041919
-0.647379
-0.014662
-0.614572
0.051478
-0.651233
0.066158
1.245868
-1.397010
1.439201
-0.627088
-0.972483
-0.675263
-0.276393
-0.268742
-0.251987
-0.472184
-0.359292
-0.454805
-0.390412
-0.378539
-0.373757
-0.376368
-1.136680
-0.421443
0.291842
-0.297395
0.182404
0.693438
1.957756
0.762847
0.222343
1.856027
0.211474
0.598941
0.137089
0.519440
-1.099818
-1.258602
-1.072084
-0.066647
0.160682
-0.148053
0.472552
-1.353106
0.441942
1.294315
0.934444
1.288450
0.439607
2.451613
0.491466
-0.316599
-0.571623
-0.196836
0.516036
1.287613
0.419221
-0.692663
0.035128
0.726941
-1.290978
0.009894
1.291394
-0.237768
-0.049628
0.276710
0.742182
0.740622
0.724319
0.051653
0.005938
0.017870
0.110034
-0.679884
0.159508
0.759065
0.292626
0.711706
0.538696
1.055247
0.534083
-0.634968
-0.920200
-0.664447
0.379595
0.119821
0.320164
1.228169
0.108070
1.198067
0.278917
-0.597231
0.292686
-0.131778
-0.553970
-0.121383
0.154445
1.280022
0.195919
0.159525
0.420934
0.138967
0.533583
-0.691819
0.448086
1.505839
0.685403
1.465082
0.603606
0.832873
0.645424
-0.223750
-0.382895
-0.259896
-0.320024
-0.615725
-0.312124
0.276230
1.544621
0.329863
-0.394397
-1.041474
-0.461191
0.473236
-0.791236
0.489928
0.624875
2.383670
0.694698
-0.507860
-1.017698
-0.463992
1.422447
-1.332864
1.416128
-0.157943
0.019303
-0.244140
0.134104
-0.036078
0.189364
0.952549
0.212648
0.899285
0.209949
-0.057301
0.206598
-0.574034
-0.798002
-0.493707
-0.290484
0.058538
-0.215544
-0.499781
-0.796714
-0.560929
0.075892
0.001952
-0.075058
-1.223088
0.012432
1.244300
-0.366281
0.026015
0.368160
0.833003
0.389267
0.820313
0.304481
0.313440
0.303197
-0.095141
-0.531553
-0.135369
0.431297
0.044947
0.383819
-0.419956
-0.837630
-0.305218
1.171111
1.279348
1.215237
0.427471
-0.259941
0.447249
-0.390651
-0.477297
-0.416586
-0.858071
-1.131494
-0.883793
0.786968
1.228647
0.808724
0.452806
0.699542
0.510260
-0.590958
0.635644
-0.659812
-0.132801
1.168589
-0.077860
2.369519
-0.540282
2.421550
-0.514319
-0.297969
-0.443026
-0.329909
1.256577
-0.296458
0.038370
0.905439
-0.018811
0.199086
-1.315003
0.171490
0.474220
-0.949323
0.476040
-0.821140
2.082469
-0.745004
0.226047
1.881779
0.297846
-0.561486
-0.147064
-0.628628
-0.437555
-0.096930
-0.445137
-0.446997
-1.104396
-0.462093
-0.399363
0.022728
0.392143
-1.126772
-0.033295
1.180702
-0.168678
0.018478
0.158803
1.136465
-0.406618
1.137019
0.393895
-0.264340
0.415371
0.329760
-0.983433
0.337944
-0.285846
-0.556294
-0.303594
0.390734
-0.926909
0.411886
-0.611902
1.920755
-0.639172
-0.452354
-1.615378
-0.592875
1.005529
-0.192261
1.080121
1.022012
0.271048
0.997512
-0.263726
-0.714868
-0.270588
-0.612542
0.208319
-0.629585
0.924198
0.972994
0.967796
-0.405113
-0.947628
-0.437961
1.655916
-1.042908
1.721991
-0.185208
-0.034605
-0.123133
-0.576322
-0.895288
-0.554725
-0.004338
0.109676
-0.050459
0.277826
1.546737
0.255745
-0.727683
-0.266203
-0.695666
-0.659820
-0.819721
-0.654353
-0.367584
-0.625780
-0.317931
1.223672
0.516426
1.345781
0.261188
1.365080
0.181289
-0.402660
-0.794480
-0.444620
0.199929
1.108251
0.171548
0.181148
0.904495
0.414941
1.759471
2.829496
1.676630
-0.395481
0.976788
-0.324781
0.833794
2.784284
0.869437
1.172841
1.074429
1.210921
-0.741241
1.748160
-0.876180
-0.789870
1.276122
-0.844170
0.230246
0.573852
0.268203
-0.515658
-0.160845
-0.477587
-0.296599
0.422376
-0.285213
-0.804828
-0.314790
-0.811677
0.156201
-0.284861
0.043889
-0.400683
-0.963611
-0.323768
1.114125
2.127969
1.006805
-1.535655
0.010403
1.543839
-0.088951
0.024194
0.059051
-0.316771
-0.039963
0.287984
-0.315869
0.165151
-0.279468
0.048277
-0.780997
0.035217
1.523240
-0.480515
1.543678
-0.606996
-0.188956
-0.602791
0.730635
-0.398157
0.738161
-0.174390
-0.754583
-0.227799
1.016315
0.348789
1.064155
-0.643345
0.164321
-0.649635
-0.268385
-0.524885
-0.240862
0.339942
-0.007734
-0.261051
3.086331
0.151431
-3.228177
-0.277190
1.183010
0.140544
-0.618296
-0.259660
-0.559996
0.357409
-0.306890
0.386803
-0.459262
-0.900818
-0.510790
-0.507018
-0.460727
-0.548612
0.248469
0.566016
0.308696
0.954054
0.565195
0.963114
0.572093
0.505360
0.491817
1.228476
1.429857
1.257482
0.270105
0.345436
0.217999
1.229322
0.468132
1.170017
1.149650
0.295814
1.136035
0.573270
0.869111
0.504153
-0.454988
-0.206670
-0.349594
-1.032542
0.393485
-1.050623
-0.839627
-0.818423
-0.879790
0.444969
-0.458049
0.519000
-1.367078
-0.057233
-1.401522
-0.784167
1.475589
-0.798470
-0.005213
1.189242
-0.006183
0.692568
-1.388892
0.695871
-1.106728
-0.438629
-1.213656
0.037008
-0.379969
0.037871
0.261743
0.012713
0.266592
1.230208
0.302079
1.257788
-0.071720
-0.944823
-0.105279
0.000355
0.810790
0.024078
0.530474
1.562787
0.525920
1.108099
0.905088
1.076959
0.486251
0.552740
0.584290
0.948759
-1.372225
0.923664
0.036667
-0.814954
0.009496
-0.352164
-0.379991
-0.349451
0.404869
2.285823
0.348917
0.513459
1.416137
0.478292
0.138549
-0.504644
0.209381
0.769879
-0.668724
0.733176
0.308519
1.536351
0.347903
0.054271
-0.240341
0.074457
-0.469879
-0.966505
-0.500148
0.370913
0.595088
0.357323
0.321884
0.680982
0.322120
0.487293
0.673467
0.506144
0.294214
-1.011278
0.343905
0.902770
-0.889126
0.857822
-1.043556
1.386488
-1.077706
-0.614571
0.881695
-0.638863
1.032825
-0.215764
1.029908
-0.867125
-0.992856
-0.864293
0.815791
-0.273828
0.854246
-0.766007
0.116395
-0.813145
0.545110
1.799175
0.588809
-0.232350
1.236376
-0.183903
0.122929
0.172955
0.146264
0.635954
0.152398
0.658226
-0.497022
-0.807696
-0.538686
-0.612042
0.091899
-0.627746
1.297492
-0.337403
1.368861
0.873077
-0.435025
0.976191
-0.997232
-0.271127
-0.939224
1.208230
1.795514
1.255941
0.297379
1.863087
0.232214
-0.021877
-0.199174
0.018359
-0.238234
-0.161650
-0.274452
-0.471501
-1.098619
-0.547706
0.459829
-1.340200
0.526601
0.652109
-1.447143
0.704977
0.833029
1.031854
0.873450
-0.650953
-0.009260
-0.669558
0.287626
0.440459
0.375762
0.594223
-0.477428
0.508805
1.500841
2.210022
1.553825
0.064139
-0.258269
-0.020250
-0.125544
2.124961
-0.071544
-0.330769
-1.265876
-0.357903
1.806617
-0.284775
1.889667
-0.767796
-0.766214
-0.711868
0.665563
-2.091597
0.776807
-1.582050
0.709953
-1.639959
0.413070
0.273635
0.428031
0.321352
-0.517951
0.312277
1.136795
0.324756
1.148484
0.175075
0.002125
-0.214756
1.157656
0.021781
-1.160041
0.374610
0.022667
-0.400033
-0.273035
-0.311583
-0.264045
-0.668639
0.195311
-0.728963
-0.363619
-0.210335
-0.409966
1.411724
-1.091386
1.423437
0.999682
-0.802403
1.045135
-0.010246
-0.272593
0.000419
0.655783
1.338983
0.630374
-0.467356
0.534607
-0.445733
-0.272394
-0.201626
-0.260384
0.221351
-1.012090
0.319964
0.927072
-1.206117
0.952841
0.585271
2.018483
0.505485
-0.557898
0.866488
-0.663544
1.900505
0.967637
1.967266
-0.192080
-0.830950
-0.234517
-0.241517
0.038905
0.222015
-1.081154
0.030104
1.104881
-0.950699
-0.000112
0.994449
-0.210334
-0.752011
-0.188126
-0.583261
-0.129705
-0.600902
0.684353
1.811870
0.725697
0.993325
-0.303460
1.007358
0.881302
0.143519
0.885496
-0.062155
-1.110752
-0.103371
1.124939
-0.335950
1.073611
0.476403
-0.084481
0.620925
0.632912
1.419104
0.631959
-0.387849
-0.222445
-0.274201
1.033213
-1.107418
1.054690
1.499166
1.347988
1.553953
-0.729384
-0.612941
-0.728283
-0.077614
0.172702
-0.086522
-0.813276
-0.586418
-0.783640
0.205367
-2.015175
0.272891
-1.278585
0.667237
-1.274974
-0.558090
-0.746978
-0.616535
-0.589173
-1.238807
-0.538004
0.600226
-0.292446
0.595937
-0.160713
0.726913
-0.127260
-0.662257
0.109878
-0.997005
1.763927
-1.166760
1.828401
1.247246
-0.854029
1.347764
0.586564
-0.386852
0.559912
0.520870
-0.373152
0.507198
0.947825
0.489450
1.005480
1.386191
-0.591466
1.346927
-0.762268
-0.757896
-0.747213
-1.145438
0.041514
-1.119997
0.909009
1.187393
0.883264
-0.654648
-0.409985
-0.710898
-0.021827
-0.122574
-0.072715
0.083425
-0.292084
-0.080634
0.930202
-1.160392
0.856831
1.042330
1.324089
1.052773
0.140845
-0.088482
0.181965
0.140251
1.075139
0.169342
0.015153
-0.124351
0.042566
-0.344986
0.756689
-0.347210
-0.900877
0.187384
-0.898197
-0.509147
2.036797
-0.424529
-0.045427
-0.100414
0.004508
0.864297
0.009771
0.821028
-0.217135
-0.314858
-0.209998
-0.455215
-0.878128
-0.453324
-0.420154
-0.422552
-0.372782
-0.948708
0.406790
-1.006714
-0.227505
-0.137424
-0.241490
0.769479
-0.361167
0.804515
0.830976
1.340611
0.859143
-1.453179
0.034684
1.477545
-0.821154
0.054638
0.799674
0.367974
0.049433
-0.440103
2.496033
-0.180944
-2.503526
-0.517057
0.022031
0.417599
-1.079722
0.014772
0.958496
0.875760
1.407489
0.935772
0.881236
-0.225938
0.894776
-0.234612
0.266900
-0.299268
0.241363
-1.088863
0.457507
1.273309
1.497690
1.327302
-0.386840
0.579052
-0.364868
0.779475
1.653231
0.700240
-0.092246
0.137416
0.004567
-0.448332
-0.595090
-0.375918
0.357032
1.249112
0.334085
0.726431
-0.692774
0.783519
-0.052365
1.667012
-0.048858
1.236019
-1.140190
1.233185
-0.648826
0.470399
-0.650236
-0.374307
-1.365617
-0.444118
-0.227463
-0.217023
-0.239320
0.168054
1.681153
0.123924
-0.091618
0.589458
-0.058359
-0.409227
0.476104
-0.514369
0.175759
-0.243063
0.176643
0.565015
1.755286
0.607160
-0.608429
-0.031179
-0.542865
-1.140897
-0.989113
-1.261442
1.872668
0.421211
1.879197
-0.300619
-0.417343
-0.378877
0.244302
0.033983
0.199230
0.160283
1.627820
0.192174
-0.517487
-0.548233
-0.572008
-0.263778
-0.344012
-0.275418
-0.389383
-0.246715
-0.451121
0.193672
-0.607960
0.158167
-0.276806
-0.906136
-0.315334
1.458384
0.560005
1.495158
0.764882
0.503949
0.763638
0.803024
-0.388777
0.804818
-0.267719
-0.694524
-0.355568
0.757731
1.178959
0.750143
0.886753
0.469210
0.870782
1.214732
-0.100212
1.062907
0.422147
1.431673
0.439255
0.252650
0.869623
0.315693
0.195454
-0.803278
0.200344
2.027803
1.989157
2.028263
0.735605
2.073148
0.931839
-1.122934
-0.118339
-1.249446
-0.357159
-0.600980
-0.351362
-0.632260
-0.338862
-0.572624
-0.135104
-0.878677
-0.134236
0.091288
-0.113828
0.144197
0.297286
0.062017
0.285003
0.891804
0.392547
0.929749
-0.314470
0.390640
-0.326502
-0.168834
0.563353
-0.166009
0.697704
1.752590
0.675790
0.193102
-1.669852
-0.038245
0.931921
4.660288
0.971957
0.320147
-0.597404
0.235180
-0.741180
-0.565344
-0.580048
1.685074
0.398276
1.662865
2.905491
1.120218
3.000700
2.088808
-0.461693
2.141973
0.254080
0.016033
0.369394
0.075745
-0.574844
0.162158
0.071369
1.369452
0.014190
-0.516639
-0.482481
-0.501664
-0.374133
-0.676611
-0.386336
0.881145
1.293094
0.949745
0.209237
0.018187
0.203058
0.533640
-1.140578
0.492286
0.028484
-0.876811
0.079167
0.249903
-1.082282
0.346677
-0.403334
2.382489
-0.383514
-0.085210
-0.619139
-0.112904
1.569885
0.582668
1.512209
-0.587519
-0.577699
-0.554753
0.745113
0.019486
0.715151
0.251017
0.003952
0.242871
-1.213364
-0.186455
-1.145436
0.716226
-0.572726
0.761164
-0.685634
0.754672
-0.585400
-0.543229
-0.579206
-0.577981
1.356155
0.886900
1.363523
-0.378010
0.087871
-0.384622
-0.552455
-0.107744
-0.567105
-0.342901
-0.751572
-0.303650
-0.770046
0.102545
-0.752964
0.828490
1.210252
0.867782
0.648329
-0.024759
0.649261
-0.283721
-1.004965
-0.196896
1.483490
-0.702335
1.503542
0.628094
0.612023
0.679030
0.920491
0.414061
0.895343
-0.203145
-0.160286
-0.210578
0.144300
0.491091
0.129621
1.265984
-0.649343
1.241439
-0.321260
-0.272978
-0.285469
-0.075233
-0.681711
-0.115596
1.246204
0.637855
1.268134
0.157729
-0.507900
0.169298
1.082675
0.427828
1.071792
-0.032334
0.168899
0.055840
-0.708836
-0.240631
-0.727994
1.302515
0.060511
1.291981
0.412307
0.429455
0.442065
0.024708
-0.020933
-0.083368
0.425619
2.063890
0.409675
-0.264376
-0.589838
-0.194627
-0.183567
-0.512749
-0.205766
0.651275
1.052780
0.624232
-0.258236
0.484049
-0.286077
-0.122018
-1.539371
-0.053104
-0.590725
0.276943
-0.680579
1.101342
2.132160
1.107824
-0.539339
0.032519
-0.496957
-0.450034
2.365099
-0.447448
-0.495197
2.435608
-0.517602
-0.127762
0.643996
-0.128321
-0.553013
-0.927940
-0.469746
-0.491750
-0.472497
-0.514618
-0.657412
-0.683774
-0.737035
0.155063
0.827983
0.205048
0.829958
-0.565855
0.848162
1.174898
0.686221
1.234067
0.271881
0.595875
0.272320
-0.362847
-0.847660
-0.344694
0.233426
1.012659
0.235704
-0.560168
-0.909963
-0.486297
-0.419904
-0.118602
-0.450981
0.238874
2.841164
0.159958
-0.231785
0.749876
-0.247178
0.218450
1.099885
0.254038
1.275011
1.260930
1.361328
0.390846
1.927912
0.329405
0.223241
-0.402129
0.252820
-0.096261
-0.727608
-0.109154
-0.146706
-0.240444
-0.189892
-0.189528
1.824848
-0.219230
-0.159181
0.528942
-0.128979
-0.116563
1.307475
-0.039869
1.164523
1.522116
1.167064
0.539087
-0.035435
0.464382
-1.116382
-0.832475
-1.294402
-0.611566
-0.119660
-0.560274
1.942926
-1.737199
1.851360
-0.419678
-1.624201
-0.407760
0.280067
0.438623
0.276888
-0.192736
2.183652
-0.209339
-1.019872
-0.014162
0.956019
-1.481507
-0.125752
1.448253
-0.286889
-0.071895
0.214777
0.258203
0.090743
0.306791
0.719714
1.111061
0.695965
0.878273
0.141672
0.917394
-0.126888
-0.251171
-0.175931
-0.334382
0.165372
-0.262958
1.695529
0.129843
1.682917
-0.176867
-1.418389
-0.280148
-0.799206
0.227690
-0.783253
1.264614
-0.343337
1.316381
-1.148518
0.004061
-1.077722
1.936896
-1.008958
1.879004
-0.266254
-2.114333
-0.172495
-0.527375
-0.916208
-0.531352
-0.114542
1.123250
-0.114338
1.300386
1.176001
1.253791
0.460119
-0.853946
0.442459
0.745412
1.107108
0.782079
0.821325
-0.612884
0.870563
0.737853
1.171509
0.775832
-0.480902
0.432451
-0.447662
0.779430
0.357482
0.779997
-0.386446
0.029802
-0.348841
-0.096993
-0.320926
-0.156580
1.816352
-1.145121
1.808117
-0.338897
0.024622
0.290646
-1.289650
0.032084
1.241653
0.120528
0.021348
-0.113368
-0.281375
-0.460012
-0.265933
-0.286579
0.034510
-0.254680
-0.590166
-0.213881
-0.601750
-0.031159
-1.008181
-0.072475
-0.875397
0.346465
-0.868093
-0.535656
-0.173611
-0.593113
0.474600
-0.691872
0.312825
1.398245
-0.501329
1.438042
1.162737
2.996346
1.319723
0.612358
0.828522
0.615460
0.348887
0.473268
0.386646
0.599351
1.055651
0.684375
-0.131347
-0.189228
-0.108393
-0.344989
-0.607617
-0.351335
0.418551
0.536372
0.434922
-0.314050
-0.292087
-0.268382
-0.630565
-0.660919
-0.590946
-0.678195
-0.540275
-0.627439
0.238535
-0.301144
0.272064
0.336327
0.380162
0.355102
0.371220
1.038663
0.340204
1.037436
0.551042
1.068963
2.050101
-0.753401
2.174953
0.496954
-0.597133
0.581556
0.199896
-0.026019
-0.201843
1.006519
0.003447
-1.054155
0.557985
-0.052106
-0.575329
-0.969403
-0.379803
-0.953852
-0.134032
-0.527736
-0.197476
-0.873159
-0.313364
-0.926992
1.173887
-1.452754
1.179293
0.857245
-0.922246
0.845582
0.391043
0.868471
0.428802
0.489103
0.508595
0.474358
0.517994
-0.081052
0.468861
0.436011
1.271878
0.477274
-0.491763
-0.478897
-0.503012
-0.402021
0.452111
-0.394115
-0.596341
-0.265481
-0.614294
0.198427
0.054865
-0.277204
-1.677936
0.074514
1.721133
-0.459719
-0.067445
0.542673
-0.127386
0.161929
-0.034161
0.156097
1.511903
0.056061
0.143215
1.265762
0.226130
-0.428177
-0.227569
-0.430950
-0.207697
1.770634
-0.231955
-0.493162
-0.836417
-0.567481
1.309765
0.832109
1.350110
0.008135
1.654871
0.037483
0.377677
-0.205549
0.521096
-1.157313
-0.545990
-1.112797
-0.705992
0.416110
-0.709900
-0.649296
1.674479
-0.614320
-0.139816
0.115751
-0.141266
0.055417
0.453774
0.096064
0.358172
0.799285
0.351319
0.884944
0.947592
0.793107
1.378265
0.370126
1.407667
-0.265334
1.601377
-0.263583
0.432890
0.670114
0.416330
1.362730
-0.318240
1.340133
0.101853
0.055632
0.120616
0.772699
1.045196
0.732623
0.617039
-0.059840
0.606790
0.250470
0.220590
0.251431
-0.406491
-1.153684
-0.426443
0.393480
0.141557
0.366152
0.926182
0.962088
0.997375
0.481486
0.866341
0.424550
-0.258355
-0.184525
-0.204692
0.590607
1.399436
0.572811
-0.206082
-0.292863
-0.165788
-0.328402
-0.451782
-0.316170
-0.474948
-0.418808
-0.476276
-0.036570
-0.735504
-0.049826
0.768534
-0.580487
0.786547
1.152502
0.872550
1.133025
0.361567
2.024267
0.252310
0.982572
0.719689
1.059386
-0.379734
-1.342971
-0.356620
-0.389582
-0.526215
-0.359758
0.988262
0.229382
1.019412
-0.404512
0.385462
-0.375751
0.203596
0.844892
0.196951
0.283128
0.471139
0.334411
-0.075633
-0.261597
-0.114700
0.060157
-0.373543
0.108204
-0.115719
-0.092026
-0.113714
0.633700
1.206672
0.606486
0.101935
-0.527981
0.108190
-0.771015
1.673212
-0.751759
-0.044855
0.209126
0.010539
-0.629770
0.498743
-0.595277
-0.139862
-1.020382
-0.076349
0.187288
1.485445
0.145622
-0.417988
-0.061024
-0.443272
-0.748836
0.753448
-0.620450
-0.378768
1.941650
-0.396503
0.975377
0.658904
0.991647
-0.129200
-1.005913
-0.151011
-0.738443
-0.374106
-0.611972
0.680696
-0.104416
0.583797
0.939867
2.004639
1.088337
-0.780389
0.048123
-0.719413
-0.799600
-0.212071
-0.795801
-0.551154
-0.280538
-0.559869
-0.277465
-0.894108
-0.239944
0.358118
-0.658252
0.399229
-0.921936
-0.693225
-0.980292
-0.610400
-0.273562
-0.562900
