0.496779
0.159693
-0.588242
-0.837642
0.135172
0.230936
-0.191661
-0.244736
-0.406946
-0.660100
0.240192
-0.435301
-0.943741
-0.316406
-0.477664
-0.194859
0.493407
-0.585763
0.704006
0.845644
0.038295
-0.660120
1.085495
-0.212661
-0.486202
0.173412
-0.299093
-0.367915
-0.152068
-0.237748
-0.430931
-0.275129
1.151209
0.026646
-0.604143
-0.333358
-0.497633
-0.341874
-0.846494
0.654565
0.610747
-0.066612
-0.058266
0.846577
-0.127691
-0.132159
0.187635
0.135351
0.737325
0.455682
-0.292928
-1.072132
0.917875
0.270887
-2.213814
-0.417217
0.335515
0.588894
0.661985
-0.471718
-1.354428
0.244751
0.202503
1.076373
0.462359
0.294738
-0.987072
-0.388081
0.564268
-0.466566
0.384464
0.075154
-0.037073
0.035472
-0.220506
0.068174
0.497549
-0.353004
0.197169
-0.437123
0.313106
0.666726
-0.366829
-0.374795
0.467157
0.470224
0.749924
-0.096653
0.195534
0.802564
-1.203876
0.489505
-0.271320
-0.365337
0.010624
-0.267930
-0.385004
0.340209
-0.077501
-0.029032
-0.449786
-0.778373
0.918743
-0.670189
-0.105762
-1.279300
0.033748
0.752873
-1.185727
0.267734
-0.004428
1.066131
0.490986
0.016291
0.977148
0.293764
0.139812
0.304660
-0.787267
-1.421551
0.433821
0.122780
0.675842
0.596947
0.910787
-0.226581
-0.679440
-0.321047
