-0.577441
-0.037369
-0.935087
0.640809
-0.411314
-0.324096
-0.116858
0.883967
1.510817
0.041342
-0.480944
-0.214341
1.367508
-0.648775
0.512882
0.200303
-0.089410
1.149132
-0.514120
-0.374629
0.847887
-0.336677
-0.309858
0.404101
-0.519935
0.267430
-0.712381
0.221430
0.304958
-0.249381
-0.256131
-0.572124
1.077692
1.344981
-0.368969
1.293663
1.077323
0.302712
-0.389366
-0.595893
-0.427119
-1.009101
0.095971
0.150026
0.643768
0.747258
1.387307
-0.174993
1.135837
0.256156
-0.638825
1.262392
0.259621
-0.008715
0.973154
0.163495
-0.486903
-1.053010
-0.678479
-0.373437
0.461226
-0.136896
-0.111692
-0.297302
-0.199450
-0.041026
0.932641
0.746236
0.213269
-1.194348
-0.137087
-0.413203
-0.467445
1.284642
0.004699
0.113269
0.957705
-0.396149
-0.629653
0.907996
1.263940
-0.976618
-0.006713
0.239107
0.145978
1.138365
1.319535
-0.534402
0.080094
0.195478
1.399008
-0.714148
-0.005418
1.218209
-0.347857
0.992347
-1.157145
1.822276
1.541018
-0.747364
-0.697669
-0.099699
-0.191316
-0.430263
0.165679
-0.241465
0.105902
-1.200219
1.177283
-1.040882
-0.115597
1.659676
-0.686386
-0.776041
0.099579
-1.611918
-0.376571
0.108894
-0.290219
0.165758
1.383228
-0.679234
-0.734455
0.786365
0.110770
1.131146
-0.336838
0.462785
