-0.197863
-0.235018
-0.320353
-0.323918
-0.154177
-0.167180
0.004017
-0.075437
-0.010128
-0.394135
-0.117029
-0.278605
-0.127265
-0.095045
-0.279858
0.465286
0.019776
-0.150520
0.074366
-0.212764
0.248169
0.347611
-0.297666
0.105593
-0.085913
-0.140129
-0.225622
0.325023
-0.079757
0.017701
-0.078610
-0.073738
-0.036207
-0.005426
-0.308892
-0.200952
0.057043
-0.338329
-0.135806
-0.126279
0.048413
-0.208423
0.068713
-0.065282
-0.187878
-0.170101
-0.188633
-0.391515
-0.097012
0.324728
0.183287
-0.015520
0.269052
-0.437793
-0.127528
0.083135
-0.166545
-0.088234
0.220782
-0.042385
0.052172
0.170164
-0.062227
-0.340590
0.056813
-0.021687
-0.156236
-0.376178
-0.257910
-0.342961
-0.334197
-0.234629
0.233429
0.072051
-0.439108
-0.372072
-0.129609
-0.292962
-0.172790
-0.483568
-0.114182
-0.336986
0.001112
0.025383
0.218203
-0.111401
-0.440315
-0.021885
0.176816
-0.390310
-0.041067
-0.227022
-0.284223
-0.140662
0.129749
-0.369326
-0.303809
-0.345372
0.237536
0.229161
-0.440102
-0.337626
-0.360343
-0.500784
-0.135789
0.510757
-0.416219
0.151156
0.094306
-0.037499
-0.047132
-0.142837
0.056384
0.063362
-0.589583
-0.229731
-0.092660
0.077019
0.067636
0.322456
0.091948
-0.214757
0.140675
-0.039260
-0.028227
-0.293009
-0.342316
-0.234886
-0.037805
-0.016881
0.004412
0.074568
-0.413562
0.119147
0.056671
-0.199114
-0.013739
-0.098140
0.228872
-0.028586
0.152666
-0.081441
0.062538
-0.217779
0.165329
-0.032686
0.129824
-0.348424
0.324631
-0.074244
-0.098149
-0.087712
-0.436411
0.188043
0.193145
-0.189325
-0.230419
0.051377
-0.468131
0.096225
0.075256
-0.063614
-0.487880
0.059260
0.213711
0.308086
0.201542
-0.135930
-0.059295
-0.144069
0.218387
0.251043
0.239805
-0.248807
-0.299549
0.078754
0.195002
-0.365128
-0.131807
-0.439596
-0.242224
-0.089991
-0.107122
-0.210862
0.266459
-0.020733
-0.348070
0.257469
-0.005582
0.135035
0.056610
-0.549683
0.131467
-0.071308
-0.049191
0.101653
-0.418032
-0.126199
0.084784
-0.142461
0.125139
-0.015751
-0.454313
0.044639
-0.619283
-0.045475
-0.203240
0.387130
-0.315961
0.348426
0.053560
-0.339120
0.117274
-0.280154
-0.335928
-0.287110
-0.163908
0.113836
0.038913
0.163732
0.057667
-0.244593
-0.182932
-0.617146
0.022412
-0.056537
0.280480
0.055503
0.031970
-0.288418
0.166680
-0.065565
-0.483462
-0.306003
-0.061628
0.299930
0.211074
-0.354765
0.011968
0.516591
0.141598
-0.244272
-0.098306
-0.045129
-0.130191
0.042579
-0.011661
-0.707569
-0.223047
-0.287916
0.043185
-0.231280
0.000583
0.083010
-0.128666
0.147819
