0.017719
-0.183195
-0.122922
-0.039248
-0.270670
-0.130436
-0.230295
-0.056660
-0.128438
-0.120620
-0.448547
-0.318773
-0.006725
0.193442
0.072280
-0.080078
0.312447
-0.134357
-0.113039
-0.191233
0.009114
-0.108407
-0.117072
-0.131983
0.211067
-0.234151
-0.115120
-0.082209
-0.118576
0.082167
-0.076325
-0.178762
0.086820
-0.070074
-0.555813
-0.260407
-0.161504
-0.532779
-0.217089
-0.165793
-0.184548
-0.355628
-0.020486
0.015015
-0.209404
0.063537
-0.607535
-0.280183
-0.280266
0.072267
-0.175468
-0.189950
0.290040
-0.156452
-0.171470
0.243423
-0.224605
-0.188436
-0.142884
0.013266
0.166393
-0.233131
-0.089563
-0.010761
-0.180498
-0.258333
0.158948
-0.408243
0.062060
0.215703
0.138597
-0.200080
0.210723
-0.032250
0.132077
-0.207137
-0.109874
-0.458598
-0.162001
-0.038848
0.275421
0.106198
0.044573
0.085208
0.035771
-0.352372
-0.088311
-0.175943
-0.184634
-0.135195
-0.083842
-0.244545
0.108443
0.072522
-0.006121
-0.236404
-0.001136
-0.098895
-0.236387
-0.354730
-0.332134
-0.027376
-0.238252
-0.368776
0.043824
-0.360389
-0.287195
-0.137966
-0.175133
-0.195488
-0.325136
-0.262637
-0.166056
-0.115922
-0.120640
-0.025987
-0.001520
-0.042983
-0.216459
0.065951
0.210868
0.183273
-0.219466
-0.175289
0.274198
-0.096535
-0.346737
-0.076104
0.172672
-0.086693
-0.202935
-0.116309
0.253835
-0.203838
0.216080
-0.073183
-0.141330
-0.082676
-0.001410
-0.290932
-0.167207
-0.097352
0.086202
-0.255801
-0.188902
-0.038205
0.033383
-0.002898
-0.166219
-0.182936
0.152709
-0.505360
0.003833
-0.186569
-0.147529
-0.284193
-0.173711
-0.075372
0.003833
0.184884
-0.204051
-0.092129
-0.208393
-0.112176
-0.003200
-0.202014
0.071686
-0.001484
-0.034795
-0.219346
-0.184296
0.220129
-0.118923
-0.077947
-0.361827
-0.047702
-0.354339
-0.196013
-0.171099
-0.244296
-0.249447
0.467272
0.086343
-0.211537
0.301930
-0.107738
-0.330336
-0.046772
-0.313672
0.004336
0.170515
-0.173732
0.079013
0.235563
-0.265739
-0.257359
-0.086334
0.170887
-0.265869
-0.012924
-0.336095
-0.317678
0.007184
0.162789
-0.110170
-0.368252
0.056695
0.187279
0.120861
0.108948
-0.030501
0.093803
-0.213277
-0.150581
-0.135399
0.038756
0.148971
-0.059080
-0.194232
0.021254
-0.165781
-0.150654
-0.318049
0.235599
-0.129170
-0.136158
-0.264335
-0.286455
-0.233124
-0.164970
-0.169900
0.033196
0.079513
-0.082457
-0.355039
-0.227187
-0.238397
-0.053379
0.070275
-0.244885
0.067963
-0.246573
-0.067330
-0.127684
0.198884
-0.135124
0.182142
-0.323697
0.177744
-0.038506
0.103741
-0.297091
-0.387764
-0.120886
-0.013006
-0.028720
