-0.376474
-0.517701
-0.315490
-0.384570
-0.254770
-0.378573
-0.277747
-0.658059
-0.148589
1.266632
0.680462
-0.259247
1.552283
-0.597506
-0.930941
0.897258
-0.398837
-0.536695
1.371439
0.209147
1.553908
0.763846
-1.509096
0.126220
0.550978
-0.194676
-0.017981
0.684570
0.489337
0.578585
0.767952
-0.144689
0.222359
-0.223123
-0.552149
-0.220818
1.369762
1.330413
0.024852
1.419293
-0.244082
-1.328572
-0.343737
-0.383676
-0.203217
-0.890055
-0.228549
1.047343
-0.553538
0.225963
0.328937
-1.007848
-0.055683
1.103941
0.075783
0.100351
-0.565577
0.200817
-1.441739
-0.842362
0.932968
0.282654
2.034936
-0.419336
-0.240469
-0.107282
-0.340917
0.172386
-0.080711
-0.325408
-0.194262
-0.108248
0.380769
-0.234877
-1.068310
1.814278
-0.641875
0.106886
0.504283
-0.682931
-0.602845
1.493832
0.595535
-1.353463
0.432211
-0.196977
-0.499416
0.617221
-0.239603
-0.574297
-0.406956
-0.130484
0.198790
-1.225050
2.575246
-0.363379
0.096550
1.287500
0.392565
-0.050373
0.189709
-0.079651
-0.297582
0.011282
-0.404760
-0.184302
-0.553327
-0.267292
-0.629661
0.349582
0.492094
-3.714976
2.935004
0.044581
0.876888
0.560785
-0.200562
-0.149263
3.840827
1.607526
-0.287826
-1.694423
-0.766529
0.375363
-1.127708
-1.676806
-1.469975
0.631045
0.002050
-0.398597
0.766685
-0.256764
-0.546134
-0.050877
-0.477283
0.621418
0.904349
-0.089570
0.705815
1.182531
-0.386513
-0.779266
1.121024
-0.008227
0.069282
-1.545424
-0.419408
0.060660
2.555698
-0.081130
-0.384061
-0.644455
0.085554
0.025896
-0.346571
-0.032127
-0.182025
-0.379009
-0.168182
-0.107391
-0.623101
-0.016338
-0.454845
-0.357528
-0.837638
-0.097499
0.056138
-0.748865
-1.026080
-0.985297
0.257450
0.194784
0.768070
1.619293
-0.125479
0.461877
-0.940578
-0.405196
-0.352071
0.175092
-0.439440
-0.226891
-0.503114
-0.274181
-0.024807
-0.544533
0.735777
1.415606
0.795509
-0.557120
-1.333986
0.491203
-0.564564
1.334354
1.471172
0.143011
0.410479
0.127265
-0.671296
0.884378
1.016832
-0.654413
-0.010333
0.862480
-0.417356
-0.970432
0.539671
0.224110
-0.397902
-0.102016
0.495712
-2.486959
0.678154
-0.139639
-1.963438
-0.370415
-0.861276
1.650560
0.384300
-0.754348
1.799248
-1.259949
-0.506681
-0.876675
0.175891
-0.481415
-0.610768
-0.387531
-0.057817
0.167600
-0.366329
0.293502
1.542822
0.596227
-1.548617
-0.088368
1.465940
-0.156346
-0.246487
0.536664
-1.504302
-0.298450
1.831899
-0.380810
-0.552973
-0.229439
0.214108
0.250925
-0.168549
0.038727
0.731714
-0.223900
0.411607
-0.289272
0.346969
0.330703
2.118077
0.201380
0.049027
-1.507043
-0.276855
-0.346703
-1.331285
0.094639
-0.197179
-0.205906
0.281768
-0.255245
-1.384349
0.126832
0.613833
0.726221
-0.434619
0.072058
2.775176
1.810534
-1.511302
0.827498
0.729508
-0.770762
0.261921
0.661200
-2.084014
0.456103
1.284671
-0.698868
-0.318824
0.903388
-0.223269
-0.416294
-0.217749
-0.032253
-0.352785
-0.275586
0.156454
-0.065528
-0.051877
0.805372
0.861657
0.124583
1.144189
3.320976
0.564132
-2.564265
-0.211087
0.253385
-0.534025
-0.510821
1.060329
-1.248479
1.061949
-0.374206
0.636076
1.007786
-0.174431
-0.065164
-0.552509
-0.132139
-0.331662
0.056513
1.166742
0.633099
0.781008
-0.201710
0.424519
1.656489
0.127971
-0.313480
0.151992
-0.050227
-0.894191
-0.933229
0.042160
1.425932
0.612820
-0.120351
0.272774
0.312867
-0.200360
0.200017
-0.491473
-1.281376
-0.561959
0.171710
-0.710142
-0.332364
-1.057639
-0.426599
0.556545
1.322444
0.224533
0.040360
0.137692
0.001870
0.510090
0.431455
0.364755
0.106543
0.172019
0.184048
-0.070853
-0.223491
0.014503
-0.228476
-0.470629
-0.389648
-0.108662
-0.172089
-0.177547
-0.722231
-0.292849
-0.881698
-0.490781
0.013842
-0.731069
1.275285
1.348104
0.790372
-0.039990
-0.243398
-0.574566
0.031370
0.169796
-0.826543
0.024688
-0.078830
-0.267246
-2.125687
-0.824281
1.264415
2.391107
-1.973369
1.061055
-0.252974
-1.340579
0.384080
0.152616
0.147447
0.265196
-0.123107
-0.864511
-0.329405
0.080927
-0.938074
0.338223
-0.148046
-0.867946
-0.058506
0.156915
2.215008
0.320481
-0.499138
-1.338587
-0.231260
-0.180283
-1.082338
-0.265491
-1.638180
-0.046018
-0.839435
0.077745
-1.144062
0.257837
-0.738726
-1.421131
-0.225501
0.332459
-0.341648
0.471544
-0.195340
2.270734
0.334434
-1.197574
-0.598168
0.214587
-1.276873
0.499163
0.060692
-0.556651
2.871399
-0.160676
0.241060
-0.572296
-0.187339
-0.625561
-0.595170
-0.071997
-0.166917
-0.357502
0.389444
-0.372112
-1.244810
0.071669
1.958535
0.779871
-1.401877
0.399714
-0.738346
-0.508329
-0.083961
-0.071891
-0.246471
-0.086591
0.006973
-0.264983
-0.471583
-0.192965
-0.065197
0.514941
-0.332425
0.579028
0.444680
2.044995
0.442544
-0.044201
-1.990388
-0.097363
-0.686046
1.824481
-1.100264
0.384941
2.966023
1.276701
-0.521302
-1.756689
-0.043975
0.422080
-0.630955
-0.431423
-0.352537
-0.720936
0.203331
-0.700277
-0.535229
0.721196
-0.520632
-0.615747
0.074204
-0.138290
-0.136567
0.016741
-0.096265
-0.425290
-0.378342
1.653776
-0.868953
-0.360290
2.595385
-1.169576
-1.442536
-0.586883
0.646283
-0.354185
0.203577
0.509707
0.380278
0.257015
0.594628
0.400332
-0.041345
-0.047838
-0.022905
0.588868
0.635120
-0.297001
0.382482
2.508253
0.301093
-0.274611
-0.685153
-0.113774
-0.473416
-0.708245
-0.409425
1.164246
-0.250614
-0.605894
-0.294406
0.065226
-0.193413
-0.033915
-0.957482
-0.556487
3.124895
-1.751351
0.405659
1.130904
-0.362970
-1.645866
-0.166102
0.137741
-0.029653
-0.202872
2.219008
0.031013
0.025972
-0.275892
-0.285386
0.184178
2.115337
-0.259522
0.059424
0.368487
-0.115109
-0.464630
-0.293438
-0.358941
0.272419
0.985502
-0.711262
-0.558005
1.386183
-1.424996
0.367760
0.848637
-0.418537
0.137667
0.194576
-0.078533
-1.520245
3.010706
-1.306899
0.031191
0.300595
-0.069735
-0.396060
-1.819016
-0.370426
0.381069
1.051132
-0.202644
0.510333
0.343610
-0.501723
-0.144837
0.653024
0.069084
1.117685
1.376951
0.964844
0.629003
0.006725
-0.149579
0.489124
0.607742
1.080201
-0.347984
-0.407646
1.174159
-0.361647
-0.838690
-0.319638
0.427848
-0.266167
-0.299445
1.010509
0.748474
-1.081239
0.093475
0.279924
-0.323316
0.121887
-0.022254
0.484856
0.600462
2.116540
0.389493
-0.147611
1.287845
-0.073569
0.210162
1.855707
-0.509648
-0.774396
-0.376065
0.848920
0.252184
-0.548639
0.454448
0.391289
-0.277779
-0.889262
-0.219652
-1.126554
2.714079
0.250843
-0.363241
0.895121
-0.396701
1.592511
0.793187
-1.673090
1.124809
-0.791922
-0.180424
1.434725
0.224903
0.736249
-0.220410
-0.833283
2.426477
-0.687083
-0.153497
-0.153641
0.351309
-0.073975
-0.746281
-0.736375
-0.662861
-0.981803
1.396393
-0.487611
-0.652046
-0.699679
-0.651283
-0.503361
-0.447767
-0.165111
-0.476710
-0.350298
-0.433134
-0.116927
0.033199
0.260675
-1.073595
-2.285834
-1.262534
0.772455
-1.689407
0.151174
2.167900
1.178341
2.162184
-0.569637
-0.817652
-0.435281
0.242727
0.176873
-0.312843
-0.235126
0.051222
0.187172
-0.026711
0.466127
0.345767
0.261234
2.698089
-0.525719
-0.234675
0.369488
0.105566
-0.955823
0.326544
0.450727
-0.669640
-0.016121
0.507958
-0.768241
-0.521935
1.482700
0.593191
-1.111608
-0.821300
1.468175
0.032743
-0.793153
0.418052
0.307126
-0.167293
0.062029
-1.411273
0.136523
1.486822
-0.222420
-1.953556
-0.366341
1.671096
0.446141
-0.034243
2.585602
0.933648
1.309427
0.053579
-0.814218
-0.159309
-0.652150
-1.198611
-0.919602
-1.214019
0.749185
1.521292
-1.931828
2.075007
-0.212667
0.065693
0.520850
0.315520
0.963782
-1.089477
-1.904224
3.532480
0.324188
-0.907707
0.101684
-0.046992
-0.356837
-0.084091
-0.117365
-0.070831
-0.080287
0.098241
0.908952
0.402309
0.825614
-0.771320
-1.589304
-0.331177
0.332176
1.968177
-0.435503
0.640021
1.479674
-0.285509
-0.150136
1.720826
0.531295
0.726222
2.822990
-0.835074
0.434623
0.439806
0.467653
-2.228127
-1.917625
-1.119620
-0.894911
1.557261
0.413872
-0.843530
-0.347505
-0.080071
0.032755
0.245879
0.187496
-0.463066
0.802909
1.252330
-0.278584
-0.258066
-0.305788
-0.702320
0.212945
1.086037
-0.695383
-0.712938
0.076083
0.807604
-0.373514
-0.553564
1.131281
0.332225
-0.492362
1.872136
-0.430639
-0.111674
-0.065867
0.022343
-0.866167
-0.847581
1.442305
1.042816
-0.766581
-0.070379
1.473990
-0.965974
-1.071246
-0.400518
-1.085061
-1.309704
0.025468
0.621710
1.903293
0.355340
0.260895
-0.389932
-0.058040
0.067987
0.079901
0.177976
-0.773651
0.417347
0.592869
-0.355653
0.941718
0.050787
0.005776
0.266369
-0.055251
0.001335
1.449078
0.245471
-0.060420
0.010825
-0.213182
0.175787
1.347867
0.373433
1.230417
-2.709102
0.835002
0.433953
-0.115004
-0.566247
-0.477236
-1.276505
-0.482769
0.578205
1.806134
0.169187
-0.313674
0.354639
-0.262715
0.199310
0.053933
0.003850
0.226798
1.380670
0.129944
-0.114978
0.200169
-0.044508
0.619186
0.716011
0.504018
0.144273
-0.325899
0.407869
0.621787
0.094576
0.325552
0.049502
-0.115637
-0.133113
-0.457419
2.107058
0.105512
-0.315335
-0.257738
0.048366
0.534344
1.805334
-0.302550
-0.471963
0.646449
-0.068213
-0.020997
-0.024301
0.158594
0.539785
-1.149283
0.091434
1.948522
0.631707
0.720702
1.166939
0.625470
-0.670636
1.256561
-0.079106
-0.678395
-0.671066
0.077811
-0.577124
-0.697276
0.597747
-0.746695
-0.538307
0.125627
-0.231091
-0.919383
-0.984043
-1.040827
-0.478751
0.148610
-1.421398
-0.264176
-0.875204
-0.300878
1.330995
-0.270144
-0.624963
0.650564
0.182940
-0.665712
0.699607
-0.117970
-0.684478
0.070313
-3.007387
1.359708
-0.883179
3.374439
0.910492
-0.283206
-0.205527
-0.786377
-1.307374
0.758079
1.299734
-1.059199
-0.390748
0.635114
1.945267
-0.485304
-1.084533
2.472605
-1.091210
-0.569549
2.044539
-0.163056
-1.878083
-0.143499
1.262451
-0.353675
1.712745
-1.293703
-1.479925
0.049977
-0.201003
1.036322
-0.235161
-0.285141
0.109926
0.258811
0.700040
-1.318551
1.083157
-1.415439
-0.461544
-0.013718
0.083658
0.031032
0.099680
-0.367121
0.221072
0.552436
0.764343
0.175017
-0.641503
0.552417
0.022118
-1.465538
-0.545230
2.025856
-0.253532
0.076195
0.498277
-0.545741
-0.015664
-0.354227
-0.130856
-1.017648
0.466591
0.193635
-0.829203
0.775676
-0.217687
-0.643223
-0.389778
1.230956
-1.225941
-0.428707
1.386399
-0.335860
-0.588329
-0.296757
-1.361395
0.003715
0.525151
-0.671227
0.393424
-0.303555
-0.824180
-0.245608
-0.635484
2.140254
1.622585
0.306803
-0.363446
0.412505
-0.207648
0.870121
0.371204
2.363729
1.600074
-0.478048
-0.268002
-1.262887
-0.620730
-0.164832
-1.420772
-0.071785
-0.273616
-0.354804
1.283051
0.180823
1.372237
0.539103
-0.012914
-0.009085
-0.441013
-0.303029
-1.658528
-0.850759
2.616224
-3.951489
0.616932
0.843164
-1.143091
-0.404180
0.167135
1.322558
0.468528
-0.344150
-1.360912
-0.279977
-0.050141
0.340586
0.095867
1.322322
1.802904
0.012033
0.648541
0.137561
-0.045941
0.281183
-0.396161
0.101298
-0.514533
-0.159090
0.376945
-0.131035
0.433047
-0.152470
0.378828
2.008024
0.638444
1.006658
0.408160
-1.072133
-0.724673
1.929727
-0.293061
-1.394133
-1.003832
2.209685
-0.363266
0.635324
1.342450
0.185336
-0.141820
-0.693066
-0.019958
0.003756
-0.310099
0.028932
1.084279
-1.568842
0.022772
1.687782
-1.209013
0.305741
0.054601
-1.448129
0.107323
0.024643
0.580576
-0.878754
0.855305
1.130718
-0.736727
-0.051717
-2.392923
-0.203592
0.927446
-0.006303
-0.288233
1.490103
-0.228753
-0.345278
-0.128041
-0.186478
