-0.636116
0.299075
0.682414
0.441713
-0.192313
-0.985802
-0.050821
1.323579
-0.161802
0.753050
0.340349
-0.173958
-0.249228
0.105813
1.209533
0.174405
0.104219
-0.196212
-0.927758
0.173641
0.204780
0.374890
0.406979
-0.608926
0.548784
0.647707
-1.073600
0.979137
-0.123006
-0.447409
-0.505077
-0.719807
0.649347
-0.410196
0.318202
0.642890
-0.254415
0.049015
-0.205402
0.437739
0.007070
0.067600
0.837711
0.100589
0.480014
0.098559
-0.280741
0.011488
-0.253885
-0.220477
0.457755
1.231444
-0.161214
0.024179
-0.106376
-0.540650
-0.032818
0.534764
0.399025
0.230234
-0.095230
0.406951
0.525285
-0.152578
-0.802077
0.790321
-0.767962
0.346696
0.442262
-0.800975
0.674915
0.555657
-0.172923
0.357490
-0.443117
-0.276592
-0.186374
0.361652
0.413497
-0.275065
-0.339397
-0.242236
-0.392379
0.140910
-0.088905
0.719363
0.734607
-0.699393
-0.570611
0.341795
0.488994
0.029067
-0.615519
-0.738557
0.537917
0.388361
0.629452
0.396757
0.465327
0.344637
0.422114
0.342890
-0.414504
-0.155018
-0.683251
-0.270934
-0.205887
0.758544
0.079059
0.567891
0.417318
0.283188
-0.377161
-0.415954
-0.130665
-0.500599
-0.473768
-0.228408
0.307178
-0.798934
-1.019282
-0.660180
0.313740
0.341254
0.754797
0.426928
0.520961
0.559750
