-0.036218
0.013733
-0.066809
-0.045205
-0.003325
-0.038871
-0.017691
-0.071786
-0.007742
0.019409
-0.004649
0.002068
0.041801
-0.046462
0.025374
0.012406
-0.040868
-0.056250
-0.027067
0.012471
0.031268
-0.003879
0.070235
0.037014
-0.031174
0.008627
-0.004799
0.002244
-0.040385
0.000511
0.001792
0.011359
0.024058
-0.027692
-0.052597
0.056744
0.023342
0.029190
-0.056735
0.000513
-0.014745
0.011521
-0.052681
-0.024604
-0.038266
0.007781
-0.009450
-0.100977
0.055894
0.017302
0.018947
-0.006804
-0.017694
0.074729
-0.033674
0.059448
0.034669
-0.045099
-0.019156
-0.067901
0.030174
-0.022895
-0.019707
-0.029284
-0.001376
-0.026707
0.049887
0.028253
-0.022951
0.025273
-0.030526
-0.005006
0.029990
0.013632
0.005030
0.024325
0.018413
0.004561
0.012678
-0.039139
-0.031259
-0.003649
0.015497
-0.002293
0.047803
-0.085105
-0.042796
-0.048615
0.080496
0.010977
0.046915
-0.048282
0.038858
0.036653
-0.015744
-0.005225
-0.051896
-0.001007
0.001238
0.036487
0.041665
-0.006701
-0.047413
-0.034577
-0.013791
-0.023161
-0.031335
-0.067941
-0.003568
-0.054260
-0.035474
0.050213
-0.031729
0.041869
0.023165
0.036490
-0.008767
0.024447
-0.029761
-0.080519
-0.037313
-0.006686
0.071697
0.003681
-0.002777
-0.050109
-0.019157
-0.003649
0.053439
-0.060465
-0.001424
-0.000759
0.073380
-0.006142
-0.062226
-0.105963
0.077862
0.001768
0.030779
0.004944
-0.074833
0.069400
-0.051688
-0.029333
-0.007498
-0.005644
-0.013931
-0.027475
-0.049175
-0.002789
-0.006752
-0.039249
-0.038678
-0.077962
0.050662
-0.045411
-0.007783
-0.038034
-0.006770
0.018023
0.031258
0.034480
0.020773
0.042292
0.030636
-0.054522
-0.080130
-0.045382
-0.009183
-0.006030
0.004962
-0.046918
-0.010198
0.081970
0.013857
-0.076829
0.028595
-0.031513
-0.111967
-0.048107
-0.006506
0.016236
-0.028147
0.086416
0.105876
0.011415
-0.002123
-0.022713
0.060647
0.021834
-0.034063
0.029147
0.017794
0.032197
-0.016651
-0.015593
-0.084679
0.028485
0.020638
-0.105057
-0.019529
-0.022574
0.000022
-0.071262
0.042182
-0.018576
0.084325
-0.048281
-0.036546
0.050545
-0.018118
0.063149
0.041144
0.080250
-0.029883
-0.033610
0.046450
0.012466
0.011116
0.086186
0.024030
-0.067034
0.000648
-0.077598
-0.045796
-0.048623
0.046477
0.043256
-0.055798
0.055127
-0.088496
-0.048278
0.064561
0.092299
0.023968
0.019771
-0.022357
-0.050049
0.000277
0.051147
-0.098030
-0.050431
-0.016117
0.074088
-0.064029
0.081724
0.069592
-0.081087
-0.035186
0.058031
-0.074836
0.014582
0.064129
-0.003275
0.028707
0.044405
-0.038534
-0.042815
-0.027037
-0.024370
0.054711
0.022944
-0.030174
0.044842
0.023348
0.018609
-0.015009
-0.032448
0.041580
0.009631
0.006521
-0.038296
0.069631
0.017551
-0.068528
0.010933
-0.009882
-0.055106
-0.044607
-0.046587
-0.061014
0.030085
0.005905
-0.020952
0.065721
0.055552
0.028566
0.012954
-0.008350
0.022903
0.030211
0.059139
0.019309
0.024016
0.038245
0.006824
-0.033815
-0.002841
-0.027253
-0.005244
-0.014229
0.004914
0.013757
0.008837
-0.047804
0.019607
0.048285
-0.020074
0.015941
-0.012217
0.059191
0.032297
-0.012878
0.001386
0.015644
-0.013142
0.021529
-0.003325
-0.000086
0.040401
-0.063406
-0.016680
-0.011716
-0.023332
-0.019548
-0.003658
-0.017048
-0.035243
-0.038869
0.030767
0.021740
-0.025904
-0.034459
-0.054573
0.006916
-0.009553
0.042236
0.008827
-0.078017
-0.036644
0.034898
0.045489
-0.010655
-0.010259
-0.015861
0.012408
0.069344
0.031881
-0.044493
-0.080544
0.005117
0.042153
0.055051
-0.055165
0.029210
0.003238
-0.012460
0.021400
0.007725
0.047203
-0.003090
0.034152
-0.040300
-0.026940
-0.046937
0.048187
-0.032089
-0.062602
-0.027956
-0.031631
-0.002873
-0.034351
0.011101
0.063146
0.019841
0.040189
-0.011917
0.054739
-0.003649
-0.012097
0.005063
-0.031131
-0.000244
-0.016274
0.004393
0.076374
0.031890
-0.031271
0.019347
0.012153
-0.051155
-0.003424
-0.014438
0.020926
-0.016963
-0.022787
0.057542
0.003858
-0.017354
0.002029
-0.014048
-0.004497
0.015490
0.039586
0.041031
-0.005647
0.008687
-0.021136
-0.000309
0.041944
0.019552
-0.002213
-0.041649
-0.016541
-0.002178
-0.010894
0.012583
-0.033653
-0.021189
-0.035297
0.011084
0.023652
-0.013878
-0.006677
-0.037959
0.000895
0.014276
-0.009750
-0.011235
-0.004156
-0.006892
-0.006950
-0.017020
-0.010479
-0.009774
-0.018170
0.015928
0.022848
-0.006147
0.005743
0.049751
-0.001533
-0.050951
-0.000814
0.024231
-0.049547
0.030582
-0.028056
0.041396
0.107487
-0.077602
-0.079745
0.139312
0.037521
0.088570
-0.008560
0.043195
-0.000321
0.095421
-0.038016
-0.086500
-0.055149
0.005666
-0.035185
-0.062125
-0.051436
-0.145468
-0.060499
-0.067678
-0.099218
0.048026
-0.059496
0.020925
0.047722
0.073990
0.036365
0.057201
0.037845
-0.143775
-0.034256
-0.084167
-0.009669
0.081271
0.032838
0.116628
0.045227
0.037984
0.010279
-0.005680
-0.120213
0.005763
0.055344
-0.027099
0.103768
-0.008299
-0.041580
-0.175404
-0.037615
-0.040669
0.037277
0.108865
-0.067522
0.037094
-0.008870
-0.046132
0.041869
-0.033886
-0.126441
-0.019099
0.042061
0.129785
0.109728
-0.006308
-0.011896
-0.025687
0.030477
0.005204
-0.006957
-0.030404
0.024670
0.073400
0.048211
0.037653
-0.042781
-0.023713
0.005030
0.073289
-0.013366
0.011649
0.016550
-0.016065
-0.017579
-0.024667
0.023651
0.043645
-0.032732
0.042774
-0.025909
0.000109
-0.008559
-0.017366
0.002399
-0.040477
-0.026293
0.003149
-0.102046
-0.042250
0.089421
0.005167
-0.020464
0.049615
0.047356
0.004066
0.032128
0.022386
-0.014342
-0.012447
0.033224
-0.056265
-0.047117
-0.055167
0.010585
0.016900
-0.049550
-0.002684
0.033386
0.098925
0.036484
-0.060607
-0.025872
0.007607
-0.022841
-0.033869
0.061922
-0.024311
-0.040408
-0.067981
-0.072984
-0.073882
0.038882
0.033083
0.063439
0.006776
0.095896
-0.020133
0.040041
-0.004981
0.029747
-0.042876
0.002248
-0.009122
-0.020189
0.022569
0.000215
0.020332
0.033074
0.022760
-0.032398
0.011389
0.026284
0.011540
-0.011515
0.027561
0.107563
-0.030849
-0.017708
0.012378
-0.005646
0.010041
-0.021234
-0.010609
0.038551
-0.022308
-0.006572
0.008498
-0.024750
-0.010955
0.036011
0.105305
0.018703
-0.018644
0.024956
0.010585
-0.046798
0.014804
-0.032621
-0.015289
-0.042340
-0.021735
0.042009
-0.032678
0.001697
0.034096
-0.068433
-0.000330
-0.086134
-0.028771
-0.069488
0.036558
0.042014
0.024834
-0.057978
0.065652
-0.027771
-0.007667
-0.029694
0.032495
-0.012352
0.052588
-0.000103
-0.004357
0.004353
-0.057138
0.005012
0.048294
0.025531
-0.050835
0.038516
0.029949
-0.009834
-0.046171
-0.042283
0.007743
0.039009
0.076162
-0.016563
-0.020419
-0.052124
-0.000251
0.027016
-0.087717
-0.017466
-0.065211
-0.024728
0.006526
0.020151
0.019990
0.012938
0.075232
-0.015013
0.034003
0.038577
0.015908
0.009766
-0.038764
-0.017109
0.004090
0.028179
-0.004967
-0.045408
0.032231
-0.022626
-0.019413
-0.039810
0.035977
0.021377
-0.033951
0.011125
0.058640
0.053542
-0.033759
-0.041421
0.021168
-0.055776
-0.057067
0.081672
0.054850
0.048927
0.000591
-0.073117
-0.023619
0.030582
-0.047074
-0.059027
0.030717
-0.021800
-0.025371
-0.023636
-0.018188
0.061461
0.016608
0.036319
-0.059307
0.004709
-0.024962
0.089368
0.033634
-0.066630
-0.011102
-0.074890
-0.012698
-0.003398
-0.014048
-0.001306
0.027230
0.062637
0.090977
-0.018835
0.013015
0.058746
0.016715
-0.046585
-0.049875
0.027033
0.092413
0.012025
0.037844
-0.028095
0.044320
0.028428
0.019382
0.066252
-0.004783
-0.066261
-0.105948
0.057104
-0.113777
0.072830
0.035398
-0.046870
0.008378
-0.003881
-0.011506
0.039138
0.016752
-0.071431
-0.003451
0.034246
-0.008742
-0.014663
-0.045263
-0.002461
0.020627
0.030781
-0.003333
-0.031120
0.014946
0.045256
0.007274
0.011645
0.043145
-0.008374
-0.000969
0.011908
-0.020956
0.022236
-0.036586
0.029393
-0.011156
0.023947
0.008564
-0.014343
0.025747
0.030857
0.005375
-0.006132
0.019021
0.005828
-0.014399
0.014603
0.042227
-0.012865
0.025819
0.014453
-0.030314
0.007493
-0.042296
-0.037271
-0.001506
-0.024677
-0.015383
-0.003491
0.021539
-0.009920
0.016377
-0.045158
-0.020714
0.011785
0.001587
-0.011741
-0.046141
0.045435
0.014055
0.012447
0.022623
-0.024806
-0.015330
0.038462
0.023116
-0.035527
0.023215
-0.004719
-0.012127
-0.012890
-0.025120
-0.019556
0.021130
-0.007643
0.004740
-0.032933
-0.010947
-0.046371
0.008248
0.018421
0.003586
0.012831
0.012560
-0.032978
-0.019336
-0.006500
-0.013869
-0.001528
0.015762
0.000667
0.002689
-0.004033
0.041100
-0.049695
-0.017091
0.012447
-0.043415
-0.009261
0.018976
0.014445
-0.007793
-0.006305
-0.045646
-0.018524
0.017527
0.023142
-0.015772
0.013003
0.027244
0.015958
0.004915
-0.014131
0.006241
0.019668
-0.004455
-0.010669
-0.014447
-0.006614
-0.065919
-0.005297
0.025271
0.013022
-0.009314
0.004372
-0.031031
0.021621
-0.015405
0.007586
0.024098
-0.033206
0.020181
0.051496
-0.006150
-0.012592
0.068929
0.030788
-0.009116
0.021146
0.037851
-0.030399
-0.006769
-0.029387
-0.029882
-0.074175
0.019965
-0.061517
-0.038080
0.004088
-0.006973
0.051900
0.037877
0.001710
-0.044246
-0.002437
-0.059751
-0.026723
-0.023609
-0.028391
-0.029578
-0.092294
0.011005
0.076065
0.000374
0.053488
-0.060731
-0.026312
0.041344
-0.051861
0.067256
-0.021206
-0.026274
-0.036111
0.022559
-0.007206
-0.035321
0.032147
-0.026349
0.014956
0.026565
0.070833
0.095347
-0.030903
-0.007622
-0.032684
0.009294
-0.037547
0.001514
0.114635
0.032737
-0.008487
-0.040966
0.016809
-0.022270
0.015784
-0.018719
0.003501
-0.013626
0.010661
-0.019531
-0.058114
-0.009521
-0.115004
-0.010487
-0.095404
0.031936
-0.008302
-0.011707
0.089801
0.041547
0.051347
-0.072159
0.021819
-0.016290
0.048974
0.018136
0.067243
-0.034204
-0.016296
-0.075446
-0.042766
0.036025
-0.064495
0.058431
0.040602
0.052399
0.025280
0.026137
0.015065
0.006736
0.086861
-0.048116
-0.096586
0.016934
-0.030127
-0.012839
-0.051847
0.003088
0.020408
-0.063092
0.031659
-0.017431
0.092554
0.016052
0.022097
0.022643
0.045735
0.026922
0.021910
0.049101
-0.035172
-0.063132
0.019817
-0.029386
-0.021983
-0.018315
-0.045391
0.000545
-0.055774
-0.005649
0.053140
0.015971
0.044395
-0.008065
-0.016016
0.030141
0.018127
0.070742
-0.014433
0.049508
-0.040667
-0.033857
-0.052752
0.051405
0.050309
0.026480
0.053353
0.021065
0.078055
-0.051309
0.037100
0.042302
-0.066861
-0.010513
0.046019
-0.020214
0.036537
-0.072824
-0.009388
0.063924
0.008911
0.040826
0.064068
-0.026451
-0.018039
-0.082681
-0.014449
0.001500
-0.023756
-0.033996
0.014944
-0.095423
-0.008531
0.055727
-0.008183
0.002717
-0.020259
0.047783
-0.029517
0.050181
0.000840
0.006362
-0.023351
-0.039804
0.022016
-0.096260
-0.070996
0.041616
0.014275
0.018952
-0.006381
0.019572
0.073853
-0.009006
0.032147
-0.030213
0.030614
0.069342
0.006105
0.005758
0.037771
0.177162
-0.024687
0.004742
-0.041363
-0.007985
0.024078
-0.002570
-0.038278
-0.077968
-0.001870
-0.117676
-0.052593
0.011358
0.056528
-0.045879
0.035956
0.011726
-0.012049
-0.003433
0.066686
-0.073130
0.014272
0.019023
-0.020590
-0.025526
0.025727
-0.004814
0.027886
0.028415
0.093650
-0.045476
0.021884
0.006716
-0.018121
-0.015822
-0.006152
0.001128
-0.027269
0.020557
0.053127
-0.053552
-0.028795
-0.008275
0.030551
0.061731
0.018576
-0.044419
0.027934
0.021093
0.061643
-0.038622
-0.103578
0.058653
0.001830
-0.009048
-0.015114
0.014608
-0.005079
0.024766
0.006639
-0.035580
-0.029588
0.034013
0.016364
0.004486
-0.020616
-0.040280
0.013550
0.003832
-0.009350
-0.006599
0.003181
0.029303
-0.035227
-0.009311
0.015111
0.050161
0.016748
-0.009506
0.005075
-0.028333
-0.005504
-0.046993
-0.020593
0.013435
0.022930
0.043512
0.026615
0.007670
0.008876
-0.006371
-0.008501
0.003018
-0.053527
0.007359
0.008344
0.015053
-0.030671
0.027403
0.013359
0.027762
-0.025802
0.000132
-0.043228
-0.004886
-0.006887
-0.031228
-0.032292
0.014505
-0.045848
0.010300
-0.009956
0.063037
0.008120
-0.008464
0.041049
-0.030220
0.011711
0.048714
-0.017404
0.002482
0.000299
-0.031545
0.021426
0.024736
-0.052292
-0.043558
-0.041574
0.017863
0.034805
0.014285
0.019288
-0.012823
-0.055340
-0.012196
0.006658
-0.039082
0.029392
-0.031634
-0.036491
-0.066999
0.039298
0.047974
-0.015815
0.005902
0.027557
-0.022226
-0.016229
-0.002873
0.006127
0.020021
0.055505
0.041723
-0.002876
-0.017762
0.023011
-0.006704
0.027838
-0.023166
-0.021682
0.027449
-0.008657
0.028759
0.032223
0.002257
-0.030334
-0.043901
-0.008030
-0.028888
0.061540
-0.004395
0.023494
0.004658
-0.018124
0.034670
0.002884
-0.008146
0.068375
-0.072681
0.044751
-0.017958
-0.007271
0.069131
-0.069256
0.009439
-0.024076
0.069755
-0.040305
-0.073706
0.005018
0.070677
0.042438
-0.107069
-0.078485
-0.020197
0.030803
-0.021357
-0.067108
-0.002875
-0.061566
-0.036807
-0.071183
0.081309
-0.022347
0.088347
0.117791
-0.073826
0.020549
-0.051475
-0.029002
-0.049598
-0.033164
0.058551
-0.026674
-0.019983
0.002226
0.076388
-0.100635
0.020626
0.060508
0.015041
0.104012
0.021586
-0.062971
0.045073
-0.101681
0.010385
-0.005381
0.012560
-0.016255
0.033629
0.062092
-0.008852
-0.036803
-0.005170
-0.003371
0.003224
0.059076
-0.148256
0.055564
0.013703
0.016412
0.001897
0.102959
-0.080504
0.025089
-0.068868
0.149963
-0.009986
-0.036602
0.078831
0.003782
-0.043371
-0.121069
0.001558
0.052348
-0.037261
-0.048067
0.008342
0.064794
0.015825
0.021087
-0.003128
0.016981
-0.045082
-0.085780
-0.055017
0.052789
0.051565
-0.061451
-0.046460
-0.021944
-0.048594
-0.028511
-0.013896
0.069757
0.022356
-0.036400
0.000027
-0.002223
-0.088434
-0.030704
-0.051190
-0.005555
0.048795
0.023647
0.028212
-0.053431
-0.038002
0.004594
-0.003830
-0.019092
-0.042292
-0.002932
-0.037889
-0.051212
0.022125
0.028175
0.065856
0.060781
0.089736
-0.048761
-0.034149
0.013001
-0.018428
-0.033116
-0.007726
0.018846
0.045960
-0.008109
-0.043361
-0.096146
-0.051381
-0.019079
0.008473
-0.007121
-0.000711
-0.075099
0.008025
-0.011606
-0.037711
0.026330
0.026279
0.041368
0.002882
0.029104
-0.022143
-0.004389
-0.009609
-0.057819
-0.041341
0.030728
0.030214
-0.007185
0.033994
0.005839
-0.000065
-0.009057
0.026289
-0.009928
-0.078325
0.004228
0.006474
0.026099
-0.003303
0.003382
-0.010274
-0.013528
-0.017678
0.046572
0.010261
0.046868
-0.035477
-0.050988
0.022197
-0.051870
0.023151
-0.028086
0.015424
-0.022662
0.009923
0.047617
0.039735
0.033146
0.014134
0.031829
0.046934
-0.062241
-0.071747
-0.029752
-0.024319
0.030909
-0.009919
-0.038194
0.025747
0.006807
-0.009752
0.079372
-0.005081
-0.014767
-0.003756
-0.002212
0.002813
0.016967
0.035987
0.028512
0.000845
0.005601
0.033419
0.028022
0.020790
0.023304
0.001684
-0.023979
0.009709
-0.011594
-0.007973
0.033923
-0.008326
0.040207
-0.020330
0.030999
-0.001541
0.021459
-0.024707
-0.039921
0.010255
-0.026191
-0.049747
0.009397
-0.000673
-0.014144
0.012729
-0.004649
-0.006177
0.014098
0.009410
-0.001571
-0.014160
0.014483
-0.008082
0.000958
0.003893
0.037741
-0.005361
0.012030
-0.010320
-0.025260
0.012813
-0.014652
0.004936
0.027218
0.021787
0.001404
-0.005325
-0.025904
-0.003671
-0.000246
-0.023063
-0.010604
-0.014055
-0.023880
0.021412
-0.000812
0.026659
0.060063
-0.064495
-0.013623
0.040544
0.042310
0.041443
0.034175
-0.067596
0.038938
0.043985
-0.010565
0.050381
0.057497
-0.010007
0.004676
-0.010273
-0.043341
-0.046840
0.026036
0.016049
0.030591
-0.013169
0.034109
0.009659
0.031366
-0.005359
0.072667
-0.032622
0.030988
0.010849
-0.051130
-0.046864
0.034469
-0.034523
0.003150
0.029559
-0.115195
-0.024487
-0.087818
0.004724
-0.025371
0.020870
-0.009297
-0.096212
-0.049989
-0.037041
0.145125
-0.009785
-0.003186
-0.001815
-0.008573
0.036848
-0.010763
0.032993
0.064000
0.005471
0.015270
0.096398
0.017394
0.042775
0.006825
0.061890
-0.040798
-0.052425
0.026202
-0.003408
-0.030529
-0.012452
0.040233
0.042596
0.084884
0.055212
-0.017937
-0.009254
0.003666
0.080027
-0.009462
0.105579
0.005538
0.025965
0.049536
-0.069034
0.009126
0.047962
-0.013871
-0.026750
0.004187
0.033326
-0.048155
0.111039
-0.050827
0.076565
-0.025330
-0.002347
0.014783
-0.072404
0.077356
0.000541
-0.003656
-0.038569
-0.008361
0.005504
0.070123
-0.014628
0.002774
0.069961
0.008203
-0.031357
-0.001688
-0.000825
-0.006965
0.077490
0.004531
-0.017869
0.027427
0.041505
-0.037420
0.097970
0.054055
0.032802
-0.044412
-0.021173
0.008440
-0.080456
0.063752
0.067581
-0.025999
-0.009638
-0.063903
0.097545
0.027193
0.005044
-0.028263
-0.028441
0.025550
-0.034700
-0.005776
0.014498
0.046423
-0.022397
-0.005244
-0.002120
0.052574
-0.009287
-0.060757
-0.033590
-0.022156
-0.036515
0.035328
0.056133
-0.086369
-0.005573
-0.010079
0.038384
-0.036373
-0.035227
-0.000097
0.007844
0.084206
-0.052048
0.027139
-0.025923
0.003498
-0.052995
0.006650
0.050969
-0.046040
0.028634
-0.033787
-0.020831
0.036095
-0.002724
0.018651
0.028204
-0.013472
0.001449
0.019819
-0.027297
0.018265
0.033358
0.007838
-0.008173
0.036049
0.018148
0.055527
-0.005137
0.048766
-0.042419
-0.032750
-0.018644
-0.018320
-0.009822
0.015684
-0.068608
0.014202
-0.036962
-0.029658
-0.008038
0.073942
0.009736
0.030296
0.037832
-0.075628
0.015094
0.000725
-0.010687
-0.079687
-0.049418
-0.012545
0.044362
0.041209
0.079825
0.011703
-0.010945
0.030624
0.079126
-0.097679
0.021760
-0.006640
-0.113553
-0.022461
0.121406
0.026919
0.047547
-0.030143
0.020303
-0.072084
0.040902
-0.002276
0.084985
0.049431
0.018371
-0.069719
-0.067828
-0.019367
-0.095621
-0.030626
0.097215
0.073364
-0.047399
0.045870
-0.020795
0.056052
0.099919
0.074477
-0.036145
0.008637
-0.008179
-0.021830
0.008312
-0.073760
0.037481
0.006643
-0.012445
0.009622
-0.026653
-0.002979
0.013433
0.006018
-0.038892
0.099845
-0.023903
0.087163
0.039073
0.051413
-0.053176
-0.049180
-0.058333
-0.010210
-0.009670
0.081462
0.086934
-0.057136
-0.002768
-0.002362
0.051199
0.008900
-0.032899
-0.022750
-0.039593
-0.097632
-0.008946
0.106505
-0.005366
0.095021
-0.035735
0.014700
0.049011
0.013486
0.029561
-0.049229
-0.004465
-0.024254
-0.013898
-0.055008
0.021867
0.033623
-0.011540
-0.005703
-0.065380
0.042463
0.034367
0.009704
-0.015490
0.045566
-0.022255
-0.012819
-0.060409
-0.001621
0.014532
-0.025443
-0.007700
0.038943
0.032952
-0.060259
-0.109335
-0.085181
-0.013864
-0.009154
-0.030165
-0.006294
0.049900
0.035664
-0.079407
0.003304
-0.006424
0.004579
-0.006379
0.019943
0.004561
-0.009387
0.049298
-0.043466
0.035934
0.017678
0.002890
-0.030419
-0.034991
-0.012921
-0.012955
0.017492
0.009365
-0.010673
0.019553
-0.004697
0.000302
0.021036
0.020612
-0.032561
0.018910
-0.004450
0.008972
-0.066627
-0.058562
-0.013087
-0.019273
0.023376
0.005076
0.030146
0.028907
-0.012345
0.008047
0.015438
0.040988
-0.007756
0.012359
-0.020747
-0.009535
-0.004015
-0.018882
-0.011117
-0.014826
-0.009111
0.017627
0.065580
0.001355
-0.001471
-0.021124
-0.010626
-0.036946
0.003512
0.015385
-0.015009
0.042405
-0.016982
-0.016503
-0.015211
-0.015089
-0.016044
-0.022886
-0.042794
-0.025913
0.096372
-0.005145
0.011185
0.005777
-0.009933
0.020437
0.031410
-0.030998
-0.047244
0.072095
0.012979
-0.027547
-0.024549
0.043113
0.010865
-0.031101
-0.003995
0.021982
0.012656
0.011911
-0.015099
0.002911
0.026953
0.005160
-0.038986
0.036950
0.000303
-0.044582
-0.037749
-0.006477
-0.003385
-0.001512
0.044582
0.032582
0.022300
-0.005675
0.032750
0.035498
-0.024112
-0.023566
0.018449
-0.014429
-0.014104
0.049952
0.073326
0.034646
0.091001
-0.067084
-0.019768
0.035363
-0.045830
-0.059217
0.023286
0.018522
0.015166
0.009652
-0.035533
-0.019282
-0.012235
0.007760
-0.001214
-0.027783
-0.013835
-0.031707
-0.043523
-0.006317
-0.024175
-0.004189
0.004196
-0.012399
0.024654
-0.027608
-0.005907
-0.011334
0.030047
0.015329
-0.001028
0.030669
-0.020167
-0.007977
0.050105
-0.038666
-0.000912
-0.007989
0.013803
0.054637
-0.034640
0.035363
0.017254
-0.003705
0.000704
-0.018879
0.004095
0.014310
0.025913
-0.004570
-0.025531
0.008626
0.017219
0.015889
-0.011441
-0.023314
-0.007108
-0.016973
0.006703
0.009572
0.039331
0.052341
0.034929
-0.027106
-0.053772
-0.016375
0.058287
-0.006930
-0.040665
0.006491
-0.031629
-0.119031
0.023305
0.042967
-0.041424
0.059163
-0.031734
-0.045777
0.076745
0.039210
-0.016489
-0.042335
0.077189
-0.011825
0.064639
-0.035096
-0.079883
0.082370
-0.072835
-0.021051
0.001384
0.103227
-0.001738
0.114579
0.014828
-0.050527
-0.076488
-0.028102
-0.053709
-0.036060
-0.060283
0.112838
-0.016314
-0.010051
0.095227
0.100239
0.079384
0.076252
0.116256
0.010977
0.058402
-0.022539
0.060828
0.055945
0.086149
0.004336
0.043877
0.122416
0.057904
-0.080237
0.139462
0.019383
0.046978
0.029368
-0.059355
0.043449
0.069843
-0.029963
0.091363
0.106657
0.049285
0.012505
0.083234
-0.025229
-0.002134
0.021908
-0.015530
-0.046699
-0.002398
-0.032429
-0.010422
0.021050
-0.022271
0.000478
-0.013544
0.007321
0.003095
-0.014463
0.019557
0.028454
0.017368
-0.004112
0.019530
0.011502
-0.008827
-0.006685
-0.010589
-0.054863
-0.015818
-0.018325
0.016548
0.036469
0.024636
-0.026561
0.056876
-0.012566
-0.023143
-0.027869
0.023820
0.006360
-0.017057
-0.014795
-0.012098
-0.001678
0.002633
0.022463
-0.004830
0.005374
0.008362
0.007498
0.001133
0.030046
0.016126
-0.008594
-0.003458
0.013597
-0.021965
-0.000606
0.030435
0.034540
0.028506
-0.008075
-0.021588
-0.000257
0.034128
0.015125
-0.012381
0.027968
0.010073
-0.024510
-0.027837
-0.000446
-0.045408
-0.033547
0.108245
-0.023504
0.026061
0.080151
-0.042533
-0.012101
0.016881
0.049673
-0.005743
-0.009245
0.001910
0.023935
0.062309
-0.043930
-0.021176
0.001867
0.060494
0.021814
-0.021885
-0.008335
0.058140
-0.002362
0.015596
0.020458
-0.017382
0.065374
0.026175
-0.047794
0.001775
0.029543
0.058164
-0.056718
-0.008008
0.003289
0.129230
0.064841
0.000718
-0.042336
-0.070327
-0.011626
-0.018482
-0.050323
-0.012020
0.107868
0.038375
0.035869
0.000294
0.027903
0.023157
-0.008631
0.003375
-0.088974
-0.022257
0.027748
-0.003429
-0.025397
0.034966
-0.004416
-0.020367
0.047335
0.030668
0.050566
-0.019629
-0.030194
0.048575
0.000251
0.019071
-0.004016
-0.007577
-0.057114
-0.012302
0.081300
-0.029089
-0.115783
-0.071007
-0.021356
-0.012589
0.013396
0.075495
0.037965
-0.087458
-0.004596
-0.009326
-0.039691
0.039422
-0.077425
-0.034949
-0.052219
0.014360
0.027790
0.074169
0.010213
0.046541
0.004139
0.042820
-0.013551
0.009366
0.035760
-0.042409
-0.006686
0.043542
0.063062
0.046276
-0.114093
0.061349
0.049019
0.087994
0.063297
-0.024734
0.005199
-0.068515
-0.032254
-0.017070
0.035242
0.062872
-0.056044
-0.017168
-0.032645
-0.007185
0.020734
-0.022545
0.005493
0.022884
-0.040617
-0.009096
-0.034471
-0.043075
0.027160
0.033136
-0.055625
0.014376
-0.013277
0.019769
0.007252
-0.035943
0.012913
0.003295
0.056649
0.009769
0.064212
0.023909
-0.037329
-0.044805
-0.040941
0.028390
0.028608
0.013189
0.019214
-0.037953
0.002625
-0.009108
-0.007139
-0.003018
0.048271
-0.003216
-0.026763
-0.005182
-0.050410
-0.075292
0.043541
0.035411
0.007562
-0.003044
0.015792
0.035133
0.025833
-0.002345
-0.007521
-0.086156
0.052915
-0.013695
-0.007769
-0.001090
-0.026916
-0.001369
0.006532
-0.015647
0.020725
-0.003119
-0.040181
-0.020254
-0.012115
-0.011316
0.010353
0.008776
-0.019679
-0.025152
-0.082779
-0.078985
-0.005451
-0.059921
0.072076
0.012487
-0.035564
0.019165
0.053075
-0.058515
0.013595
0.021113
0.007795
0.048519
0.041890
0.039366
0.040799
0.011011
-0.041016
-0.039676
0.098969
-0.005933
0.029051
0.001634
0.076914
0.043751
0.063401
-0.014001
-0.031679
0.040768
0.000137
-0.005385
-0.001755
0.008800
-0.011224
0.033520
-0.056573
-0.010360
-0.052731
0.004644
-0.025040
-0.007669
-0.026991
-0.005453
-0.004680
0.041639
0.003963
-0.078999
-0.040182
-0.059759
-0.061489
-0.044592
0.029322
0.079399
0.002758
0.017585
0.002613
0.071825
-0.038574
-0.001150
0.021293
0.018116
0.007598
-0.024690
-0.004765
-0.048695
-0.057260
0.046458
-0.033256
0.023451
0.064383
-0.017437
-0.004406
-0.042806
0.006880
-0.028528
-0.017747
-0.023711
-0.035962
0.006546
-0.002247
0.051389
-0.051919
0.023233
0.043077
-0.011705
0.011627
-0.014421
0.018534
-0.017256
0.033645
-0.026062
0.001244
0.009716
-0.044224
0.049846
-0.001023
-0.046354
0.020934
0.069765
0.008694
0.005952
0.015533
0.022349
0.032663
-0.036452
-0.024408
0.004047
0.006523
0.070291
-0.038923
0.020532
0.047776
-0.007381
0.013853
0.047398
0.005666
-0.012782
0.046000
0.043041
0.045379
0.034092
0.004330
0.000257
0.052945
-0.058915
-0.051979
-0.048398
0.190616
0.085237
-0.028229
0.069343
0.029045
-0.004076
-0.022532
-0.027852
0.015994
-0.028009
-0.161816
0.017065
0.006588
0.002385
-0.014171
0.084261
0.032111
-0.056598
-0.004042
-0.029015
-0.060849
-0.033092
0.051663
-0.009903
0.069182
-0.040330
0.026878
-0.020018
0.164622
-0.095804
0.074367
0.115545
-0.004639
-0.039279
-0.083873
0.031768
-0.079976
0.023592
-0.069603
-0.081754
-0.037588
0.020387
-0.052296
0.150413
-0.090641
0.010942
-0.130433
0.075381
-0.120181
0.022135
0.039948
0.061030
-0.125591
0.159408
0.061553
0.143291
0.033288
-0.125188
0.079047
-0.002887
0.052883
-0.024469
-0.020008
0.020033
-0.060837
-0.027857
0.037669
0.027102
-0.012072
0.037183
-0.083370
0.041694
-0.030447
0.026655
0.059641
-0.052143
0.019153
0.025719
0.086795
-0.061278
-0.028862
0.015351
0.025635
-0.019942
0.025032
-0.047509
-0.038850
-0.062048
0.011363
-0.048036
0.055304
-0.043354
-0.050648
0.066281
0.029699
-0.104825
0.067883
-0.036170
-0.002692
-0.014330
-0.037306
-0.015416
-0.028839
-0.005862
0.058074
0.049115
0.036296
0.029260
0.010831
-0.057152
0.074609
-0.075121
0.122275
-0.081950
-0.077371
-0.001229
0.080860
-0.007601
-0.023997
-0.146445
0.032028
0.113830
-0.000345
0.044657
0.014367
0.027502
-0.059872
0.070821
-0.043681
0.040427
0.001855
0.000364
-0.007975
-0.012250
-0.003769
0.015904
-0.010133
0.024447
0.003807
-0.025103
-0.008911
0.034149
0.002039
0.029074
-0.039359
0.010163
0.053508
0.038809
-0.008877
-0.020482
0.017948
-0.025909
0.010923
-0.018418
-0.031619
-0.021744
0.033761
0.004231
0.037332
-0.003401
-0.079778
0.011826
-0.049261
-0.056170
0.009252
-0.044373
0.016893
-0.060840
0.014478
-0.008478
-0.000256
0.045851
-0.041057
0.014040
0.009683
0.027790
0.032247
0.007568
-0.007237
0.008605
0.003039
-0.021063
-0.056950
-0.056502
0.042807
0.009976
0.047258
-0.022131
0.018063
0.024945
0.009432
-0.005372
-0.064428
-0.128873
0.000791
-0.012823
-0.072127
0.006088
-0.017165
0.045437
0.045680
0.041566
0.054964
-0.084894
0.049661
-0.099366
0.040334
0.036069
-0.076857
-0.037325
0.071830
-0.045974
-0.096625
0.013190
-0.078214
0.014400
0.040182
-0.025568
-0.039200
0.070498
-0.047419
-0.023266
0.014926
0.013954
-0.049825
-0.040622
-0.008380
-0.042230
0.020862
0.066839
0.034373
0.032738
0.059694
-0.065034
0.003099
-0.125398
-0.065938
0.087760
0.050527
0.092881
0.118141
-0.019164
-0.008119
-0.009050
0.053057
-0.045981
-0.005358
0.012820
-0.098098
-0.006913
0.000104
-0.048435
-0.028605
0.082440
0.001203
0.062256
0.006566
-0.041552
-0.033436
0.005904
-0.004058
0.000766
-0.015911
0.023565
-0.000063
0.014889
-0.008638
-0.048775
-0.012011
-0.007597
0.003154
0.047723
-0.017356
-0.030847
0.006957
-0.060146
-0.010777
0.020238
0.051224
0.019760
0.023240
-0.035751
0.002677
0.011315
0.004993
0.002149
-0.050873
-0.007504
-0.018363
0.001258
0.044647
0.038338
-0.055314
-0.013815
0.011888
0.047209
0.020472
-0.012588
0.004014
0.006192
0.024960
0.004265
0.044041
0.001923
-0.012631
0.026575
-0.011019
-0.008922
0.018652
0.008978
0.006041
0.010521
-0.029929
-0.015033
0.009487
0.026170
-0.030901
0.009524
-0.019748
-0.017946
-0.021629
0.000917
0.033995
0.058416
0.033962
0.050992
0.040772
-0.000144
-0.054483
-0.001064
0.049886
-0.000046
-0.105576
0.031510
0.042711
0.014852
0.038578
-0.024004
0.035529
0.015686
0.094719
-0.031288
-0.016806
0.019300
0.029995
0.014098
0.006693
0.022691
-0.097017
-0.016390
0.016840
0.016379
-0.023847
0.081065
0.016793
-0.084194
-0.017770
0.021592
0.097107
-0.023908
-0.031030
-0.043897
0.015906
0.041172
-0.068716
-0.000684
0.036300
-0.016350
-0.060381
-0.005405
0.034834
-0.038190
0.066661
-0.001858
0.002105
0.062464
0.007656
0.041573
0.021104
0.052932
0.006520
0.069804
0.012092
0.040957
-0.029931
-0.028530
-0.029769
0.069747
0.012167
-0.064782
0.013253
0.014367
0.074398
-0.033377
-0.104318
0.058324
-0.021430
0.004797
0.067397
-0.021314
-0.019828
-0.043525
0.098659
-0.060715
-0.089233
-0.043416
0.065737
-0.024326
-0.005507
-0.081386
-0.039146
-0.061701
-0.005826
0.000771
-0.036769
-0.071966
-0.038688
0.100203
0.097525
-0.028890
-0.037424
-0.020969
-0.024348
-0.104145
-0.022354
-0.011252
-0.012288
0.095943
-0.029187
-0.068786
0.051654
-0.034446
-0.027284
0.062607
-0.009685
-0.021793
0.041415
-0.065818
0.054965
-0.010572
-0.028056
-0.019800
-0.025841
-0.045917
0.013014
-0.025488
0.038932
0.004239
0.030596
-0.006012
0.007907
0.000675
-0.018235
0.067745
-0.001328
-0.006158
0.027128
0.016073
0.008563
-0.020369
-0.010098
-0.007291
-0.007076
-0.002637
-0.012884
0.045571
0.024945
-0.015016
-0.020646
-0.063949
-0.074738
0.013173
-0.014767
0.007555
0.042444
-0.000154
0.011321
-0.020921
-0.024893
0.019844
-0.041390
-0.027462
0.019235
-0.015093
0.019795
-0.000372
0.052804
0.006226
-0.021361
-0.023540
-0.009581
-0.021110
0.013902
0.023231
0.007105
-0.022719
-0.027430
0.018570
0.031235
-0.063988
0.005759
0.014259
0.002327
-0.004938
-0.006437
0.010664
-0.015017
-0.027078
0.045243
0.008977
-0.012988
0.005182
-0.004841
0.001412
-0.005076
-0.037954
0.029711
0.004147
-0.006108
0.004664
-0.016769
0.030621
-0.009335
0.002710
-0.040587
-0.005676
0.020097
-0.055057
0.000279
0.066096
0.030417
0.054852
0.024737
-0.023594
-0.013218
-0.020607
-0.023358
0.005015
-0.045732
-0.052981
0.042719
-0.018253
-0.033387
0.039550
-0.057344
0.034759
-0.038977
0.035474
-0.006566
0.013442
-0.021336
-0.022615
-0.027985
0.005810
0.026044
-0.014518
0.070968
0.004271
0.011484
-0.037056
0.007430
0.053041
0.048098
0.002761
-0.010878
-0.030271
-0.054008
0.006282
0.027806
0.002158
-0.006326
0.003943
-0.035716
0.008219
-0.042621
0.009850
-0.004839
0.003374
-0.028077
0.032569
-0.001035
-0.004039
0.014853
0.017783
-0.000299
-0.018619
-0.003193
-0.047792
-0.006293
-0.000943
-0.027060
-0.033799
0.021046
-0.019742
-0.017091
0.008970
0.035535
-0.011512
0.056630
0.015077
0.026392
-0.040740
0.000453
0.050252
-0.027184
0.013142
-0.011187
-0.020696
-0.007292
0.021729
-0.030348
0.022652
-0.004641
0.047632
0.010566
0.014492
0.008399
0.006793
-0.007146
-0.014599
-0.009601
0.034657
-0.014476
0.011592
-0.046237
0.026372
-0.014869
0.001387
0.022284
-0.005706
-0.022316
-0.001343
-0.008113
-0.012323
-0.020665
0.002826
0.027063
-0.007163
0.003769
0.001100
-0.008863
0.011887
-0.055901
0.148516
-0.070048
0.020208
-0.033160
-0.107551
0.110064
0.013752
0.058242
0.122485
-0.029395
-0.014811
0.017556
-0.045411
0.060826
0.039703
0.008040
-0.047397
0.034731
0.037609
-0.020858
-0.034150
0.055818
0.109275
0.013870
-0.064600
-0.000024
-0.046394
-0.008648
-0.047759
-0.087028
0.093127
-0.067906
0.019104
-0.017258
0.012001
-0.012166
0.007352
-0.006719
-0.101292
0.004228
0.073706
-0.030471
0.003273
0.029231
0.004618
0.035679
0.036474
0.042917
0.017956
0.064845
-0.023977
0.065667
0.050436
-0.031951
0.019787
0.025171
0.069257
-0.144926
-0.002063
0.041146
-0.040340
0.054444
-0.014503
-0.088379
0.001945
-0.014163
-0.044664
0.093918
-0.018907
0.029026
0.029531
-0.027511
0.057049
-0.025046
-0.064983
-0.033106
-0.060600
0.060843
-0.000034
-0.028041
0.028236
0.000653
0.033971
0.012456
-0.014213
-0.040353
0.011080
0.007543
-0.006349
0.035636
0.010490
-0.073054
-0.002783
-0.004366
-0.078516
0.020492
0.047446
0.023505
-0.051474
-0.076236
0.012894
0.010491
-0.036061
-0.036191
-0.001711
0.043752
-0.033630
0.027399
-0.020779
-0.010235
-0.040885
0.031956
0.035957
-0.028220
-0.047273
-0.038136
0.023819
-0.067149
-0.004394
0.022558
0.020546
-0.083730
0.005334
0.100530
0.019780
-0.028005
0.024412
0.086575
-0.027806
0.069388
0.065130
0.054318
0.070655
0.065518
0.022511
0.254362
0.070611
-0.049080
-0.068016
0.124134
-0.080019
-0.023100
-0.008195
-0.153873
0.030734
-0.034362
-0.001816
-0.028699
-0.014037
-0.031483
-0.049733
0.069033
-0.034892
0.037083
0.036867
-0.065542
-0.039563
0.031537
-0.095795
0.143844
0.085769
0.001178
-0.072882
0.026108
-0.021375
0.037871
0.069150
0.002426
-0.121028
-0.041517
-0.043515
0.190653
-0.085621
-0.052188
-0.001307
-0.039866
0.112757
0.087688
-0.059681
-0.004484
0.005860
-0.005227
0.049342
-0.027690
0.058068
0.038140
-0.004659
0.151657
0.048063
0.063106
0.038716
0.039428
-0.040316
0.051364
0.022528
0.033000
0.036123
-0.029727
0.003838
0.030562
-0.058851
-0.028694
0.010466
0.035465
0.012530
-0.054670
0.076932
0.006711
0.025955
0.014284
-0.029543
-0.039019
0.029180
0.001795
0.035755
0.067663
-0.029645
-0.006893
0.039472
0.001775
0.089350
-0.022508
0.029217
-0.025188
0.052828
0.011135
-0.049097
-0.039486
0.002544
-0.042961
0.043387
0.015785
0.004932
0.010401
-0.023533
0.014650
0.047356
0.036387
-0.000322
-0.003056
-0.073491
-0.031172
-0.075485
-0.072046
-0.060579
0.019457
0.057197
0.000025
0.002063
-0.067893
0.025432
-0.056674
-0.003237
-0.047063
0.009232
0.000885
0.013311
0.035687
-0.053226
-0.035062
-0.024688
0.043432
-0.029297
-0.008361
0.024228
0.002335
-0.037870
-0.021531
-0.019681
0.021480
0.030555
-0.007796
0.009855
-0.020417
0.021601
0.019422
-0.017438
-0.051040
-0.020580
-0.030573
0.013341
0.019737
0.010863
-0.019395
-0.027820
-0.010389
-0.034663
0.026568
0.056273
-0.012190
0.017814
-0.051147
0.014887
0.008609
0.018583
0.012842
0.040673
0.005387
-0.014615
-0.034275
0.015507
0.053469
0.001826
0.013098
0.003474
0.005307
0.017655
-0.034219
-0.040921
-0.003704
-0.051717
-0.025287
-0.004834
-0.033413
0.001870
-0.006663
-0.013516
-0.005174
-0.008916
0.029376
0.024794
0.030437
-0.019592
-0.045912
-0.020008
0.031520
0.025864
0.037342
-0.001222
0.011167
-0.031781
-0.047690
0.030342
0.032990
-0.008568
0.023021
-0.048399
0.002530
-0.068547
0.027197
-0.030249
-0.026186
0.013655
-0.026680
-0.029027
-0.041747
-0.015324
-0.041076
0.007525
0.075795
-0.048735
-0.020343
-0.032673
-0.013834
-0.040400
-0.008426
0.014195
0.050854
-0.015213
0.029774
-0.018139
0.049331
-0.044833
-0.024473
0.027813
0.008904
-0.014070
0.024032
-0.010983
-0.026246
0.011856
0.091300
0.091061
-0.003344
0.095217
-0.033863
-0.019620
0.021367
-0.003535
0.000107
0.007127
0.004049
0.039931
-0.069248
-0.073023
-0.010650
0.007105
-0.080459
-0.012809
0.044186
0.088304
-0.026031
-0.003949
-0.039146
0.021360
-0.008379
0.020862
0.001551
-0.039554
0.022794
0.028199
0.008248
0.017427
0.040910
0.013254
0.080532
0.014183
0.045922
0.002299
0.020787
0.024306
-0.005630
-0.012967
0.002975
-0.015415
-0.007936
-0.044959
0.011304
-0.070008
0.035289
-0.080269
0.078646
-0.031711
0.024969
0.045923
-0.013352
0.047090
-0.001886
-0.048237
-0.031383
-0.065560
-0.021114
-0.011813
-0.041948
0.019967
-0.000674
-0.059297
0.025474
0.107610
0.029041
0.076210
0.015922
0.034738
0.084124
-0.018757
-0.002019
0.032461
-0.009738
-0.041692
0.037877
-0.028896
0.025772
-0.006040
0.006352
-0.023747
-0.014978
0.063873
0.041106
-0.052872
-0.025649
-0.011463
0.069988
0.023667
-0.003938
-0.008522
0.073058
-0.031579
0.024605
0.030245
0.036520
-0.014262
0.004957
0.006670
0.039064
0.048335
0.005181
-0.013665
0.028613
-0.055309
-0.052893
0.004469
-0.005530
-0.069639
0.002871
0.035384
-0.017598
0.048526
0.020642
-0.030400
-0.025484
0.021448
-0.007519
0.008413
0.025345
0.023460
-0.072917
-0.027045
0.046495
0.073424
0.015359
0.022539
-0.000034
-0.038625
-0.007932
-0.064206
-0.023607
-0.012688
0.022947
-0.019195
0.021348
-0.123342
-0.057039
0.080885
-0.072387
0.012253
0.050693
0.085862
-0.028406
0.072603
0.028206
-0.006716
-0.077637
0.019562
0.033973
0.016655
0.042443
0.104111
-0.077390
0.061621
0.088514
-0.008884
-0.017359
-0.045236
0.016848
-0.137146
0.033667
-0.031842
0.087306
-0.028247
0.013330
-0.008560
-0.035688
0.031718
0.020471
0.085781
0.081259
0.087941
0.082837
0.029557
0.052445
0.090588
0.004523
-0.020704
0.141832
-0.001789
0.013623
0.056134
-0.052632
-0.044872
0.061686
-0.000032
-0.018585
0.014897
0.057632
0.041960
-0.020634
0.031859
0.020768
0.053134
0.049687
0.010124
-0.065787
0.025637
-0.051153
-0.019384
-0.073121
0.092240
0.049078
0.012146
-0.033505
0.014233
-0.052810
0.074171
-0.039729
0.090539
0.025837
0.077488
0.022809
-0.103158
-0.015960
0.021975
-0.014683
-0.020199
0.103700
0.065712
-0.042747
0.005038
0.029243
-0.047225
0.028752
-0.031923
0.034634
-0.060490
0.083860
0.023140
0.024397
0.105246
-0.016353
0.008003
-0.053691
-0.104373
0.039820
-0.059570
-0.022995
0.013610
0.012080
-0.002118
-0.026311
-0.026534
-0.048594
0.114227
0.072343
-0.068140
-0.083043
-0.012958
0.038886
0.130369
-0.018308
-0.030972
0.081676
0.048165
-0.033341
0.012572
0.049192
0.064322
0.021678
0.008764
0.009917
0.033394
-0.020596
-0.057827
-0.044590
0.000789
0.037425
0.059379
0.127952
0.020701
0.023594
-0.095444
0.042585
0.117673
0.068902
-0.093308
0.078239
-0.069740
-0.011824
-0.010144
-0.021649
0.015996
0.055760
-0.093693
0.024548
-0.091470
-0.047899
-0.063754
-0.113457
-0.030907
0.065684
0.001590
-0.047623
0.003302
-0.001248
-0.071674
-0.030907
0.006681
-0.034719
0.073621
-0.047306
0.095984
-0.029663
-0.059459
-0.034727
0.110624
0.004843
0.040683
0.053890
0.038553
0.021388
0.040393
-0.023209
0.064183
-0.044401
0.073950
-0.004936
0.056404
0.088449
-0.005572
-0.041131
0.019617
-0.055980
0.018654
-0.049328
-0.024910
0.019006
-0.012775
0.007860
-0.016197
0.002210
-0.021044
-0.011502
0.013166
0.009529
0.001337
0.006192
-0.007813
-0.011275
-0.012163
0.036973
-0.023180
0.031069
0.013917
-0.019918
-0.010895
-0.003229
-0.007515
0.012602
0.036486
0.004507
0.018464
-0.019643
0.010905
-0.010600
0.010699
-0.035927
-0.038818
-0.012574
-0.024152
0.005226
-0.033272
-0.012593
0.009622
-0.017863
-0.018307
0.026683
-0.035719
0.017527
-0.001365
-0.013405
0.057640
-0.043095
0.017714
0.018064
0.021260
-0.003705
-0.013921
0.011038
0.018788
0.034682
-0.022632
0.054704
0.012885
-0.055015
0.022665
0.009586
-0.014145
-0.007904
0.030610
-0.071597
-0.035464
-0.029437
-0.049714
-0.049852
0.045308
-0.053126
0.010139
-0.020647
0.044602
0.038116
0.067077
0.025000
0.000961
-0.025370
0.082366
0.111781
-0.027776
-0.074362
-0.109868
-0.021124
0.023860
-0.169572
-0.019446
0.055795
-0.142422
0.070058
0.007493
-0.064773
-0.082655
-0.085410
-0.022166
-0.011088
-0.130852
-0.004061
-0.017716
-0.008109
0.045022
-0.071862
-0.059693
0.053266
0.052810
0.048313
-0.001024
0.061897
0.014199
0.075638
0.100193
-0.050379
0.010033
0.081425
0.016776
0.002281
0.039906
-0.055704
-0.028017
0.036115
0.031317
0.025375
-0.069827
0.018682
0.029941
0.023560
-0.079909
0.054809
-0.003479
-0.027663
-0.028990
-0.025966
0.026407
0.007033
0.035916
0.043866
-0.009611
0.049397
0.025245
-0.002449
-0.014234
0.034881
-0.011594
-0.037364
0.045113
0.063030
0.015761
0.067362
0.026018
-0.028526
-0.051080
-0.038484
0.032778
0.000523
-0.004248
0.018642
-0.053280
-0.067933
0.092720
0.026026
-0.012849
-0.024418
0.000490
0.012374
-0.067075
-0.030619
0.055161
-0.002192
0.001948
-0.004000
0.033964
0.002899
0.027649
-0.030543
-0.078535
0.048246
-0.015424
-0.013925
0.047631
0.072312
0.073535
-0.021157
0.080628
-0.031063
0.032973
0.012732
0.001380
0.005030
-0.033682
-0.059605
-0.033757
-0.036016
-0.020840
0.030354
0.028884
0.010351
-0.026279
-0.022652
0.055774
0.005979
-0.022569
0.001099
-0.011024
0.028832
0.103731
-0.025684
0.036740
-0.053997
0.040552
-0.035432
0.057357
-0.039301
-0.015198
-0.017509
-0.017161
0.004285
-0.009414
0.043806
-0.045142
0.007123
-0.015468
0.037966
0.022675
0.017611
-0.007279
-0.012936
-0.035359
0.005989
0.008727
0.035985
0.024976
-0.029024
0.009968
0.037245
-0.006345
0.027253
0.016140
-0.023137
-0.064327
0.029768
-0.012005
0.002366
0.026345
0.057089
-0.036005
-0.033894
0.044314
0.013765
0.014510
-0.009436
-0.014603
-0.018791
0.013642
0.011083
0.007027
-0.059384
-0.011109
0.031027
-0.013728
0.054098
-0.046526
-0.024698
-0.001907
-0.013502
0.002582
-0.006072
-0.042788
0.016604
-0.020496
-0.017594
0.019290
0.071334
-0.010305
-0.042879
-0.002829
0.036939
0.057846
0.037937
0.002477
0.016142
-0.005985
-0.013908
0.021211
-0.012289
-0.074743
-0.022355
0.020886
0.020281
-0.044423
-0.016144
0.002736
0.000994
-0.015321
-0.000187
-0.006422
0.011740
0.042254
0.035340
-0.051918
-0.006522
0.028743
0.005504
-0.122461
0.026304
-0.009046
0.006309
-0.036215
-0.012955
-0.005366
0.062119
0.020242
0.074517
-0.026813
-0.013269
-0.012660
-0.028113
-0.003378
0.003594
0.021663
-0.011115
-0.016777
-0.011622
0.006485
-0.006672
0.001213
0.029603
-0.003445
0.002917
0.015574
0.036443
0.010661
0.017926
-0.009354
-0.026350
-0.000836
-0.019089
-0.009421
0.087180
-0.010455
-0.004993
0.047760
-0.008796
0.020216
0.020063
-0.022321
0.016733
0.009631
0.031060
-0.002634
-0.020492
-0.040444
0.047593
-0.031015
0.006201
0.012981
0.017545
-0.051906
-0.086900
0.020110
0.032411
0.038707
-0.000104
-0.009654
-0.006030
-0.018114
0.009174
-0.018888
0.024439
-0.025078
0.021020
0.021374
-0.057017
0.022610
0.000355
-0.055686
-0.006197
-0.008624
0.000995
-0.026003
0.000951
-0.044267
-0.018468
0.016856
0.009256
-0.014172
-0.008441
-0.030850
0.018003
0.018669
-0.016161
0.030074
-0.060085
0.034270
-0.047796
0.002096
-0.037029
0.047703
-0.004783
0.020546
-0.065125
0.012900
-0.025954
0.016807
0.002152
-0.026349
-0.014904
-0.015795
0.071053
-0.003740
0.008298
0.072043
0.034539
-0.025282
0.025848
0.023556
-0.041798
-0.054552
-0.005365
0.013643
0.006401
-0.047170
-0.044318
-0.006374
0.025005
-0.002600
-0.058290
-0.005227
0.004500
-0.010514
-0.016660
-0.002636
-0.038681
0.010556
-0.021320
-0.054043
-0.037769
0.000616
0.028431
-0.010041
0.026623
0.023707
-0.014082
-0.020767
0.033285
0.020437
0.015380
-0.006374
-0.047245
-0.026565
-0.047313
-0.040601
-0.021375
-0.057740
0.068612
-0.034950
-0.002884
0.036165
0.038192
-0.113218
0.022095
0.041760
-0.048097
0.049291
-0.033864
-0.067030
0.055833
0.020005
0.076780
0.012214
0.097992
0.050286
0.040833
-0.007807
0.005376
0.079049
-0.062794
-0.087435
0.055400
-0.062103
0.022569
0.072236
0.024926
-0.010408
-0.013452
-0.108204
0.063689
-0.012632
0.032405
0.019883
0.022515
-0.031162
0.049816
-0.017777
-0.071207
0.049774
-0.030320
-0.111182
-0.006947
-0.022646
0.096439
0.002864
-0.004312
-0.022012
-0.022586
0.036067
0.054796
0.013099
0.007433
0.014633
-0.102731
0.013655
0.065625
-0.055598
0.028916
0.009642
-0.006434
0.093914
-0.057953
0.084629
-0.067661
-0.092232
-0.042625
-0.021115
0.031641
-0.009681
-0.036458
-0.109736
-0.080254
0.104933
-0.037227
-0.041663
0.002233
-0.010136
0.006071
-0.030186
-0.024152
-0.012782
-0.035852
-0.046766
-0.007678
0.031662
0.019080
0.021093
0.008975
0.081119
0.034349
-0.155853
0.053504
0.053206
0.056061
-0.006778
-0.039349
0.008011
0.074204
-0.014189
-0.039299
0.087747
-0.007527
0.010435
0.033775
0.106467
0.007715
0.079726
0.006729
0.071525
-0.071310
0.142478
0.063767
-0.059904
0.001539
-0.011490
0.008835
0.011305
-0.017508
-0.040169
0.012340
-0.020072
0.000914
-0.001880
0.040641
-0.017859
-0.029713
0.024527
-0.034804
0.033801
0.013004
0.018601
-0.003440
-0.041543
-0.059707
0.030863
0.044091
0.029202
-0.017830
0.028648
-0.020252
-0.021041
-0.017787
-0.007925
0.008075
-0.016165
-0.017671
0.022619
-0.025814
-0.042036
0.017200
0.003588
0.029403
0.009515
-0.032218
-0.017615
0.030975
-0.027071
-0.026079
0.013169
-0.034614
-0.056327
-0.034289
0.056165
-0.003937
-0.010377
0.027171
-0.008934
-0.003283
-0.006601
0.046413
-0.048982
-0.027011
0.022235
-0.007023
-0.001703
-0.006505
0.019871
-0.019977
-0.013529
0.030077
-0.018728
-0.041430
-0.031677
-0.045128
-0.049702
0.036019
-0.063892
0.037580
0.057701
-0.036236
0.033824
-0.074701
-0.060022
-0.020771
0.009214
-0.012813
0.017114
0.038120
0.006493
0.034452
0.101809
-0.049174
-0.011891
-0.012716
0.012434
-0.035012
-0.028377
-0.006314
-0.057661
0.029125
-0.017031
0.003791
0.041884
-0.047028
-0.019735
-0.013187
0.012514
-0.025566
0.001227
0.068425
-0.026562
-0.024263
0.014147
-0.016342
-0.064113
-0.012229
0.009162
-0.012059
-0.025105
0.029881
-0.102935
0.003855
0.002633
0.008707
-0.017932
0.001060
0.007304
-0.015979
-0.068778
0.042337
0.016167
0.005051
0.049954
-0.001039
-0.022290
0.022328
-0.086930
0.010988
-0.023192
0.019536
0.006028
-0.044085
-0.021953
-0.043977
0.036247
0.041625
0.025825
0.010619
-0.035710
0.032776
-0.029453
-0.100274
0.091136
-0.031569
-0.002317
0.013461
-0.067215
0.007062
-0.039456
0.013964
0.046198
-0.028250
0.005626
0.077817
0.024616
0.025025
0.056950
-0.050961
0.011756
0.019806
0.057728
0.021277
-0.020089
-0.000681
-0.034575
-0.027892
0.019121
-0.000380
0.003670
0.016486
-0.005147
-0.025019
0.007817
0.002627
0.030579
0.035223
-0.060698
0.034834
0.034983
0.038475
0.000331
0.018355
-0.000171
0.039174
0.018791
0.026589
0.032481
0.017980
0.015308
0.022392
0.009586
0.007741
0.009465
-0.017554
0.000734
0.103291
0.010466
0.004946
0.011340
0.016910
0.005357
-0.013290
-0.030205
-0.007431
0.027809
-0.005469
-0.008678
0.014174
0.031365
-0.016076
-0.010890
0.017849
0.032904
-0.037231
0.016505
0.015886
0.012972
0.024672
0.003590
0.004192
0.006667
0.014811
0.015162
0.033206
0.027724
0.031736
0.033342
-0.001739
-0.024130
0.018233
0.010849
-0.009309
0.027290
0.012912
0.025859
-0.007114
0.018252
0.009549
0.003482
0.000534
-0.023565
0.011520
0.017090
0.007465
0.023648
-0.007666
-0.044664
0.032522
0.007188
0.010517
0.031077
0.026930
-0.019741
-0.007078
-0.076435
-0.078598
-0.022964
0.015482
0.000186
0.063860
-0.006589
0.035230
0.013367
-0.024128
-0.061536
-0.034079
0.028152
0.091871
-0.006228
0.010421
0.066286
-0.015051
-0.001362
0.044582
0.041709
-0.032192
0.015955
-0.027699
0.014246
0.025677
0.051278
0.007631
0.032117
0.029896
-0.002920
-0.061786
0.036828
0.023932
0.021997
-0.074363
0.001024
0.044896
0.031831
0.023894
-0.065489
0.029308
0.026729
-0.047703
-0.043565
-0.008505
0.013169
-0.027280
-0.015337
0.042284
0.006107
0.003575
-0.033056
-0.040408
-0.014791
-0.020273
-0.029916
-0.010187
-0.022020
-0.008502
0.007241
0.006327
0.031571
0.066388
0.008082
0.029642
0.026386
-0.026209
0.009400
0.037871
0.050002
0.001458
0.026218
0.013868
-0.010262
0.004416
0.022769
0.040521
0.004784
-0.023132
-0.024992
0.015950
0.031418
-0.028965
0.018686
-0.006234
0.023551
0.030961
0.051456
0.036050
0.007826
0.002807
0.002537
-0.018327
0.005331
-0.011558
0.012846
0.027374
0.025677
-0.023392
0.031010
0.014702
-0.020945
-0.047638
-0.026871
0.012401
-0.001607
0.029404
0.054474
0.012339
0.053765
-0.011744
0.048527
0.041683
0.016104
-0.037899
-0.005471
0.017946
0.040037
0.011295
-0.003683
-0.009130
0.006818
0.006686
0.006215
-0.030621
-0.018109
-0.000456
-0.066350
-0.090338
0.059397
-0.040460
0.025449
-0.020252
0.008470
-0.008381
0.022638
0.021157
0.063078
0.051509
0.007733
0.040647
-0.048656
0.045603
-0.082415
-0.075413
0.036611
-0.069237
-0.036190
0.031009
-0.064247
0.003433
-0.032410
0.014563
0.042328
0.000056
-0.027592
-0.010543
0.007245
0.104394
0.037857
0.007955
0.027596
0.010027
0.013223
-0.035001
0.017827
0.024262
0.065742
0.036663
-0.049555
0.016333
-0.024857
0.015771
-0.004334
-0.001791
-0.058143
-0.002950
-0.035215
0.031046
0.043108
0.085093
0.075910
-0.027050
-0.017334
-0.001937
-0.016595
-0.031645
0.109918
0.000564
-0.062033
0.023435
0.012782
-0.001434
-0.005863
0.035736
0.019324
-0.017232
0.010837
-0.015606
0.010267
0.013548
0.029141
0.009951
0.032086
-0.038621
-0.038906
0.019651
-0.011974
0.026085
0.003134
-0.029958
-0.003001
0.039515
0.038469
0.013498
-0.024577
0.023594
0.012809
0.020609
0.034596
-0.037811
-0.022612
-0.079492
0.023050
-0.057828
0.024369
-0.026457
-0.007638
-0.012197
0.026345
0.027156
-0.042045
0.023403
-0.059436
-0.037069
-0.013371
0.020130
0.007932
0.010265
-0.006833
-0.005232
0.021409
0.031480
-0.009328
-0.014092
0.033336
0.033651
-0.030832
-0.010835
0.049038
0.024492
-0.014174
-0.010227
0.048836
-0.014484
0.050289
0.081748
-0.007553
-0.031798
-0.043922
-0.040891
0.026870
-0.007452
0.006335
0.012807
0.106480
0.036668
-0.061588
-0.029286
-0.081978
0.019514
0.032137
-0.011827
0.089352
0.039680
0.004696
0.024007
0.021356
0.067353
0.036367
-0.050588
0.064500
-0.013067
-0.028847
0.052263
-0.056864
0.086051
0.042408
-0.011183
-0.099060
-0.001596
0.001113
-0.027418
-0.096299
0.028909
-0.013908
0.037933
0.105095
-0.017288
0.112058
0.045796
-0.072972
0.021977
0.119931
-0.000234
0.002086
-0.017279
0.000519
-0.106269
0.002668
0.099415
-0.071126
-0.021773
-0.087537
-0.006775
-0.020905
0.005754
0.014988
-0.034079
-0.054770
0.018181
-0.021300
0.029303
-0.016617
0.147989
-0.009952
0.002544
-0.036104
-0.022955
0.003794
0.034025
0.007960
-0.020396
-0.001809
-0.039742
0.016677
0.039488
-0.070889
-0.025226
-0.094770
-0.031891
-0.032709
-0.027452
-0.011363
0.013786
0.025102
0.009846
0.029241
-0.021376
-0.008451
-0.096568
-0.006306
-0.046929
0.097002
0.072392
-0.053802
-0.021623
-0.047825
-0.014838
0.028935
0.006326
0.048595
0.016001
-0.000605
-0.008978
0.010193
0.001829
0.062484
0.099080
-0.078241
0.077858
-0.001548
-0.100457
-0.012763
-0.028138
0.001702
-0.014150
0.072180
-0.044386
0.027831
-0.051144
0.050965
-0.083070
-0.039748
-0.041635
-0.011569
-0.015827
-0.004893
0.026342
-0.031011
0.024464
0.045381
-0.027349
-0.053544
-0.046255
-0.025447
-0.005912
0.017997
-0.004915
0.010016
-0.089590
-0.028312
0.025319
-0.060990
-0.025055
0.000972
0.003737
0.047338
-0.006068
0.013543
-0.009218
-0.000515
-0.048830
0.001466
-0.003845
-0.055612
-0.018253
0.052357
-0.049546
0.064339
0.019534
0.053455
0.029398
0.064435
-0.003355
-0.030067
-0.024526
0.028171
-0.038004
-0.029644
-0.017606
-0.013684
-0.017155
0.010482
0.059842
0.073136
0.046538
0.080321
-0.038231
0.016741
0.016816
-0.057930
0.002466
-0.001769
0.027555
0.031338
-0.004945
0.035649
0.011680
0.019145
-0.003253
-0.016750
-0.001041
-0.006722
0.019222
-0.008199
0.015785
0.002648
-0.006645
-0.026312
-0.022498
-0.035590
0.073991
-0.007128
0.003676
-0.013516
0.037008
0.037338
0.021124
-0.016438
0.018918
0.000058
0.031014
-0.009069
-0.023200
-0.023299
0.016593
-0.020812
0.012111
0.005348
-0.006156
-0.049220
0.024282
0.018390
0.051200
-0.009169
-0.000876
0.002076
-0.040917
-0.024029
0.001211
-0.020962
0.007290
0.014642
-0.016466
-0.001779
-0.020504
-0.024790
-0.014000
0.055941
-0.012801
-0.015432
0.030629
0.004331
0.037432
0.002246
0.025884
0.017206
0.009287
-0.061910
0.009849
-0.022845
-0.036196
-0.018177
0.045137
0.017262
0.072426
0.035936
0.012908
0.053369
-0.034560
-0.007898
-0.037339
0.031331
0.031163
-0.039010
-0.042476
0.021863
-0.005747
-0.033765
-0.011624
0.005142
-0.045952
0.069500
-0.027231
0.005630
-0.056859
0.017046
0.002381
0.016639
-0.008649
0.004125
-0.015531
0.014058
-0.000802
0.020895
-0.018723
0.028819
-0.000192
-0.026556
0.001551
-0.026477
-0.033096
0.018918
0.016159
-0.012994
-0.006681
0.055838
-0.009124
-0.019653
0.011079
0.022345
-0.005439
-0.056130
-0.016402
-0.012751
-0.027903
-0.052313
-0.003102
-0.015395
-0.002537
0.009923
-0.031824
-0.017135
-0.006069
0.035403
-0.045999
-0.006969
0.011789
0.019648
0.005029
0.033545
-0.025145
0.031242
0.005416
-0.023983
-0.006633
-0.035560
-0.022288
-0.002689
-0.019496
0.032476
0.015649
0.045193
0.027978
-0.026216
-0.023395
-0.002779
-0.027337
-0.012556
0.030575
0.010972
0.004290
-0.030003
-0.015673
-0.025417
-0.015530
0.039982
0.010533
-0.022931
-0.017731
-0.012748
0.008575
-0.001317
-0.006511
-0.012297
0.035773
-0.005818
-0.018482
0.001935
-0.026601
0.035369
0.027267
0.009049
0.019140
-0.020589
0.027177
-0.017142
0.017690
-0.034028
-0.011768
0.011854
-0.042055
-0.041943
0.026021
-0.047124
0.014373
-0.019630
0.023271
-0.023289
-0.057371
-0.002833
0.052673
0.008892
-0.070295
0.018039
-0.051434
0.007868
-0.037596
0.010645
-0.060608
-0.017834
0.007123
-0.057331
0.044801
-0.013993
0.046237
0.025519
0.017081
0.034472
-0.022278
-0.025486
-0.051795
0.060692
0.034430
-0.056610
0.024631
0.111986
-0.018012
0.038436
-0.009191
-0.021776
0.026606
0.072922
-0.017904
-0.027508
-0.009244
0.059539
0.043762
-0.015171
-0.014678
0.039068
-0.005434
-0.052033
0.007801
-0.013613
0.016779
-0.025197
0.038912
0.034947
0.006096
0.060173
0.054567
-0.018162
-0.082246
-0.016917
0.043276
-0.061934
-0.067334
0.094697
0.017895
0.036304
-0.002701
-0.014415
-0.047694
0.057074
-0.000217
0.030155
0.028480
-0.042145
0.003464
0.042534
-0.017344
0.020858
-0.026099
-0.038125
-0.018866
0.030761
0.002554
0.020139
-0.009453
0.019259
-0.032535
0.028703
-0.012040
0.088707
-0.003633
0.003619
0.014225
0.019383
0.013334
0.008017
-0.026289
-0.001613
-0.002430
0.002035
0.052567
0.025595
-0.008141
-0.020900
0.002550
-0.042011
0.036530
-0.035310
-0.008247
0.022233
0.032827
-0.008980
-0.015418
0.004489
0.024965
-0.059048
0.035764
-0.020368
0.013496
-0.053148
-0.024493
0.036383
-0.026206
-0.006086
0.018303
-0.016110
-0.019874
-0.028428
-0.008739
-0.034624
-0.010353
-0.019219
-0.020109
-0.000207
0.016189
-0.026194
-0.064814
0.009465
-0.019160
0.114050
-0.037023
-0.070441
-0.018224
-0.021577
0.055836
-0.022710
0.050344
-0.014840
-0.019504
-0.017156
0.057044
-0.091372
-0.027334
-0.045850
0.046634
-0.014072
0.002114
-0.076390
0.017688
0.022112
0.002344
0.039929
0.027379
-0.118066
0.066368
-0.006321
0.027916
0.004384
-0.004826
0.034223
0.056940
0.065580
0.008047
0.028217
0.054373
-0.036405
-0.000175
-0.077828
-0.003064
-0.043764
-0.025739
0.003863
0.007975
-0.043055
-0.007497
-0.005796
-0.032549
-0.001316
0.000740
-0.011288
-0.000366
-0.007393
0.003068
0.022784
0.058738
-0.045357
-0.005876
0.024083
0.008472
-0.034738
0.059244
-0.021162
0.053357
-0.008550
-0.017347
0.043338
-0.035758
-0.010672
0.027473
0.052298
-0.055337
0.076933
0.039168
0.026206
-0.113795
-0.052916
-0.029416
-0.049320
-0.063988
-0.046132
0.015269
-0.030120
-0.006349
-0.008511
-0.049254
0.015330
-0.034841
0.087891
0.027880
-0.044335
-0.000395
-0.101001
-0.016400
0.014431
-0.003755
-0.035931
0.038098
0.023695
0.031477
-0.066177
0.022172
0.000470
-0.001399
0.039381
0.015055
-0.092319
-0.000389
0.021536
-0.125338
-0.050282
0.000099
0.014629
-0.055643
0.050561
-0.012503
-0.040896
-0.007406
0.048656
-0.007326
-0.046828
-0.003816
-0.018611
0.018599
0.047488
-0.022054
0.017113
0.019387
-0.022658
0.044019
-0.029309
0.009676
-0.010912
-0.015102
0.005858
0.007489
0.002611
0.036458
0.022010
0.028366
-0.015924
0.011456
0.033965
-0.018683
-0.018810
0.017585
-0.013048
-0.026049
-0.021266
-0.026830
-0.002254
-0.014060
-0.011251
-0.003736
0.019503
-0.009810
-0.048168
0.018126
-0.010671
0.002121
-0.026311
0.004246
0.012394
0.041534
-0.038860
0.018670
0.010373
-0.022952
0.012145
0.029454
0.049328
0.017363
0.083590
-0.008042
-0.049123
0.020001
0.006351
-0.005964
-0.055014
-0.010730
0.025355
-0.005752
-0.023603
0.023804
-0.014502
0.007455
-0.016837
0.023179
-0.055119
-0.006858
0.025293
0.017668
0.020705
-0.020497
0.002907
-0.002710
0.020699
-0.007815
0.013188
-0.016073
-0.034961
0.001012
-0.009999
-0.029646
-0.004330
0.041823
0.003377
-0.024914
0.016174
-0.005785
0.008987
-0.002081
-0.005601
0.029497
-0.022087
-0.008565
0.015013
-0.003380
-0.029475
-0.002941
-0.039431
-0.028234
0.030550
-0.024705
0.042656
-0.027841
0.030177
0.044567
0.026522
-0.005166
-0.013142
-0.076281
0.056011
0.040838
0.007669
0.013774
0.017040
-0.033199
-0.044242
0.031460
0.027284
-0.021347
0.013584
-0.066690
0.027602
-0.040830
-0.001160
0.003668
-0.009686
-0.060892
-0.039547
0.016064
-0.019947
0.103054
0.034823
-0.032986
0.047518
-0.057702
-0.008058
-0.076417
-0.034501
0.025370
0.056607
-0.000116
0.050539
-0.014136
0.005029
0.065060
0.008379
-0.034307
0.079368
-0.069908
-0.049825
0.009276
0.056228
0.017199
0.082296
0.040506
-0.063686
0.012193
0.008453
0.030317
0.062295
-0.063031
0.011476
0.007998
-0.004505
0.007746
-0.010738
0.021026
-0.064721
-0.030820
-0.019935
-0.019709
0.024188
-0.033372
-0.090460
0.064936
-0.068217
0.013778
0.014552
-0.026769
-0.016203
-0.008491
-0.030741
0.020943
-0.020230
0.021425
-0.064197
0.033851
-0.012708
-0.024681
-0.079117
-0.039573
-0.057425
-0.063522
0.094639
0.013230
0.041193
0.055646
-0.040287
0.007192
-0.063051
-0.021534
0.004213
0.009576
0.039178
0.018143
0.019267
-0.063574
0.058498
0.092472
-0.022102
0.013250
0.010030
0.007759
-0.088061
-0.053802
0.069187
-0.037806
-0.019819
-0.033474
-0.011687
-0.023677
0.009819
0.031905
0.036728
0.004626
-0.146780
-0.078191
0.024192
-0.050733
-0.055886
-0.013687
-0.044739
0.033801
-0.047184
-0.012514
0.069625
-0.021583
-0.043991
-0.009934
0.070240
-0.018872
0.061524
-0.001614
-0.030163
0.015256
-0.053709
0.055489
0.050213
0.005640
-0.114216
-0.049844
-0.027845
-0.061537
-0.023518
-0.051150
0.026186
-0.043197
0.016411
0.016829
-0.097073
0.043706
0.050205
0.047826
0.013319
-0.029035
-0.083326
0.007108
0.018940
-0.014107
0.099439
-0.031468
-0.029793
0.005039
0.006552
-0.001769
0.005537
0.052774
0.004468
0.052379
-0.019012
-0.045420
-0.048378
-0.080530
0.028791
0.011583
0.019013
0.006125
0.052772
0.037926
0.046299
-0.006003
-0.022660
-0.021155
-0.017825
-0.037137
0.007699
0.072320
0.036714
0.040002
0.057937
0.024488
0.037430
-0.038576
0.016991
-0.053811
0.000519
0.017484
-0.000631
-0.032152
-0.022045
-0.012076
0.076534
-0.019533
-0.050511
0.001685
0.010279
-0.008606
0.008227
0.009052
0.033685
-0.008024
0.035394
0.001167
-0.010261
0.003772
-0.010454
-0.033783
-0.045040
-0.041943
-0.006204
0.022209
-0.015935
0.016785
-0.031249
-0.018155
0.023269
0.026163
0.022373
0.020907
0.031702
-0.019969
-0.009359
-0.014788
-0.015431
0.033261
-0.016650
-0.027179
-0.009227
0.055616
-0.042797
0.003681
0.023296
-0.033023
0.020915
0.043608
0.038378
0.024873
0.008843
0.002603
0.011376
-0.012795
0.012724
-0.024814
0.002029
0.015930
-0.026582
0.004146
-0.023658
0.005914
0.009373
-0.019286
-0.009962
-0.011563
0.021729
-0.018721
-0.017303
-0.010662
-0.015554
0.014681
-0.004091
0.009211
-0.003903
0.029429
0.004551
-0.000628
0.006568
-0.050488
-0.059537
0.012035
-0.049077
-0.012900
-0.049946
-0.001343
0.041442
-0.028983
-0.009620
0.021501
0.002083
-0.018632
0.032155
-0.016701
0.013019
-0.027620
-0.025155
0.039805
0.013833
-0.006755
-0.015996
0.003251
-0.038787
0.014670
-0.019507
-0.017531
0.054346
0.030769
0.019001
0.019329
-0.007867
-0.013111
0.028710
-0.040200
0.029592
0.019973
-0.019579
-0.007906
0.001297
0.033333
0.027985
0.011803
0.005589
0.073513
-0.014082
0.007335
-0.001823
0.041777
-0.046801
-0.038167
0.001818
0.015350
0.017829
-0.019666
0.044498
0.034370
0.047230
-0.082541
0.027189
0.001816
-0.048476
-0.084418
-0.032818
0.009118
-0.009140
0.005301
0.016546
0.008396
-0.153622
-0.030659
0.036477
0.019726
0.008530
0.025960
0.025097
-0.091950
0.028280
0.049137
0.069028
0.144769
-0.022414
-0.006530
-0.032132
0.014604
0.001357
-0.051966
-0.016542
-0.085189
0.035802
0.019435
0.016494
-0.055567
0.053506
-0.026502
0.020010
-0.031172
0.006000
0.014274
0.028447
-0.050858
-0.045905
-0.069757
-0.031332
-0.055070
0.100332
0.069958
0.012528
0.008249
0.091900
0.030347
-0.005895
-0.087322
0.024964
-0.078062
-0.015365
0.054661
-0.005020
-0.078663
-0.043159
0.027561
0.008213
0.043076
-0.086151
0.048467
0.079856
0.001016
0.005747
-0.030695
-0.032937
0.003402
-0.136537
-0.062640
-0.081906
0.064340
-0.046134
0.035530
0.015172
-0.117510
0.166502
0.035630
0.027561
0.027666
-0.030058
0.002791
0.050761
-0.041295
-0.007038
0.054591
0.115732
-0.014976
0.010838
-0.028716
0.001910
0.005089
0.065656
-0.015450
-0.033350
0.036717
-0.030086
-0.000117
0.041511
-0.101898
0.022475
0.015796
0.064730
-0.021556
0.065452
-0.053872
0.053254
-0.162919
0.163052
-0.033948
-0.035907
-0.052894
-0.032059
-0.082118
0.033160
-0.045524
0.060742
-0.052829
0.000279
-0.009176
-0.043911
0.003664
0.058114
-0.070375
0.030225
-0.060734
0.016037
-0.030244
-0.044835
0.009143
0.025360
0.006079
0.050314
-0.001436
0.017516
0.056389
-0.029182
0.049165
-0.036571
-0.038841
0.045244
-0.015183
-0.023792
0.040823
-0.006510
0.085601
0.000982
-0.011128
-0.110410
-0.023009
-0.046568
0.005219
0.072457
-0.040285
-0.017713
-0.009021
0.024679
0.006144
0.012422
-0.001595
-0.078764
-0.109932
0.016765
0.001411
0.013649
0.082063
0.011817
0.132726
0.010661
-0.040601
0.032351
0.008477
0.067259
0.048300
-0.024321
-0.057340
0.022563
-0.021199
0.066604
-0.024986
-0.012143
0.061328
-0.010692
0.054238
0.009064
-0.013363
0.060802
0.007848
-0.023434
0.010831
-0.044154
-0.001711
0.008411
0.049159
0.029862
-0.013752
0.029483
-0.048277
0.070276
-0.095835
0.001396
-0.031484
-0.015568
-0.023879
0.036420
0.087072
0.019176
-0.019424
-0.054228
0.011801
0.040457
-0.008555
-0.055541
-0.033498
-0.012696
0.040052
0.025360
0.005406
-0.020399
-0.073894
0.002219
0.058696
0.015355
-0.013743
0.023859
-0.048753
-0.048696
-0.030566
-0.013294
0.001022
0.058122
0.015144
0.073598
0.001987
-0.011608
0.086788
0.067006
0.024832
0.021493
0.064594
-0.019521
0.019800
-0.008878
0.032880
-0.062433
-0.052400
0.006290
-0.093339
-0.087906
-0.014814
-0.039428
0.029989
-0.047877
-0.011131
0.054325
0.041502
0.101132
0.071680
-0.009941
-0.008966
-0.036165
0.030595
-0.020019
0.117279
0.094443
-0.007841
-0.009416
0.134336
0.053075
0.062513
-0.042398
-0.043543
0.078409
-0.067846
0.003794
-0.056340
-0.088203
0.010316
0.011575
0.009981
0.111299
-0.023443
-0.042789
-0.103756
0.028931
-0.071594
0.026584
-0.107846
0.040162
0.031640
0.016316
-0.140362
-0.005643
0.079450
0.068161
0.113266
0.007065
0.029688
0.009953
-0.084370
-0.150689
0.091316
0.002436
0.024757
-0.024153
-0.033245
0.104431
0.019155
-0.036480
0.080342
0.055058
-0.029167
0.046601
0.000698
-0.004702
-0.023311
-0.054254
-0.098512
-0.168289
-0.057687
-0.024455
0.041652
-0.026196
-0.027722
-0.011091
-0.085944
0.072871
-0.055297
0.079265
-0.026352
0.011437
0.012578
-0.084137
0.044677
0.011336
0.051808
-0.008431
0.115378
0.011176
0.053704
0.095508
-0.036949
0.000275
-0.039507
0.026018
-0.005845
0.155815
-0.029673
0.098439
-0.008306
-0.069245
-0.052532
-0.014250
0.057354
-0.014840
0.018910
-0.030257
0.039746
0.087338
0.150206
0.041117
-0.159720
0.053417
0.052471
-0.034280
-0.048782
-0.118174
-0.081074
-0.004197
0.042164
-0.115260
0.032603
0.041933
-0.014340
-0.043831
-0.067762
-0.032474
0.019163
0.003907
0.009278
0.010336
-0.023810
0.092159
-0.029158
0.036666
0.007886
-0.005496
0.039791
-0.037197
0.048035
-0.049612
0.048680
-0.032398
0.025935
0.109412
0.012929
0.044289
0.010075
-0.022727
0.059604
0.032898
0.080081
-0.035884
0.056846
-0.038309
0.005583
-0.094542
0.097011
-0.026254
-0.056931
-0.005187
-0.082319
0.184042
0.098724
-0.050751
-0.017363
0.024163
-0.033182
0.012766
0.034109
0.039002
0.120991
0.090667
0.005650
-0.077988
0.068928
-0.061101
0.067222
0.080323
0.055307
-0.039136
0.102835
-0.004197
-0.059127
-0.038007
-0.009104
0.048498
0.046775
0.066828
-0.058413
0.002294
-0.030312
0.108775
0.020525
-0.106678
-0.083999
0.033496
-0.104172
0.031682
0.020404
-0.002638
0.051703
-0.042267
0.005975
0.082900
-0.029344
0.046329
-0.005202
-0.012427
0.010061
-0.008471
0.050854
0.007396
-0.026721
-0.023254
-0.003564
-0.006305
0.087372
-0.027475
0.035458
-0.078734
-0.055502
-0.056370
-0.063040
0.011188
-0.074454
-0.005459
-0.022108
-0.036220
0.065481
0.054029
-0.025642
-0.054314
-0.050180
-0.003462
-0.005981
0.116039
-0.057556
0.043712
0.023848
0.050135
-0.044045
0.024144
-0.010126
0.021913
-0.012510
-0.034053
-0.054184
0.064532
0.017958
0.015449
-0.058657
0.055931
-0.049182
-0.003093
0.056945
0.002240
0.000568
-0.073145
-0.051796
0.047210
-0.005396
-0.018596
-0.013615
-0.016472
0.034566
0.033578
-0.001548
0.026739
-0.014019
-0.023139
0.053854
-0.025561
0.031226
0.014967
-0.037088
0.008660
-0.007238
0.035651
-0.036960
-0.069434
-0.005947
-0.013954
0.066406
-0.016930
0.035209
0.056316
0.001851
-0.031792
-0.011905
0.017697
-0.001395
0.034518
-0.043509
0.025975
-0.033157
0.017216
0.087927
-0.005023
-0.018992
0.041963
-0.004837
0.013524
-0.039545
0.019447
-0.038156
0.004341
0.062077
-0.015627
-0.017808
-0.024871
-0.044857
0.002446
0.003917
-0.043150
0.006033
0.050110
-0.045905
0.016049
-0.010133
0.032457
-0.027728
-0.007451
0.056722
-0.035016
-0.086170
-0.015253
0.009757
0.041568
0.049624
-0.003776
-0.079654
-0.063369
-0.028165
0.062425
-0.063443
0.021411
-0.007605
-0.032754
-0.070450
-0.063778
0.115746
0.009213
0.008572
0.074294
-0.043992
-0.038533
-0.026169
-0.033890
0.012796
0.021627
0.048841
-0.018170
-0.031059
0.038276
-0.064759
-0.010182
-0.018458
-0.005658
0.015261
0.062826
0.005485
0.026915
-0.055279
-0.029125
-0.056189
-0.083954
-0.010649
-0.032766
0.024032
0.042465
-0.045164
0.021140
0.045870
-0.025368
0.000543
0.045769
-0.037803
0.076042
-0.019551
-0.015422
-0.040712
0.010382
0.024368
-0.009746
0.012021
0.019698
-0.039887
0.013290
-0.012405
-0.024173
-0.019026
0.024587
-0.011913
0.032998
-0.008816
-0.020841
0.011591
-0.011632
0.032188
0.029720
0.030621
-0.008518
0.008450
0.010275
0.010573
0.011577
-0.010085
0.010575
-0.016048
0.006754
0.006484
-0.036804
0.028727
-0.003914
-0.006961
-0.029559
-0.006821
-0.019761
0.010146
-0.018431
-0.000215
0.019430
-0.034728
0.031815
0.014276
-0.006298
0.034748
-0.070300
0.014351
-0.017293
-0.001211
0.013575
0.024543
0.013751
-0.022795
0.022735
-0.006397
0.037357
0.004148
0.002708
0.006660
-0.031217
0.014894
-0.027819
-0.017255
0.003977
-0.018762
-0.007279
0.001887
0.008436
-0.021052
-0.025118
0.062280
-0.020588
0.017251
0.014890
-0.037880
0.019765
-0.029620
-0.040718
-0.046969
-0.060642
-0.023955
0.028898
-0.025628
-0.008709
0.031596
0.013894
0.057427
-0.081315
-0.025426
0.031015
-0.037817
-0.017593
0.013991
-0.006021
0.036043
0.082171
0.001712
-0.019244
0.036876
0.017027
0.075779
0.047894
-0.007095
0.001331
0.018237
0.045073
-0.039637
-0.006161
0.014425
-0.056503
-0.001539
0.001708
-0.027154
0.001687
-0.049276
-0.013412
-0.007458
-0.046158
-0.007714
0.003345
0.082812
0.021052
0.014110
-0.032309
0.005094
0.009729
-0.022102
0.004205
-0.042958
0.009543
0.033644
-0.036975
-0.001467
0.012695
0.012217
0.057507
0.045974
-0.032969
0.003788
-0.021283
-0.018219
0.007428
0.039045
0.004161
-0.038884
0.051990
-0.023490
-0.004465
0.051338
0.045338
-0.006467
0.066437
0.022452
-0.022508
0.019692
-0.025223
-0.020405
-0.011419
-0.004208
0.020805
-0.011164
0.025322
0.017113
-0.021776
0.020394
0.038270
-0.006455
-0.006450
-0.011632
0.010242
0.008448
0.035262
-0.002293
-0.003144
0.019943
0.044645
0.015821
0.045201
-0.039193
-0.005491
-0.007893
-0.003949
0.000998
-0.026452
-0.016161
0.002143
0.015650
0.017066
-0.034586
0.012323
-0.022306
-0.034643
-0.008155
-0.030127
0.089712
0.051317
-0.002450
0.011638
0.031676
0.054979
0.061891
0.025911
-0.004669
0.052004
-0.084128
-0.016855
0.058781
-0.046438
0.067106
0.046350
-0.022584
0.025114
-0.054932
0.055576
0.007368
-0.012247
-0.015797
0.023589
-0.002218
-0.041931
-0.006715
0.017094
0.019825
-0.051223
-0.019481
0.058343
0.004182
0.019365
0.027226
-0.019446
-0.052288
-0.034854
-0.007726
-0.017916
-0.036039
-0.021259
0.078957
0.014590
-0.019114
0.002504
-0.009946
0.018945
-0.010124
-0.024159
0.004367
0.024012
0.000336
0.029316
0.013579
-0.019904
-0.054389
0.054842
0.031542
0.004726
-0.013670
-0.043592
0.007927
0.008069
0.088063
0.034384
0.001619
-0.019061
0.076472
-0.058028
0.020338
-0.033462
-0.011409
-0.007285
-0.001561
0.023746
0.022729
0.055697
-0.011175
-0.010245
0.046825
0.034269
0.014611
-0.009571
-0.024520
-0.092956
0.005779
-0.015677
0.022590
-0.027333
0.008734
0.070815
0.011832
-0.016861
0.008296
-0.031731
-0.003079
0.074294
-0.069370
-0.046060
-0.004118
0.043368
-0.047425
0.013291
0.004357
0.040430
0.024843
-0.020243
-0.035165
0.017742
-0.014310
0.029215
0.018694
-0.000405
-0.005526
0.040256
0.013494
0.001908
0.009286
-0.005853
-0.027346
-0.006822
-0.046293
0.034885
0.000775
0.010205
0.018752
-0.006198
0.085053
-0.020505
-0.015613
0.031970
0.053274
-0.074259
0.008844
-0.021848
-0.069926
0.036029
-0.035437
0.020457
-0.002289
-0.084197
0.028229
-0.024873
-0.075164
0.017254
-0.070320
0.035632
0.003133
-0.007701
-0.068069
0.049736
-0.041100
0.065349
-0.030614
0.005956
0.103240
0.041961
-0.028031
0.024170
-0.053098
-0.020388
-0.030865
0.021369
0.026526
0.033722
-0.059288
-0.044139
0.060704
0.065134
-0.039667
0.039752
-0.022068
-0.032246
0.007875
-0.071993
0.000162
-0.074802
-0.005829
-0.091890
0.014645
-0.022062
0.004684
0.024631
0.006422
-0.021276
-0.007964
0.082652
-0.094945
-0.010469
0.027335
-0.004890
-0.095581
-0.017822
-0.014053
-0.014645
0.019251
0.005763
0.056044
-0.057589
-0.037496
-0.058961
-0.061960
0.027166
-0.076028
0.045228
0.052986
0.007925
-0.001806
-0.015882
0.029156
-0.043733
-0.011302
0.012854
0.019236
0.025347
-0.020910
-0.015394
0.036548
0.072078
-0.007661
-0.020451
0.033919
-0.037732
0.057473
0.019389
-0.014717
-0.032590
-0.011198
-0.019843
-0.051449
-0.019876
0.003214
-0.039157
-0.007923
-0.019225
0.015876
-0.024589
-0.027020
-0.011588
0.033119
0.054992
-0.052393
0.071793
-0.026943
-0.022231
0.121619
0.054533
0.071402
0.049139
-0.020180
0.016888
0.000096
-0.039835
0.027538
-0.042334
0.012215
-0.017124
-0.032573
-0.111867
0.030001
0.041575
-0.010493
-0.051609
0.002562
0.017291
-0.058092
-0.002300
0.101572
-0.032392
0.089195
-0.049718
-0.012791
-0.087070
0.059803
0.029345
0.038413
-0.008533
0.119732
0.033352
-0.030606
-0.040304
0.037981
-0.059361
-0.117561
-0.055450
-0.005446
-0.005477
0.034162
-0.097627
0.015780
-0.061622
-0.016570
-0.015268
0.041657
0.005584
-0.016729
-0.041224
-0.058305
-0.132485
-0.021192
0.026383
-0.021503
-0.072427
-0.046809
-0.089009
0.030871
0.015143
-0.004436
0.028410
0.107475
0.077829
-0.024968
-0.022373
-0.025823
-0.007108
0.000171
-0.088933
0.038480
-0.092374
0.022038
0.086666
-0.045300
-0.024704
-0.041425
-0.028011
0.007953
-0.004403
0.024976
-0.001889
-0.003383
0.003009
0.023443
0.038751
-0.003934
-0.089182
-0.025573
0.012965
0.006725
-0.035162
-0.014534
-0.041424
0.013632
0.021837
-0.009076
0.044521
-0.025928
-0.002614
0.006897
0.013057
0.048715
0.022121
0.009810
-0.003970
-0.014379
0.005606
-0.034017
-0.013169
0.032112
-0.022879
0.014532
-0.009739
0.061371
0.003451
0.028991
-0.039571
0.001694
-0.005249
0.012755
0.042364
0.077565
0.044387
0.000329
-0.035375
-0.005406
0.013748
0.035189
-0.047147
-0.047019
0.014091
-0.004999
-0.012204
-0.010719
-0.047170
0.022922
0.013079
-0.010810
-0.027438
0.029796
0.024438
0.127633
-0.026174
-0.006930
0.002328
0.005100
0.073759
0.013012
0.024156
0.013652
0.030493
-0.086756
-0.038723
-0.009895
0.019737
-0.058782
0.019361
-0.067840
0.036271
0.073870
-0.014250
-0.009271
-0.008056
0.002323
0.031019
-0.009913
0.014035
-0.020816
0.035986
0.008056
0.033645
-0.019580
-0.015044
0.022177
0.010100
-0.027340
-0.040746
-0.046146
-0.089299
0.033576
-0.040648
-0.059887
0.008111
0.108707
-0.000042
-0.049064
0.028024
0.058797
-0.011862
0.005197
0.008792
0.029910
-0.045763
0.102928
-0.009110
-0.036599
-0.063900
0.031268
-0.048547
0.003733
0.019988
-0.008648
-0.003120
-0.084340
0.020404
0.034630
-0.023842
0.003745
-0.062640
-0.043509
0.031825
-0.034415
-0.046595
-0.031313
0.011862
0.046761
-0.023759
-0.047572
0.000917
-0.056910
-0.075002
0.037930
-0.001789
-0.052153
-0.061602
0.009469
-0.032883
-0.039714
-0.005405
-0.025523
-0.018361
0.044066
-0.075384
-0.037434
0.047928
-0.080578
0.012692
-0.016866
0.046034
0.024125
0.070758
0.021668
0.000016
-0.065402
0.029951
0.024061
-0.054870
0.007215
-0.059645
-0.033031
-0.007710
0.048406
0.048671
0.013170
-0.065647
-0.054838
-0.010544
-0.023095
-0.064014
-0.018517
0.016269
-0.010046
-0.028797
-0.008416
-0.045421
-0.035693
0.000084
0.009328
-0.006486
0.033126
0.021667
0.036508
0.019864
-0.040377
0.014646
-0.004295
0.014604
-0.034252
-0.011870
-0.024149
0.035769
0.038783
-0.028979
0.034987
-0.008154
0.036586
-0.002858
0.008575
0.033997
0.004894
0.014619
-0.002926
-0.004356
-0.017312
0.027518
0.073908
0.032758
-0.015975
-0.033135
-0.010137
-0.050543
0.006731
-0.002757
0.000701
0.021349
-0.079869
0.021587
0.008879
0.039821
-0.038772
-0.017805
0.037685
-0.035653
0.031915
-0.028845
0.031436
0.006104
-0.019086
-0.049182
0.003917
0.030733
0.033981
0.038296
-0.013983
-0.012531
0.025426
-0.002954
-0.005955
0.018096
0.035900
0.024815
0.007526
0.012331
-0.009089
-0.009013
-0.009187
-0.015262
-0.009829
-0.016011
0.044248
-0.030168
-0.025468
0.000163
-0.030220
0.002057
-0.004317
-0.023284
0.017070
0.004669
0.021814
0.032797
-0.001103
-0.002380
0.015577
0.002429
-0.014668
-0.005891
-0.025951
-0.001082
0.011624
0.005324
0.007085
0.016755
-0.009347
0.004323
-0.022785
-0.026461
-0.013048
-0.020355
-0.008362
0.013891
0.038253
-0.007603
-0.010835
0.034606
-0.006202
0.002764
-0.023685
0.008203
0.002158
-0.038508
-0.011526
-0.033098
-0.020263
-0.011031
0.001450
-0.007036
0.017464
-0.001257
-0.016624
-0.011302
-0.012822
-0.028904
-0.001439
0.020178
0.001942
-0.010369
-0.015119
0.028930
0.002174
0.004094
-0.019164
-0.027732
-0.022445
-0.021264
-0.010722
0.012256
0.013728
-0.015566
0.040655
0.007201
-0.000878
-0.026216
-0.007600
0.022156
0.018523
0.008715
-0.031182
0.008420
-0.001229
-0.036461
-0.052080
0.012518
0.016249
-0.003099
0.003041
0.005855
-0.004540
0.032428
-0.005911
0.014887
-0.014164
0.000797
0.029145
-0.017989
0.014420
0.006806
0.005074
-0.028853
-0.009830
-0.025278
0.005487
-0.003580
0.004464
-0.005594
0.019744
0.012285
-0.018233
0.058578
0.007804
0.012526
0.050981
-0.000440
0.024634
-0.003458
0.014992
0.001242
-0.054243
0.001626
0.003197
0.051119
-0.008182
0.070524
0.046512
-0.000868
-0.032910
-0.040980
-0.012074
0.023574
-0.051219
-0.002115
-0.004722
-0.032183
0.015061
0.053396
0.009237
-0.047545
0.008202
0.039094
-0.025382
-0.049827
0.040394
0.005474
0.055814
-0.023156
0.005369
-0.047208
0.081683
-0.005465
0.034908
0.015946
-0.007057
-0.022043
0.146475
0.007158
-0.030221
0.032575
0.005223
-0.035125
-0.037417
0.055886
0.002534
0.011515
0.017146
0.001106
-0.034054
-0.014382
-0.021296
0.003951
0.057232
-0.031775
0.027536
0.017593
-0.048983
-0.117904
0.053174
-0.013689
-0.002457
0.006802
-0.047289
-0.004440
-0.001631
0.005375
0.016484
0.010058
0.002313
0.007746
0.006429
0.006904
0.010547
-0.021019
0.011361
0.026618
-0.002411
-0.005671
0.016068
0.017767
-0.018814
-0.000258
0.012059
-0.018334
0.007127
-0.022445
-0.004448
-0.004476
0.007172
0.027673
-0.005283
0.015743
0.006929
-0.022689
-0.023751
0.021714
-0.015889
-0.024014
0.042459
0.036294
-0.013385
0.004305
-0.010822
0.034216
-0.009885
-0.026462
-0.018736
0.032887
-0.017911
-0.021999
0.028827
0.005869
-0.028731
0.032174
-0.008678
0.001094
-0.026157
-0.010295
-0.025886
-0.003702
0.025548
0.016919
0.018125
0.016405
0.006581
0.000600
-0.003247
0.014751
-0.004427
-0.040608
0.009308
-0.025183
-0.008349
0.046087
0.048577
-0.043424
0.000129
-0.015629
0.031395
-0.024387
-0.067716
-0.000643
0.002216
-0.004066
0.032504
0.022975
0.029553
-0.018761
-0.024516
0.003090
-0.011361
0.062943
0.053667
-0.004169
0.020059
-0.041176
-0.011681
0.016266
0.024451
-0.101912
-0.054651
0.059760
0.021673
0.004052
-0.017613
0.013043
-0.055931
-0.056136
0.010842
-0.040114
0.003171
0.036965
0.005426
0.028793
-0.041352
-0.076092
-0.012600
-0.003990
0.030413
0.041994
-0.022577
0.044299
0.010437
-0.043072
-0.003145
0.022653
-0.016585
-0.084261
0.007739
0.064406
-0.033625
-0.010803
-0.048956
0.008894
-0.003836
-0.022056
-0.048979
-0.003911
0.044630
0.011501
-0.042033
0.018919
-0.017080
-0.019342
0.027186
0.021798
0.000000
0.034169
-0.043249
-0.000394
-0.027483
-0.010820
0.004942
-0.032319
-0.017011
-0.000911
0.024245
-0.016290
-0.017817
0.016585
0.011261
-0.018446
0.009771
0.009144
0.011118
-0.059159
-0.019873
-0.008851
0.013698
-0.011208
0.019756
0.024075
0.005999
-0.037759
0.044833
-0.026825
0.028780
0.002489
-0.038767
-0.003590
-0.039700
0.015147
-0.016769
-0.038978
-0.019454
0.010823
-0.031748
0.024479
-0.018487
0.027097
0.020881
-0.005247
-0.031900
0.027088
0.040939
-0.038352
-0.039187
0.035541
0.021468
0.046245
-0.001935
0.045162
0.008861
0.016211
0.001231
-0.006193
-0.049064
-0.058766
-0.093836
0.102807
-0.065190
0.046223
0.010400
0.041307
0.005336
0.027322
0.002792
0.025052
-0.012884
-0.058617
-0.012421
-0.007190
-0.035903
-0.019044
-0.012140
-0.068935
0.000634
0.011185
0.030226
-0.009663
-0.033259
-0.072798
0.030672
-0.012809
0.006242
-0.024391
0.097158
-0.068857
0.045361
-0.032548
-0.053256
-0.014047
-0.011107
-0.016706
-0.027414
-0.018784
0.023830
-0.011973
-0.019944
-0.052415
0.013078
-0.054173
-0.011458
-0.074779
-0.013451
-0.040404
-0.016218
-0.016362
0.008234
0.006591
0.042490
0.022101
-0.033738
0.013355
0.017823
-0.002715
0.089926
0.023583
-0.049506
0.028135
0.007209
0.032843
0.105398
0.007790
-0.048900
-0.026737
0.122957
-0.009085
-0.077819
-0.057832
-0.003115
0.029592
-0.013739
0.070974
0.038424
-0.063200
0.007253
0.024948
-0.009680
0.013094
-0.077368
0.007598
-0.032329
-0.018379
0.021871
-0.000318
-0.049881
-0.018673
0.045622
-0.019141
-0.022760
0.024184
0.016855
-0.072835
0.040937
0.008323
0.034927
-0.016137
-0.017167
0.076488
-0.017278
0.070100
-0.057464
-0.028131
-0.009345
0.037059
0.056775
0.008501
-0.031840
0.042924
0.033368
-0.021628
-0.014266
0.009107
0.033958
0.023908
-0.031205
0.008209
-0.022768
0.013446
0.057891
0.049151
0.045761
0.064391
-0.006058
-0.054492
0.065241
-0.010538
0.022459
-0.052629
0.011926
-0.010893
-0.036883
-0.023805
0.028770
-0.125704
0.007747
-0.012530
0.038021
-0.089073
-0.064706
0.006998
0.031764
0.054661
0.015436
-0.001134
0.004441
-0.001589
0.034526
-0.021820
-0.109982
0.030602
0.104400
0.043027
-0.073669
-0.052219
-0.065081
-0.056439
-0.032064
0.034941
0.080580
0.014040
0.009820
0.019518
-0.030949
0.057276
0.033536
-0.017838
-0.017589
0.013579
0.026533
-0.034214
-0.027557
0.007314
0.059666
0.025330
-0.026967
-0.004344
0.020328
0.026400
-0.028624
0.086599
-0.044593
0.006144
0.010538
0.030943
-0.059733
0.027715
0.053993
-0.130507
-0.034132
0.029411
-0.035071
0.034931
-0.002216
-0.069275
0.012120
0.016697
0.080111
0.052899
0.015064
0.024712
0.045839
0.017871
0.042496
-0.051168
0.020910
0.068556
0.082766
-0.001822
0.008093
-0.001953
-0.005494
0.062158
0.014262
-0.062779
-0.003770
0.003278
0.061967
0.005710
0.013818
0.023250
0.022365
0.000020
0.014218
-0.053825
0.053965
-0.009486
-0.069332
0.000113
0.025095
-0.024314
-0.062678
0.004491
-0.031275
0.074997
-0.038117
-0.035572
-0.007096
0.006987
-0.000406
0.001714
-0.000211
-0.009566
0.022545
-0.028600
-0.011865
-0.040649
0.015952
-0.026316
0.024483
-0.005709
0.032092
0.045401
-0.019100
0.024973
0.018635
0.003063
0.015966
0.023671
0.045957
0.070318
0.026007
-0.005051
-0.003997
0.051457
-0.039718
-0.028780
0.028689
-0.011584
-0.010071
-0.057455
0.024032
0.020468
0.027061
0.001429
-0.034325
0.005948
-0.027775
-0.017679
-0.009144
0.000966
0.060193
-0.031382
0.012139
-0.032266
0.025998
-0.079688
-0.004844
0.003757
0.078872
-0.002041
0.038177
-0.010352
-0.032869
0.019467
0.041508
-0.023113
-0.014346
-0.042563
-0.049234
0.035781
0.005032
-0.006985
-0.010337
-0.024610
0.142771
0.066566
-0.007623
-0.024561
0.062276
0.104777
0.000112
0.002627
0.016052
-0.020975
0.099646
0.009822
-0.004920
0.008746
-0.025191
0.096521
-0.033867
-0.089613
0.001737
-0.119069
0.095782
0.070271
-0.006608
-0.002266
-0.003418
-0.035026
-0.020836
-0.035054
-0.114663
-0.005126
-0.049809
-0.067544
0.071545
0.033119
0.004687
0.011507
-0.028559
-0.008815
0.037117
-0.000680
0.021791
0.043902
0.042959
0.027056
-0.041563
0.026409
-0.017090
-0.043027
0.063566
-0.035513
-0.046981
0.008626
0.095540
0.027584
0.020739
0.066280
0.050350
0.080936
-0.031945
-0.043090
0.064180
-0.052167
