-0.051851
0.088363
0.033605
0.139583
0.127674
0.321034
0.168645
0.290351
0.414822
0.044159
0.096324
-0.019216
0.329049
0.077804
0.192995
-0.085034
-0.112095
0.202555
0.395337
-0.048562
0.211811
0.026380
-0.142053
-0.332017
0.014155
0.083892
0.251505
0.072147
-0.128721
-0.066724
0.289173
-0.010198
-0.095956
0.345758
0.130963
0.381127
0.279341
-0.238690
0.233973
0.251583
-0.007365
-0.159225
0.276829
-0.132922
0.117921
0.187136
0.317296
-1.058079
0.188482
-0.072896
-0.301329
0.364256
-0.217406
-0.340079
0.203424
0.079961
-0.147727
-0.092023
-0.199403
0.091543
0.089874
0.051452
-0.075104
-0.078107
-0.180563
-0.061729
-0.022233
-0.305067
-0.137949
-0.354434
-0.003080
-0.142047
-0.416342
0.414118
-0.118638
-0.232174
-0.014830
-0.131637
-0.010098
0.142517
0.373677
0.044638
-0.374600
-0.043227
0.026951
0.129205
0.559117
-0.097519
-0.148863
-0.071819
-0.088203
0.221964
0.174869
0.329137
0.055676
-0.035005
-0.257662
0.403892
0.475865
0.340907
0.096095
-0.192603
-0.153633
-0.107022
-0.020121
-0.098530
-0.130970
0.047430
0.335761
-0.241500
0.067094
0.402160
-0.690240
-0.319942
-0.264688
0.386699
-0.358652
0.015812
-0.129983
-0.134508
0.302805
-0.006548
-0.104305
0.215798
0.176838
0.175237
-0.305938
0.136764
