0.007966
-0.986528
-0.924138
1.474616
0.152822
-0.463732
0.233092
0.809228
-0.157496
0.197537
0.718370
1.297310
0.378675
-0.769764
-0.356973
2.077468
0.603791
-0.182392
0.323568
-0.487362
0.932603
1.809157
-1.010004
-0.286586
0.642858
0.400829
-0.091505
1.479187
0.041092
0.439648
0.378200
0.715187
0.272293
-1.122297
0.044452
0.035099
-1.207863
-0.372631
-0.608582
0.089462
0.753216
1.280373
-0.060402
1.011284
1.065681
0.376094
0.030060
-0.326321
0.019443
2.209145
1.217552
-0.253487
1.554889
-0.253497
-0.583480
0.427150
-0.437209
-0.939537
1.816790
-0.241546
0.378673
0.732580
0.086489
-0.772451
1.421765
1.087871
-0.828715
-0.645754
0.196494
-0.186760
0.154272
-0.113668
1.701054
0.736598
0.003064
-0.801262
-1.121452
-0.367174
-0.006591
-0.990053
1.200927
-0.383097
0.954461
0.343917
0.084815
-0.029814
-0.217997
-1.062801
1.384330
-0.261967
-0.880485
-1.004006
0.144649
0.187259
-0.190029
0.122162
-0.220964
-0.060888
1.906687
0.052043
-0.022585
0.213554
-0.020452
-0.231370
0.047885
1.202085
1.348808
-0.468343
0.713570
0.614341
-0.249153
0.096872
-0.482353
2.114738
0.321338
0.515745
-0.437448
1.146601
0.414489
1.099210
1.497304
-0.862410
0.945893
-1.125902
-1.144065
-0.635446
-0.070412
-0.491320
-0.054388
0.805354
0.051452
0.844836
-0.192265
-0.116723
0.878172
-0.746246
1.449539
0.013247
1.285868
-0.100024
1.466968
-0.189107
0.715499
1.109019
-0.587553
0.060090
1.154243
0.067470
1.815736
1.404379
0.143412
-1.074144
-0.228607
1.484486
1.052550
-0.802539
0.057634
0.692030
-0.080579
0.292650
1.188313
-0.323013
0.530765
1.195428
-0.362103
0.484418
0.734111
-0.419875
-0.190415
-0.709471
0.362417
1.349950
-0.191462
-0.775084
-0.927434
0.619986
0.195524
-0.067524
-0.468788
0.097006
-0.741447
1.612732
0.546356
0.053366
1.680533
0.114487
-0.263327
1.349607
0.872828
1.271865
1.023077
-0.497677
0.843636
0.109130
-0.060255
1.214258
0.230091
-0.368100
0.406342
-0.241633
0.921850
-0.551406
-0.030016
0.041921
-0.999850
0.477603
-0.706654
1.461523
-0.534278
2.017515
1.157957
-0.708401
0.367094
-0.356251
-0.690273
0.064069
-0.354448
0.146517
0.754556
1.288769
-0.487436
-0.039430
-0.311087
-0.327782
0.987414
0.813706
1.395530
-0.748749
0.845674
0.233655
0.389148
0.026400
-0.469217
0.135977
-0.736985
1.363299
1.228947
-0.783292
-0.055054
2.414420
0.666965
0.444431
-0.271562
-0.193470
-0.043024
1.039933
0.547655
-0.973924
0.733310
0.514864
1.184740
-0.007880
-0.007916
-0.567608
0.006487
-0.903216
