0.350262
-0.111213
-0.664708
0.150368
0.441263
0.626012
0.799230
-0.237692
0.839967
-0.186660
0.012135
-0.535821
0.374037
0.014506
0.124785
-0.990550
-0.304900
-1.005479
-0.401483
-0.416069
0.302122
-0.418368
-0.132005
-0.580507
0.543202
0.249764
-0.278160
0.619917
0.507240
0.356240
-0.437581
0.245629
0.982052
-0.837375
0.391761
-0.584798
0.209833
-0.171414
0.037775
0.124200
0.330156
0.103010
0.666988
0.047253
-0.419284
0.076753
0.800423
0.045588
0.168037
0.475471
0.811179
-0.356200
-0.728933
0.302668
0.014033
-0.873421
0.326313
-0.387636
-0.412647
0.817242
0.141655
0.658221
-0.996634
-0.365181
-0.630937
-0.246480
0.212467
0.451241
-0.653276
0.503107
-0.200852
0.189397
-0.583839
1.094449
0.262582
0.047894
0.378263
0.936310
0.705116
-0.029634
0.103764
-0.265866
0.345884
0.192127
-0.124329
0.376287
-0.043884
0.354121
0.516088
-0.688116
-0.140428
0.240692
-0.317562
0.017171
-0.088012
0.600492
-0.397806
-0.406362
0.384459
-0.376011
0.614462
0.365012
0.388591
0.027340
-0.093260
0.551576
0.118778
-1.034574
-0.080547
0.683133
-0.589157
0.404846
0.607588
-0.946742
-0.981051
0.178387
-0.456913
-0.753804
0.704265
0.349964
0.826976
-0.195146
0.172949
0.207624
0.787780
-0.338230
0.185969
-0.027373
0.652871
-0.701882
0.305630
0.093046
0.264987
-0.151909
-0.025137
0.648079
0.495177
-0.198480
0.253837
0.391361
0.132085
-0.089579
-0.308499
0.291016
0.106601
0.290149
1.027005
-0.956701
-0.887275
0.018566
-0.722898
0.184872
0.043475
-0.896703
-0.986083
-0.950356
-0.076519
-0.766343
0.191975
0.377392
0.345763
-0.082575
0.001912
-0.732561
0.186660
0.149148
0.458976
-0.819731
-0.742100
-0.128076
0.381758
-0.972762
0.037269
-0.042896
-0.124005
-0.266960
0.157251
0.733755
0.322042
0.381869
0.394814
-0.411774
0.024465
-0.219451
0.007257
0.537570
0.082636
-0.024938
-0.893753
0.343402
0.339341
-0.077439
0.323049
0.873562
0.263018
0.031439
0.458110
-0.616944
-0.853746
0.513494
0.242034
-0.609396
-0.338507
0.270990
0.586605
-0.705694
0.303026
0.177458
-0.003935
0.017211
-0.283948
-0.872673
-0.957441
-0.308488
-0.320795
-0.508378
0.537858
0.132142
0.711322
0.398870
0.248548
-0.195500
-0.960759
0.586353
0.021683
-0.458192
-0.081917
0.182152
-0.893943
-0.188200
-0.678962
0.428951
0.007345
-0.946100
0.279377
0.272258
-0.216873
0.470578
-0.397283
0.084004
-0.102008
0.493429
-0.294377
0.014489
0.199633
-0.230248
0.229067
0.430191
-0.533455
-0.614342
-0.182683
-0.520365
-0.326650
-0.350305
-0.024809
0.263843
