0.304734
-0.493484
0.551263
-0.481165
0.783384
-0.384053
0.890390
0.197941
-0.761861
0.251931
0.273300
0.806704
-0.689234
-0.185094
0.249762
-0.506143
0.241362
0.210926
0.556800
0.364618
-0.526283
0.445381
0.126690
-0.356273
0.679963
-0.498300
0.529693
-0.001255
-0.458484
0.411523
0.401425
0.589604
0.450376
-0.626577
0.413343
0.493457
-0.326267
-0.524435
0.223026
-0.057171
0.170225
0.441882
-0.591590
-0.343098
0.554369
-0.457009
0.064572
0.005462
0.172622
-0.279829
0.484102
-0.467544
0.853005
0.081376
0.536344
-0.517727
-0.835852
0.289210
0.324953
0.755153
0.259789
-0.680603
-0.178663
0.886005
0.250116
0.300647
-0.355372
-0.801972
-0.184061
0.532883
-0.023821
0.155468
0.265324
-0.900728
-0.035504
-0.464129
-0.550748
-0.353339
0.356592
-0.552544
0.635174
0.379864
0.473329
0.146555
-0.514579
-1.336043
-0.341635
0.338558
0.295400
1.139012
0.039594
0.430034
-0.233173
-0.879414
0.322267
-0.398947
0.318427
-0.294816
-0.653042
0.318888
0.324173
-0.337716
-0.519356
0.609812
-0.082662
-1.004866
-0.260758
0.351478
-0.458177
0.463587
0.114937
-0.136585
-0.030011
0.094040
-0.270690
-0.089905
0.090199
0.198712
0.344955
-0.418038
-0.052035
0.147921
0.432501
0.506789
-0.337380
0.020037
0.576480
0.711919
