0.069185
-0.033559
-0.052223
-0.097233
0.014959
-0.002249
-0.251768
0.004362
-0.409673
-0.231007
-0.275607
-0.012632
0.046612
-0.097390
-0.216335
-0.010269
0.168764
-0.106977
-0.033050
0.030477
0.011559
-0.142486
-0.226864
-0.065325
-0.369259
-0.067962
0.285614
-0.187515
-0.339491
0.083382
-0.108191
-0.107758
-0.031672
-0.216447
-0.193928
0.186262
-0.142617
-0.176564
-0.212732
0.077919
0.385644
-0.056049
-0.122323
-0.408407
0.124652
-0.223230
0.046267
-0.031761
0.258095
-0.241804
-0.511508
-0.103871
0.085961
-0.156908
-0.022205
0.124770
0.075942
-0.070215
-0.439755
0.115097
0.191577
0.054945
-0.138278
-0.101293
-0.027716
0.068098
-0.393008
-0.279638
0.202165
0.171181
-0.168297
-0.193406
-0.480430
0.079303
-0.074986
0.012663
0.147713
-0.023722
-0.062628
-0.100702
-0.034449
-0.529495
0.021389
0.057357
0.067748
0.094401
-0.180801
-0.248083
-0.028982
0.112437
-0.010186
-0.115689
-0.177877
0.080119
0.074394
0.022418
-0.113103
0.079812
-0.188909
-0.038503
-0.064890
-0.168602
-0.198634
-0.083653
0.093270
-0.088705
-0.048426
-0.138839
-0.050450
-0.116947
-0.534241
-0.345498
-0.089041
-0.291462
0.026727
-0.293694
0.296234
-0.101759
0.154890
0.192232
-0.020592
-0.207455
-0.058552
-0.067753
-0.344625
-0.060610
-0.348685
0.020704
0.023580
0.013713
0.196060
-0.175114
0.097439
0.260009
-0.292708
0.053284
-0.052697
0.043487
-0.029324
-0.101117
-0.075444
-0.030471
0.042652
0.019353
-0.160728
-0.161446
-0.060676
-0.265197
-0.078148
-0.178654
-0.157764
-0.233522
-0.060412
0.065640
0.094484
-0.089564
0.268036
-0.123337
-0.124124
-0.004801
-0.074736
0.032306
0.014501
-0.270795
-0.139497
-0.018466
-0.129024
-0.122123
-0.242038
0.076475
-0.121571
-0.055507
0.106597
0.080552
-0.144637
-0.148253
0.128856
0.179696
0.098931
-0.117143
-0.126745
0.022854
-0.209279
0.155010
-0.067734
0.163039
0.028061
-0.281238
-0.300088
-0.055592
-0.460678
-0.039978
-0.187902
-0.069718
-0.016319
0.066224
0.094865
0.149847
0.035510
-0.407201
-0.067985
0.080676
-0.178691
0.093321
-0.120994
0.070006
-0.119048
-0.220808
-0.302342
-0.267095
0.052386
0.032489
0.240574
0.033851
-0.138439
-0.181785
-0.372598
0.115440
-0.174878
-0.074212
-0.150975
0.167434
-0.093215
-0.242107
-0.107413
-0.297312
-0.092439
-0.026149
-0.135271
0.131507
-0.120963
0.163958
0.190998
0.013039
0.061562
-0.232644
0.114096
-0.091595
-0.125395
-0.287221
0.054814
-0.021978
-0.184700
-0.256581
-0.130700
0.375031
-0.018091
0.255394
-0.096807
-0.030593
0.215731
-0.212724
-0.049436
-0.201717
-0.283759
0.048165
