-1.262506
0.359453
0.247245
1.718421
-0.918178
0.488752
1.209484
0.490680
-0.342686
0.438013
-0.741391
1.621016
0.243321
-0.964338
-0.327771
-0.334034
-0.773509
0.904661
-0.092368
-0.696188
0.288392
0.158237
-0.826585
0.719267
-0.108786
0.574260
0.490450
-1.620762
0.173235
1.201115
-0.141493
-0.591089
1.210811
0.081305
0.051519
-0.372935
-0.614847
0.021776
0.065985
0.049663
0.069872
1.440521
0.167910
-0.649672
-0.548328
1.680315
0.085734
-0.577398
-0.823630
1.060838
0.565001
-0.335122
-0.080760
0.105622
0.186892
-0.459971
-0.031182
-0.850897
0.088219
0.314849
1.341064
0.831161
0.486979
1.578346
0.727350
-0.228233
-0.143432
-0.941034
-0.437821
0.002964
-0.057663
-0.076433
0.101855
-0.195524
-1.067953
0.199339
2.650949
-0.561238
0.145778
-0.113722
-0.051752
0.632865
-1.046632
-0.110302
0.210992
1.338943
-1.053053
1.251013
-0.032769
0.162472
1.179753
-0.270995
0.336326
-0.819904
-0.338106
1.123705
-0.050560
0.946941
0.259929
-0.596998
-1.015355
-0.048017
0.115174
0.446616
-1.034564
1.515948
1.452749
-0.215408
0.218253
0.031956
-0.188691
0.022783
0.337839
-0.149255
-0.098880
-0.340391
-0.291055
0.119937
-0.620936
-0.389130
0.121238
-0.252263
0.105108
-0.175213
0.944301
-0.254181
0.043612
0.015299
1.470185
0.027077
-0.543905
0.623722
0.148024
0.211869
-0.012157
-0.027880
0.619659
1.023711
-0.255696
0.147871
-1.430348
-0.058741
0.570536
0.407186
-0.643185
0.435659
-0.849526
1.371272
-1.099754
0.504528
0.509186
0.299441
-0.256561
0.245503
0.501720
-0.047581
1.419773
0.129016
1.292260
-0.747152
0.583470
0.162831
-0.135887
-0.001479
0.234019
1.049069
0.429812
0.026167
1.713491
-0.026947
1.293696
0.160080
0.089919
-0.701668
-0.045013
-0.267278
1.521800
-0.963501
-0.226514
-0.314313
-0.038948
0.341806
1.543011
0.563038
-0.077762
-0.093128
0.107413
0.831808
1.012684
-0.981208
-0.009730
-0.037858
0.117798
0.114953
0.506488
-0.217511
-0.025060
-1.005802
-0.321451
-0.688894
1.094632
-0.638155
0.666003
0.036927
-0.166306
0.171752
0.127345
0.056452
0.201104
-1.261351
-0.064050
0.242485
1.515363
-0.728504
-0.145414
0.341862
-1.184414
0.099579
0.026759
0.173692
0.250905
0.278671
-0.034545
-1.139564
0.553553
-0.076341
0.247851
0.035487
-0.361213
0.193830
0.214807
0.093757
-0.473737
-0.021218
-0.682762
-0.573251
0.307535
0.827268
-0.262541
0.430997
0.028876
-0.925357
-0.100807
-0.129890
1.618002
-0.177365
-0.402777
-0.512940
-1.380989
-0.213593
-0.833485
0.215510
-0.693677
-0.020178
0.505485
0.497502
