0.720361
0.140094
0.859364
0.564450
0.518119
0.316255
0.807554
0.433314
0.408926
0.315574
-0.012870
0.310397
0.222148
0.460537
0.513814
0.460572
0.103865
0.035449
0.157577
0.373137
0.228412
0.358686
0.257982
0.370857
0.804196
0.351335
-0.444530
0.594620
0.588640
0.136779
0.210281
-0.507016
0.496751
0.001079
0.232627
0.340645
0.190876
0.129321
0.173398
0.368727
0.080550
0.355862
0.685519
0.481821
0.531783
0.997746
0.633167
0.542966
0.001761
0.497702
0.544224
0.633063
0.669624
0.970151
-0.460121
0.340344
-0.466781
0.842024
0.478456
-0.580113
0.541006
0.337354
0.338426
0.315632
0.871426
0.340485
-0.324716
0.360749
-0.344087
0.480488
0.791173
0.356622
0.381362
0.538125
0.739516
0.455487
0.602600
0.228865
0.719228
0.191822
0.382969
0.417754
0.928095
0.594541
0.579447
0.730392
0.414760
0.464776
0.990619
0.059547
-0.068513
0.623602
0.797108
0.459447
0.179239
0.154705
0.422900
-0.493129
0.125821
0.799262
0.316661
-0.095748
0.409980
0.339787
0.231510
0.613699
0.399858
-0.177917
0.459235
0.352527
0.156940
0.516775
0.618154
0.316454
0.657663
0.162680
0.254468
1.163140
0.564484
0.058027
0.589595
0.368545
0.475280
0.205624
1.102544
-0.412858
0.364085
0.116713
0.414369
0.651334
-0.451020
0.447938
0.564134
0.285774
0.680876
0.382816
0.679681
0.518251
0.062448
0.758683
0.389709
0.159635
0.557206
0.963498
0.407489
0.182835
0.123525
0.420622
0.318581
0.699254
0.063030
0.537975
0.543128
-0.123732
0.195619
0.428745
-0.084431
0.000522
0.284776
-0.263286
0.431239
0.921857
0.405297
0.267409
-0.025801
0.436857
0.546428
0.261813
0.759435
0.421341
0.265452
0.075675
0.113247
-0.242782
0.772100
0.228654
0.546897
0.158479
0.024742
0.424122
0.387090
0.667850
0.558954
0.513734
0.733431
-0.832215
0.784742
0.131171
1.054638
0.374027
0.204405
0.452370
0.704535
-0.318819
0.143177
-0.017625
0.356809
0.072818
0.541387
0.780195
-0.193009
0.242879
0.006438
0.894416
0.570070
-0.780880
0.449920
0.497536
0.527644
0.207163
0.694531
0.585303
-0.079795
0.445317
0.808788
0.230367
0.342542
-0.708322
0.560578
0.758337
0.396945
-0.258543
0.700900
-0.056253
0.734076
0.061283
-0.153394
0.237791
0.698226
-0.251098
0.729984
-0.097718
0.533764
0.632641
0.433698
1.098314
0.119030
0.435710
0.522866
0.480181
1.022486
0.855128
0.141671
0.041150
0.445246
0.518374
-0.086915
0.453545
-0.159366
-0.082879
1.044471
0.817844
0.619182
0.420547
0.591258
0.372636
