0.234474
-0.728670
-0.819665
-0.076430
0.038197
-0.137717
0.172482
0.847534
0.834032
-0.621286
0.093609
0.048828
1.001372
-0.285264
0.211426
1.394751
-0.590607
1.678188
-0.323992
1.155292
0.221676
-0.397163
0.872087
0.223375
-1.332324
-1.570902
-0.360430
-1.590412
1.035414
1.253983
-1.114601
-0.954374
-0.247186
-2.280545
0.293532
0.371498
1.415872
-0.756576
0.152938
0.713763
-0.688236
0.103040
0.198670
-1.167714
1.510285
-0.366470
-0.007239
-1.245793
-0.386539
0.033229
0.710432
-2.029356
0.327562
-0.085427
0.973400
-0.120449
-0.794389
0.291583
-0.208731
0.819420
-0.436531
-0.748896
0.054619
-0.339874
