0.228166
0.052149
0.112231
0.210418
0.512240
0.141399
-0.419869
-0.095709
-0.220330
0.020109
0.217487
0.684104
-0.267436
0.004230
0.113179
-0.094344
0.025849
-0.193737
0.018349
-0.148766
-0.217738
0.050126
-0.047034
0.161202
0.399112
0.061753
0.010155
-0.439333
0.246379
-0.013251
0.058965
-0.097760
0.037253
0.174493
-0.368959
-0.031114
-0.036850
-0.157408
-0.142779
-0.130968
0.105087
0.009845
0.120435
-0.048117
0.073388
0.313456
0.249655
0.006564
0.144631
-0.035524
-0.020371
-0.073695
0.018580
0.137428
0.265061
-0.008224
0.346953
-0.234342
-0.156163
-0.063769
-0.046346
-0.177572
0.015943
0.070372
-0.255364
-0.281871
-0.238926
0.396141
-0.135228
0.000171
0.201343
0.135937
0.126080
-0.157307
0.250789
-0.315719
0.242448
-0.013184
-0.408152
-0.060687
0.069731
-0.159216
0.131248
-0.210344
-0.020718
-0.297829
-0.080861
-0.004163
0.077550
0.017531
-0.043240
0.231084
0.040341
0.165125
0.132057
0.009546
0.231119
-0.231347
-0.160120
0.075020
-0.493912
-0.001380
0.450040
0.140060
0.033158
0.074903
-0.073901
-0.329666
0.283238
0.076404
-0.236286
-0.424923
0.068600
-0.088587
-0.077000
-0.086553
0.058129
0.145837
-0.055042
-0.217755
-0.323390
0.216960
0.274911
0.171915
-0.072900
0.111297
0.358691
-0.289055
-0.207808
0.103792
0.401813
-0.254558
0.057289
0.109520
0.025740
-0.025330
0.251926
-0.250484
-0.030381
0.193963
0.123707
0.003836
-0.176205
0.033220
0.007261
-0.163833
-0.086196
0.018399
-0.177416
0.028983
0.159615
0.064539
-0.034854
-0.003814
0.051782
-0.140970
0.222752
0.022100
0.329884
0.002149
-0.476930
-0.165413
0.019676
-0.173994
0.328450
-0.039447
0.081774
-0.264008
-0.165084
0.180543
-0.168835
0.089866
-0.169160
-0.431721
0.257179
-0.159172
0.199690
-0.023702
0.242683
0.041617
-0.381301
-0.145227
-0.378439
-0.258371
0.022326
0.091372
-0.003669
0.044412
-0.716075
-0.138454
-0.080588
0.108796
-0.002433
0.277263
-0.375098
-0.206904
-0.058758
0.282012
0.053656
-0.074525
0.135025
0.116540
-0.153966
-0.408232
-0.120313
-0.224246
-0.112335
0.309510
-0.160259
0.200986
-0.364062
-0.090404
-0.275770
0.113799
0.046959
0.280187
0.230394
0.292054
-0.069592
0.288454
0.179666
0.139283
-0.006822
-0.184015
-0.014245
0.522005
0.031322
-0.036288
0.232319
0.201233
0.069101
0.043999
0.000664
-0.066045
-0.138193
0.122360
-0.011578
0.217263
0.166507
0.106845
-0.117981
-0.074876
0.194195
0.216798
0.260928
0.174771
0.054764
0.025012
0.009948
0.033879
-0.028586
0.367926
0.051597
0.176609
0.172878
0.260281
0.133705
0.114906
-0.102037
0.034809
-0.025856
0.449558
0.200547
-0.124898
0.036982
0.213095
0.192275
-0.102804
-0.092935
0.019603
-0.085048
0.019702
-0.038567
0.102195
0.151878
-0.090328
-0.261934
0.103872
0.085745
0.150710
-0.019855
-0.148963
-0.039011
0.024119
-0.038335
-0.113334
0.049741
-0.037371
0.020221
0.005636
-0.007672
0.102403
0.247887
-0.089486
0.039151
0.078812
-0.090683
-0.065323
-0.321628
-0.013699
0.021593
0.154981
0.011525
-0.277487
0.045023
0.100144
0.156424
0.126992
-0.019256
0.051229
-0.002564
-0.106768
-0.083223
0.191890
0.038114
0.049113
-0.134547
0.161689
0.120212
0.002517
0.013011
0.055877
-0.072891
-0.021600
0.084556
0.133146
-0.094490
0.016506
0.068852
-0.006453
-0.180332
-0.079767
-0.001836
-0.078362
0.003004
0.205887
0.014230
0.178621
-0.069385
-0.219694
-0.416805
-0.129103
-0.263007
0.107289
-0.027967
0.122886
0.081157
0.079800
0.064914
0.099254
0.089021
-0.249335
0.010432
0.048522
0.317909
0.160889
-0.071990
-0.017359
0.030363
-0.099177
0.280104
-0.051652
0.031958
-0.116111
-0.117868
0.168633
0.074697
-0.109658
-0.040062
-0.006517
-0.036546
-0.005306
0.116733
0.169826
-0.039430
0.060013
-0.152385
0.069988
-0.048461
0.049147
0.169426
0.025132
-0.041955
0.134279
-0.442359
0.055352
-0.092511
0.002387
-0.196529
0.107674
-0.465279
0.274637
-0.148455
-0.097694
-0.223307
0.221731
0.019411
-0.130382
-0.241372
0.086013
-0.013910
0.156087
-0.053849
-0.108290
0.408551
0.154941
-0.062084
0.470497
-0.138995
0.254544
0.141671
0.119954
0.207025
-0.152065
-0.036420
-0.032327
0.209191
0.006521
-0.253674
0.107763
-0.133053
0.293442
0.268968
-0.088769
0.123896
0.228927
0.203235
0.324365
0.022256
0.186049
-0.367333
-0.275083
-0.093959
-0.047068
0.436915
-0.201815
-0.133376
0.104791
0.013263
0.056938
0.392174
-0.147243
0.305439
0.348141
-0.309807
-0.264036
-0.187084
-0.327457
0.097478
-0.049179
-0.088947
0.069557
0.174252
0.037526
0.185381
-0.155677
-0.007060
0.340134
-0.028614
-0.076808
0.204788
0.057874
-0.191752
-0.226970
-0.232245
0.071683
-0.165565
-0.114592
0.277592
0.036672
0.105395
0.056451
0.033246
0.219051
0.292060
0.596717
0.020145
0.226841
0.002709
-0.101802
0.336961
-0.151358
0.123737
-0.144595
-0.199907
-0.094788
0.324040
0.244188
0.005242
0.657119
-0.074673
0.143861
-0.183829
0.197343
0.185025
-0.242172
0.127765
0.456151
-0.027973
0.015411
0.146865
-0.258548
0.168371
0.137473
0.010365
-0.188314
0.211944
-0.026305
0.101227
-0.239491
-0.125725
-0.127168
0.047815
-0.021326
0.035331
-0.099823
0.042960
0.072590
0.092366
0.014598
0.123579
-0.186293
-0.102158
0.107985
-0.099804
-0.000938
-0.105993
-0.417078
0.207894
0.072017
-0.021967
-0.042503
0.031335
-0.044570
-0.077903
-0.058694
0.062268
-0.069445
-0.065862
0.206520
-0.142921
-0.070577
-0.136179
0.029578
0.169128
0.107238
0.031608
-0.084206
0.068469
-0.036278
0.124991
0.069815
0.096010
-0.054349
-0.231284
-0.025735
-0.219110
0.083559
0.259691
0.022065
0.078152
-0.089668
-0.094546
0.142394
-0.244332
0.152461
-0.166805
0.036728
0.002521
0.025588
0.004973
0.119998
0.019230
-0.148184
-0.171843
0.020410
0.047028
-0.003610
-0.176660
-0.143006
-0.068901
-0.118042
-0.128338
0.176999
0.097385
-0.173594
-0.080417
0.033782
-0.152025
0.042874
-0.115390
-0.063544
0.001826
0.043496
0.003945
0.030518
-0.182177
0.302292
-0.144190
0.293871
-0.157720
0.070142
0.152710
-0.072104
0.136208
0.109990
0.363701
-0.185323
0.052906
0.347651
-0.013605
-0.003175
0.193962
0.172666
-0.053959
0.078101
-0.071984
-0.103655
-0.157719
0.124814
0.325130
0.130783
-0.201108
0.102523
-0.022892
0.087207
0.272504
-0.107121
-0.011936
-0.112143
0.286521
0.003832
-0.018154
0.191336
0.069928
-0.124290
0.302822
-0.160491
-0.130940
-0.030021
0.011060
0.156696
0.002630
-0.121630
-0.008665
0.158568
0.188812
0.203446
-0.048282
0.291609
-0.145788
-0.018713
-0.170319
-0.138676
-0.048515
-0.241780
-0.334397
-0.213886
0.254203
0.175960
0.109818
0.099914
-0.145905
-0.180618
0.145560
-0.144184
0.210742
0.157743
-0.057414
0.078564
-0.273839
-0.035609
-0.152991
0.262673
0.020777
-0.183176
0.121954
0.408585
0.113613
0.089998
0.376203
-0.060943
0.363037
-0.077349
0.035392
-0.231875
-0.158363
0.206692
-0.180977
-0.284788
0.239087
0.101229
0.221553
0.022333
0.066423
-0.001037
0.067770
-0.127598
-0.075471
-0.193936
0.024766
0.112366
-0.318088
0.085308
-0.150104
-0.247061
-0.265808
0.160811
-0.158755
-0.208459
0.056922
-0.104737
-0.148283
0.224473
0.368751
0.000714
-0.114950
-0.008762
0.213475
-0.031083
0.133956
0.209311
0.189955
-0.059536
-0.000498
-0.045404
0.100416
0.104380
-0.060047
-0.178091
-0.051451
-0.133484
-0.027291
-0.202567
0.348668
0.078872
0.113959
0.053206
0.258898
0.165747
-0.160257
0.195244
0.006593
-0.005175
-0.058675
-0.206502
-0.030966
0.179807
-0.089390
-0.338221
0.056262
-0.001075
-0.008085
0.298377
0.134899
0.114242
0.128972
-0.252384
0.012678
0.009037
0.175549
-0.029930
-0.007188
-0.038508
-0.025417
0.149561
-0.145127
-0.120275
-0.006326
-0.057054
-0.000246
0.018270
-0.130227
-0.018483
-0.061769
-0.120661
-0.051726
-0.140328
0.149923
0.056018
0.016437
0.018739
-0.182723
0.046198
-0.118969
0.013413
0.017442
0.011487
0.007147
-0.007293
-0.000356
0.056056
-0.117431
-0.098951
-0.052163
-0.064742
0.084305
0.083713
0.021136
-0.020941
-0.074161
0.075497
0.042928
-0.091439
-0.081076
0.164340
-0.045014
-0.008436
-0.155214
-0.034371
-0.073699
0.000039
0.057745
-0.094992
0.046217
-0.054070
0.048725
0.025828
0.135866
-0.047286
-0.059906
-0.170306
-0.022961
0.080905
0.120271
0.012259
0.028950
-0.071916
-0.059668
-0.015572
-0.062431
0.014016
-0.111849
-0.039211
-0.058185
0.083491
0.006758
-0.119255
0.039694
0.004383
-0.021092
-0.005814
-0.102296
-0.066387
0.209334
-0.041390
0.081735
-0.073690
0.054288
0.006373
-0.053047
0.031936
-0.058176
-0.070669
0.088261
-0.000291
0.008012
0.049576
-0.068591
0.084081
0.013042
-0.034885
0.020482
-0.017067
0.079235
0.010975
0.063591
0.022424
-0.068163
0.030860
0.110835
0.046920
-0.029697
0.013742
-0.007768
0.068881
0.145464
-0.006825
0.031848
-0.024781
0.031065
0.064153
0.049227
-0.008453
0.017820
0.018209
0.068932
-0.019101
-0.043935
-0.056342
-0.026984
-0.000799
-0.021575
-0.013282
-0.056754
0.117854
0.031468
-0.457093
0.108905
0.092177
-0.239716
-0.051416
-0.080537
-0.041982
-0.035368
0.201312
0.194512
-0.021757
0.105671
-0.112798
-0.189819
0.019564
0.135340
0.196484
-0.148930
0.158003
-0.166172
-0.061409
-0.342974
-0.017439
0.042469
-0.023228
0.153977
0.077380
0.000824
-0.142809
-0.167214
0.112863
0.087482
-0.123078
-0.212942
-0.048238
-0.125266
-0.170727
-0.026397
0.099570
-0.250465
0.175622
-0.129144
0.011448
-0.287811
-0.066274
-0.040537
-0.051813
0.306415
-0.070420
0.287563
0.128793
0.009190
0.180566
-0.190871
0.145931
-0.141985
0.216070
0.332835
0.184823
-0.264536
-0.117441
-0.032476
0.013470
0.025298
-0.422540
0.039108
0.107490
-0.326264
-0.178933
0.151992
-0.519694
-0.210562
-0.066611
-0.457552
-0.040848
0.219827
-0.474567
-0.058150
-0.292398
-0.097160
0.188295
0.405544
-0.196775
-0.154350
0.093112
-0.056763
-0.122146
0.105507
-0.295777
-0.351798
-0.433979
-0.257413
-0.002824
-0.265782
-0.074457
0.189388
-0.049950
0.452317
0.001116
-0.093577
-0.265599
-0.405422
-0.109529
0.073595
0.004835
0.231533
-0.059797
-0.167859
-0.178663
-0.000691
-0.085162
-0.187710
-0.219080
0.220245
-0.148951
0.080400
0.239599
0.298831
-0.198548
0.004443
-0.085592
-0.047479
-0.121064
-0.113790
-0.107955
0.133428
0.383140
0.017413
0.076982
0.032393
-0.177256
-0.095186
-0.236058
-0.232568
-0.011685
-0.520164
-0.142987
-0.340954
0.050842
-0.389871
-0.000274
-0.388705
-0.241836
-0.404317
0.012043
0.010191
0.070427
-0.032414
0.369220
-0.201243
0.172943
0.030113
0.238757
-0.114104
-0.069491
-0.020062
-0.126575
0.302182
0.127984
0.236248
-0.067272
0.206026
-0.462447
-0.103025
-0.095223
0.335591
-0.023964
-0.466666
0.386843
0.242781
0.248101
-0.041503
0.190725
0.351398
0.101258
0.019265
-0.325486
0.273095
0.075864
0.030649
0.013638
0.001064
-0.148242
-0.236595
0.021023
0.091224
0.189877
-0.119849
0.264277
-0.175142
0.194242
-0.031990
-0.165571
0.139010
0.127675
0.092064
0.346840
-0.088760
0.031552
-0.202929
0.183942
-0.204030
0.466838
0.037773
0.616540
-0.273966
-0.046222
0.216266
-0.030289
0.392160
0.241914
-0.226888
-0.264226
0.026163
-0.250604
0.053586
0.046454
-0.133489
-0.142235
0.015233
-0.239283
-0.428025
-0.037846
0.103869
0.160290
-0.369614
-0.223773
0.084332
0.238516
-0.119741
-0.629258
-0.466458
0.435273
0.209470
-0.098368
-0.290138
-0.407505
-0.491965
-0.077148
0.136295
0.081554
0.108437
-0.321948
0.049263
-0.269557
0.151909
-0.108828
-0.093676
0.135197
0.449664
0.194414
-0.108010
0.142807
0.414490
-0.036490
-0.027942
-0.147168
0.084907
-0.000842
0.029912
-0.117154
0.172131
0.043679
0.093782
0.072257
0.251516
-0.033758
0.165225
-0.080163
-0.061640
0.064032
-0.287889
0.017702
0.228550
0.286193
0.095206
-0.026411
0.010402
-0.086057
-0.043021
0.056862
-0.110089
0.072932
-0.023588
-0.150359
0.032324
0.179238
-0.004862
0.257277
-0.045671
0.107412
-0.079682
0.055723
-0.006586
0.057835
-0.190447
0.141067
0.035758
-0.078119
0.073155
0.043665
0.126572
0.196480
0.026809
0.023619
-0.217720
0.219769
-0.086732
-0.031167
-0.115146
-0.039060
0.043000
0.163282
0.246033
0.112609
-0.017803
0.205265
-0.022338
-0.124829
-0.080520
-0.033632
-0.025957
0.076545
-0.115252
-0.061879
0.084138
0.031960
0.021079
0.065803
-0.016424
-0.197827
0.042679
-0.040073
0.052239
0.120744
-0.063125
0.109402
-0.076941
0.060340
-0.111793
-0.160664
-0.007883
-0.152927
-0.027260
0.047112
0.157675
0.013594
0.117599
0.085955
0.032545
-0.056137
0.020830
-0.103212
-0.048540
0.040657
0.023562
-0.073120
0.055242
-0.014076
0.010526
-0.002566
0.032410
0.019333
-0.120730
0.245460
-0.023738
0.091475
0.048350
0.033462
-0.086794
-0.082574
0.096088
0.061520
-0.073099
-0.098054
0.082438
-0.190047
0.056298
0.003743
0.168293
0.248999
0.182693
-0.016694
0.331191
0.078883
0.151760
-0.251682
-0.028377
0.375211
0.130189
0.225366
0.351166
0.003717
-0.126456
-0.138525
-0.295045
-0.409226
-0.180481
-0.139332
-0.244576
0.121284
-0.345636
-0.069376
-0.296870
0.093484
-0.548515
-0.155711
0.206141
0.258680
0.016907
-0.273417
-0.000094
0.293558
0.420794
0.042962
0.644113
0.206852
-0.106385
-0.136585
-0.587488
-0.176196
-0.441567
0.081750
0.115474
0.127746
0.017548
0.112343
-0.179842
0.215896
0.079493
0.377334
-0.309672
0.029497
0.084378
-0.002901
-0.336094
-0.186462
-0.088305
-0.155202
0.265479
0.115067
-0.194430
0.083760
0.087808
0.075036
-0.130220
0.017584
-0.351495
0.042513
0.434674
0.123220
-0.292185
0.420375
0.065312
0.348116
-0.506179
-0.131045
0.068557
-0.088251
-0.042061
0.432541
0.389103
0.070780
0.200630
0.412753
0.010185
-0.102653
0.151702
-0.399852
-0.201827
0.051480
0.323644
-0.211109
-0.279857
-0.351103
0.064548
-0.322238
-0.182720
0.056686
-0.211898
-0.092423
0.331958
0.424267
0.355908
-0.188219
-0.071099
-0.172151
-0.283574
0.367543
0.135063
-0.011047
-0.060073
0.067752
0.062934
-0.123980
0.116426
0.204607
0.140157
-0.325679
-0.355743
0.207208
-0.105002
0.339310
0.195646
0.289926
-0.402443
-0.175095
0.130947
0.057778
-0.119874
0.141992
0.068048
0.125057
0.012813
0.024440
0.261714
0.005796
0.034237
0.114135
-0.048806
-0.123253
-0.101694
-0.024345
0.055294
0.097015
0.155103
-0.029821
0.078770
0.070121
-0.058911
0.068302
0.122828
0.112241
0.011154
-0.087617
-0.216104
-0.092673
0.222626
0.007883
-0.011447
-0.106162
-0.108930
-0.183428
-0.154253
-0.093212
-0.096594
-0.054304
-0.049723
0.091777
0.023271
0.190790
0.352865
0.117342
-0.011334
0.104513
0.140144
0.057551
0.138138
0.108921
-0.124161
-0.034049
-0.226449
-0.056660
-0.002064
-0.025691
0.007102
0.042809
-0.010595
0.126420
-0.106444
-0.040387
0.060165
0.012036
0.026201
0.105715
0.012423
-0.159899
0.200524
0.008194
-0.361785
0.007677
0.024068
-0.107206
0.014550
0.183757
-0.053174
-0.149086
0.127205
-0.008267
0.124250
0.140838
0.184535
0.108085
-0.107829
-0.136500
-0.153557
0.021247
0.009757
-0.040722
0.104951
-0.048938
-0.276934
-0.062017
-0.142421
-0.147905
-0.022807
-0.070793
0.087364
-0.085124
-0.188972
-0.104906
0.136556
0.187302
-0.022165
-0.188847
0.010519
0.045464
-0.234660
-0.045349
0.019253
-0.254355
0.064877
-0.118097
-0.016701
-0.014304
0.211677
-0.070077
0.074815
-0.111158
-0.134721
-0.086213
-0.053225
0.107052
0.137263
-0.080432
0.018702
-0.012295
-0.028522
-0.143478
-0.239092
0.152059
-0.201698
-0.333473
-0.238447
0.090136
-0.021521
-0.063516
-0.084288
-0.043694
-0.258510
0.220080
-0.021213
-0.217072
-0.266107
0.133068
-0.135852
0.076529
-0.224886
0.473749
0.000243
0.213134
-0.337624
0.066971
0.130520
0.037509
-0.402898
-0.026317
-0.414027
0.085328
-0.306662
0.573251
0.246010
0.117010
-0.280198
-0.331214
-0.186392
-0.178197
0.101290
0.263515
0.088191
0.052807
-0.023551
-0.154546
-0.333071
0.161580
0.177312
-0.258667
0.050188
0.073840
0.076101
0.212664
-0.125249
-0.088209
-0.008842
-0.007656
0.470854
0.246412
0.081892
0.101806
0.087848
0.065306
0.253713
0.223787
-0.226069
0.079571
-0.124770
-0.179339
-0.137681
-0.227590
-0.024196
0.015410
-0.020196
-0.128105
0.349537
-0.451785
-0.112661
-0.053924
0.004092
0.001190
0.170562
0.227380
-0.302773
-0.263566
-0.127296
0.003308
-0.048996
-0.036339
-0.120144
-0.030158
-0.163329
-0.422897
-0.186843
-0.299592
-0.148062
0.246557
0.011305
-0.086209
0.307333
0.220798
-0.103702
-0.151480
-0.115869
-0.200720
-0.392964
0.016639
0.513787
-0.255379
-0.150516
-0.565195
-0.328498
0.026508
-0.187208
-0.396276
0.023802
-0.287688
0.051707
-0.100011
-0.411917
-0.228658
0.085657
0.057049
-0.090306
-0.087632
-0.266364
-0.130429
-0.039588
0.002112
-0.174193
-0.059029
-0.035675
-0.075484
-0.020482
0.038713
-0.071962
-0.023864
-0.151693
0.201808
-0.105135
-0.198262
-0.057056
-0.150426
-0.118011
0.156044
0.102458
-0.152522
-0.119730
0.334355
-0.029652
-0.015812
0.100818
-0.239441
0.064492
0.057177
0.057938
-0.002848
-0.016143
-0.125423
0.050275
0.063425
0.101510
-0.222771
0.193198
0.190089
0.422223
0.040037
-0.009341
0.029283
0.150381
0.298757
-0.145242
0.011598
-0.059309
0.157221
0.220196
-0.048403
-0.083913
0.045712
-0.041095
0.039813
0.340630
0.022939
0.153650
-0.191311
-0.012418
-0.196162
0.128081
-0.097119
0.024693
0.095057
0.031654
0.066789
-0.050910
0.040500
-0.017088
0.123004
-0.023543
0.041594
-0.234693
-0.041939
0.132026
-0.000802
0.015485
0.168580
0.044495
0.078356
-0.113769
-0.036716
-0.022518
0.128553
-0.015621
-0.189483
0.062909
0.154252
-0.167386
-0.034743
0.222718
0.135770
0.106767
-0.022967
0.006218
-0.031945
0.153020
0.006403
0.005455
0.017345
0.248670
0.054111
0.034221
-0.245899
0.044091
0.006608
-0.097565
-0.237749
0.046833
-0.065775
-0.122124
-0.149301
0.144589
0.098284
0.022509
0.344455
-0.113353
0.131733
0.091455
-0.184489
0.089299
0.012390
0.292370
-0.065863
-0.090937
0.030683
0.067546
0.037776
0.179186
0.026945
-0.072740
0.475349
-0.100712
-0.292306
0.113349
-0.274084
0.107098
0.308812
0.454721
0.127696
-0.167757
-0.089783
-0.073399
0.253700
0.473474
0.059262
-0.417244
-0.217898
0.023127
-0.186690
0.390853
-0.323662
-0.217572
0.245993
0.056927
0.171796
0.485961
0.006287
0.062470
0.025911
-0.328032
0.204814
-0.301734
0.064275
0.057267
-0.010704
-0.174472
0.194806
-0.125493
0.224972
-0.000093
0.166267
0.089828
0.083787
-0.054120
-0.257010
0.264733
-0.116473
0.082964
0.151445
0.151007
-0.022730
-0.165386
0.401571
0.058826
-0.000495
-0.325471
0.080364
0.054569
0.165547
0.097012
0.069589
0.219236
-0.236524
-0.205603
-0.057745
0.307205
-0.219090
-0.330868
-0.142569
-0.157120
-0.115116
0.047008
0.029809
0.013414
-0.347349
-0.218168
0.041913
-0.131047
0.353071
0.012633
0.255070
0.254104
0.051989
0.181471
-0.014503
0.289970
-0.114720
0.046078
0.017755
0.101721
0.073835
-0.138125
-0.174531
-0.167182
0.069870
0.096449
-0.091275
0.082397
0.148536
-0.056580
0.006500
0.107086
0.100967
-0.249811
0.091104
0.234163
-0.252212
0.025139
0.140690
0.327061
-0.153634
0.048492
0.056155
-0.261780
-0.230806
0.211978
-0.018992
0.220843
-0.338112
-0.022367
0.082425
-0.286376
-0.056332
-0.028047
-0.213614
0.121580
0.151848
-0.183604
0.064317
-0.235483
-0.185320
-0.126945
0.015982
-0.116815
-0.047637
-0.069473
-0.031659
0.030631
-0.134364
0.054874
0.401384
-0.025078
-0.150711
-0.557137
0.374726
-0.148237
0.655054
0.024849
-0.182633
-0.228756
-0.467380
-0.273265
0.167701
-0.248257
0.163497
-0.218341
-0.050131
-0.174553
0.025322
0.160076
0.341370
0.279562
0.162827
-0.051280
0.430834
-0.090829
0.000643
-0.200988
-0.414008
-0.022754
-0.171113
0.012657
-0.101276
0.294671
0.074498
0.211259
0.026680
0.303036
0.191765
0.062998
-0.155428
0.080410
-0.323907
0.117454
0.285239
0.084813
-0.203710
-0.115048
-0.011658
-0.120156
0.000677
-0.250313
0.046903
0.028467
0.067067
0.215346
0.094424
-0.066530
-0.156366
-0.056068
0.076275
-0.122280
-0.122395
-0.317760
0.277489
0.109664
-0.182606
0.018341
0.048840
0.159149
0.015761
-0.170425
-0.324827
0.158579
-0.408726
-0.062131
0.099378
-0.021471
0.111760
0.298537
0.134644
-0.030869
0.044014
-0.056967
-0.386026
-0.273610
0.095058
0.267287
0.152200
-0.072402
0.031763
-0.046926
0.018656
-0.024434
0.033493
-0.102236
-0.221002
-0.014785
-0.327944
-0.029453
-0.031506
0.088331
-0.110201
-0.146727
0.156512
0.102157
-0.067065
0.305542
0.237005
0.054978
0.186111
0.228901
-0.289215
-0.105450
-0.061735
-0.076402
0.137117
0.048678
0.077835
-0.139764
-0.054701
0.036420
-0.170669
-0.160069
0.101935
-0.336431
-0.033278
0.071123
-0.014094
-0.034182
0.092370
0.137577
-0.005178
0.127896
-0.062034
0.291532
-0.072867
-0.055366
-0.092003
0.198018
-0.041696
-0.037212
0.023429
0.002070
-0.243549
0.022723
0.059285
-0.031686
-0.132236
0.114468
0.132414
0.010998
-0.131913
-0.020162
-0.082033
-0.083879
-0.060806
0.112062
0.120756
0.015167
0.093589
-0.063721
0.291341
-0.119759
-0.020067
-0.059725
-0.068998
-0.213779
0.156752
-0.181535
-0.001598
-0.003291
-0.047133
0.017911
0.077684
0.016311
0.026113
-0.132302
-0.125595
0.065865
-0.225597
0.090136
0.028387
-0.003890
-0.105775
0.104194
0.050828
0.035572
0.172504
-0.249083
-0.123447
0.069430
-0.041746
0.108675
0.188791
0.029405
-0.074939
-0.308447
-0.191118
-0.041540
0.093351
0.010038
0.004925
0.025844
0.097939
-0.145449
0.166473
-0.087398
0.126714
-0.026620
0.182110
0.224614
0.162246
0.069278
-0.133385
-0.177452
-0.134384
-0.116589
-0.067873
-0.025190
0.041571
-0.078390
0.079871
0.177497
-0.101988
-0.125172
-0.076333
0.127830
-0.077059
0.087464
0.127797
-0.012683
0.030108
0.005236
0.041293
0.091730
-0.019597
0.025224
-0.064905
0.016330
-0.013779
0.091837
0.185152
0.150352
0.016304
-0.062522
-0.228456
-0.080123
-0.019296
-0.302202
-0.074034
-0.069534
0.099294
0.321704
-0.013354
-0.265398
0.202898
0.254823
-0.074209
-0.286559
-0.211680
0.019630
-0.236880
-0.201870
0.293361
0.095697
0.241470
-0.028054
-0.329377
-0.079678
-0.073046
-0.240684
0.519873
-0.231616
-0.136753
-0.175957
-0.189963
0.201929
-0.133438
0.181485
-0.278630
-0.469195
0.306695
-0.115823
0.497173
0.194918
-0.180068
-0.053516
-0.094763
-0.137637
0.189820
-0.001486
-0.041929
-0.063027
-0.111772
-0.167120
0.222243
0.053922
0.336946
0.343333
-0.118046
0.091578
-0.102931
0.141887
-0.005654
0.097551
0.137070
-0.092665
0.374678
-0.231730
-0.042483
0.049470
-0.485185
-0.017517
-0.111298
0.190109
-0.069777
-0.263966
-0.522883
-0.334706
-0.192241
0.012253
-0.141626
0.021747
-0.208877
0.198295
-0.251006
-0.114330
-0.206956
-0.240535
0.149393
0.012175
0.457692
-0.210766
0.078359
0.225895
-0.024062
0.392410
-0.249499
-0.086378
-0.220924
-0.101780
-0.098035
0.438883
-0.132306
0.019341
0.374616
0.126036
-0.101617
-0.306081
-0.055844
0.077874
-0.053246
0.098327
0.083202
-0.213446
-0.201435
0.073716
-0.385604
0.039339
0.279402
-0.191890
0.021760
-0.041074
-0.036174
-0.276122
-0.227789
0.397612
0.139784
-0.118890
-0.298332
0.180327
0.146196
-0.241375
0.197485
0.030130
0.226647
-0.196553
-0.134874
-0.069053
0.095371
0.334352
0.112045
-0.063620
0.138734
-0.106297
-0.428658
0.060049
-0.047945
0.123557
-0.162924
0.111827
0.207053
0.260705
0.011263
0.005475
-0.185548
-0.110362
0.032465
0.182601
-0.322962
-0.056983
-0.120628
-0.361127
0.242636
0.285519
-0.075418
0.027946
0.341189
0.103936
0.109692
-0.011064
-0.079121
0.110659
-0.121954
0.118900
-0.272371
0.219801
-0.034260
-0.146322
0.546878
0.076124
-0.010170
-0.428989
0.045992
0.010656
-0.035604
-0.120166
0.252229
-0.145641
0.001714
0.079214
-0.139329
0.122755
0.331415
0.251569
-0.174422
-0.081739
0.225144
0.016131
0.051768
-0.152993
0.011771
0.353146
-0.058423
-0.275565
0.194007
0.048345
0.051189
0.131051
-0.324667
-0.147921
-0.344586
-0.009376
-0.002576
-0.069493
0.034036
-0.057271
0.092385
-0.111778
0.077098
-0.215218
0.254204
0.049398
-0.023961
-0.037684
-0.382477
0.232967
-0.051351
-0.030348
-0.171477
-0.144221
0.072817
0.181311
-0.088719
0.175656
-0.002650
0.005841
0.022286
-0.039343
0.252120
0.485364
0.097041
0.003287
0.078267
0.273886
0.034733
0.061639
0.343844
0.246687
-0.154498
-0.122424
-0.226442
0.106187
-0.199538
0.051619
0.204144
0.058816
-0.176732
-0.355657
0.174408
-0.001085
-0.077396
-0.470849
0.309957
0.154337
0.048509
-0.350441
-0.117758
-0.249382
0.271414
-0.061529
0.069427
-0.261140
0.331092
-0.550690
0.443971
-0.261478
-0.348695
-0.304957
0.345024
-0.114388
-0.157721
0.047105
0.353435
0.102583
-0.076838
-0.238423
0.229548
-0.356062
0.429540
0.246805
-0.135018
0.092476
-0.112180
-0.068031
0.200017
0.016867
-0.091312
-0.063771
0.126938
-0.012021
0.034868
-0.336310
0.076975
0.052069
-0.054141
-0.285048
-0.240890
0.287548
-0.061218
-0.462863
-0.084028
0.022735
-0.328123
-0.449563
0.245346
0.291217
-0.168434
-0.230869
0.023941
0.124986
-0.203555
-0.528435
0.083184
0.335479
-0.390690
-0.133346
-0.174867
-0.097095
-0.248996
-0.083601
0.033125
0.110095
-0.081841
-0.222197
0.127004
-0.011300
-0.086233
0.080646
-0.060133
0.166535
0.127315
-0.415190
-0.302115
-0.097841
0.042652
0.036334
0.523556
0.141745
0.239803
-0.198513
-0.342446
0.029396
0.306078
0.015741
0.268789
-0.235135
-0.088803
0.089714
0.012428
-0.031535
-0.056286
-0.258627
-0.148517
0.351306
0.116230
0.040658
0.040535
-0.171409
-0.166986
-0.247072
-0.050803
-0.080929
-0.315955
-0.584470
-0.201771
0.135553
-0.187193
0.190890
0.112877
0.259509
-0.009501
-0.038420
-0.195105
-0.120055
0.206301
-0.100559
-0.206716
-0.109874
-0.382135
-0.292902
0.090863
-0.129166
0.110217
0.084545
-0.133196
0.167793
0.330853
0.159308
-0.119490
-0.371235
-0.256360
-0.140192
0.011391
0.115536
-0.152619
-0.243247
0.098427
0.204514
0.186520
0.069458
0.063751
-0.448922
0.147507
0.289461
-0.018117
0.089137
-0.319570
0.115040
0.526496
0.064634
-0.027823
0.578090
-0.337612
0.134305
0.120986
0.050810
-0.005305
0.020239
-0.334869
0.051189
-0.050318
0.100276
-0.362963
-0.188305
0.016375
0.151935
0.168897
-0.027495
0.058957
-0.184350
0.065707
-0.116841
0.418911
-0.056406
-0.083823
0.279746
-0.248569
0.037791
-0.185650
-0.106805
0.028683
0.155136
-0.286455
-0.107136
0.089469
0.232677
-0.092473
0.310030
0.080608
-0.051893
-0.171650
-0.162460
-0.105021
-0.110805
-0.004238
-0.454344
0.244683
-0.229200
-0.279296
-0.063975
-0.002940
-0.196613
-0.082535
0.239136
0.055769
-0.246924
0.083879
-0.119671
-0.368512
-0.052999
0.080432
0.028564
0.038802
-0.080636
0.066175
-0.132762
0.183377
0.140402
-0.125689
0.440769
-0.206912
0.156773
0.197582
-0.190959
-0.546778
0.390707
-0.034511
-0.207159
0.238969
-0.190181
0.041813
0.201307
0.165671
-0.059094
0.202303
0.032067
-0.050072
-0.269904
0.099450
-0.323948
-0.374654
0.180775
0.113008
-0.129511
0.001241
0.483087
0.005637
-0.201203
-0.224172
-0.214626
0.115556
-0.436448
-0.040664
-0.276461
-0.233077
0.368976
0.062403
0.122768
0.058793
0.148637
0.079037
0.188612
0.041703
-0.053633
0.153101
0.327624
0.007707
-0.254808
-0.113692
0.290478
-0.090844
-0.047403
-0.061519
-0.229073
-0.045656
-0.226827
-0.137401
0.139410
0.119064
0.088163
0.116652
0.477077
0.241410
-0.106305
-0.033312
-0.042750
-0.459830
0.014355
-0.135890
-0.005073
-0.241032
-0.002749
-0.371437
0.077875
-0.184622
0.198267
0.013347
-0.092118
0.025305
0.068560
0.093734
-0.119944
-0.218079
-0.012559
-0.105726
-0.244714
0.108794
0.121270
0.066809
-0.004352
-0.084855
-0.045239
-0.073414
-0.426256
0.060206
0.546156
0.108191
-0.539031
0.509786
0.324704
-0.112633
-0.184935
-0.234342
-0.036786
-0.037823
0.143248
-0.153784
0.003213
0.297591
-0.365229
0.053095
0.223598
-0.038751
-0.188601
0.273586
0.291431
0.009399
0.183468
-0.195774
0.315854
-0.167736
0.110299
0.268215
-0.026068
0.243732
-0.059184
0.388616
0.103173
0.099402
-0.035960
-0.285974
0.446818
0.103122
-0.041365
-0.156165
0.573270
-0.196278
0.001347
0.222812
0.045082
0.098487
0.153505
-0.178647
0.191938
0.084927
-0.155780
-0.054416
0.003731
0.258130
-0.053136
-0.025909
0.109763
-0.066231
-0.125696
-0.049249
-0.019386
-0.067181
0.013951
0.329843
0.001809
-0.147932
-0.299436
-0.067919
-0.056460
-0.243990
-0.158502
-0.006513
-0.260996
-0.221604
-0.089577
0.027950
0.119995
0.018596
-0.227218
-0.019789
0.098998
0.091888
-0.092437
0.186934
-0.305159
-0.105030
-0.000823
0.021775
-0.169534
0.370032
-0.239374
0.018961
-0.231766
-0.034270
0.121463
-0.040988
0.172391
0.309178
-0.167755
-0.010123
-0.131084
-0.297993
0.070671
0.110711
-0.188972
-0.055320
-0.214754
0.291196
-0.013872
0.109699
0.287479
0.122248
-0.027016
0.119741
-0.100036
0.465417
0.202811
-0.010311
-0.045797
0.009261
-0.370363
0.064889
0.056755
-0.409752
0.282743
-0.030611
-0.019603
0.242182
-0.168389
-0.147200
0.240062
-0.067423
-0.043507
-0.046812
-0.197790
-0.182713
0.007175
-0.238157
-0.290353
-0.158882
-0.055325
-0.007124
0.030238
0.188409
-0.192046
-0.167864
0.003668
-0.102192
-0.019622
0.183435
-0.055041
0.026876
-0.306720
0.162991
-0.113211
-0.031581
0.065858
-0.200161
0.073520
-0.246518
-0.252323
0.208368
-0.011595
-0.098910
-0.201202
0.511191
-0.028872
-0.033810
0.198323
0.010953
0.167063
-0.344979
-0.043604
0.300980
-0.100232
0.217567
-0.066203
0.141929
-0.112912
0.224378
-0.441886
-0.111522
0.029074
0.185577
-0.142192
0.100126
0.055429
-0.133646
-0.262852
0.055501
-0.050680
-0.373382
-0.141570
-0.078165
0.050491
-0.043722
-0.050827
-0.134145
0.195418
0.013459
-0.088302
-0.143372
0.116574
0.010614
0.081032
-0.024780
0.058442
-0.149638
-0.245995
-0.315036
-0.183039
-0.036103
0.081726
-0.117742
0.067733
-0.115028
-0.101418
0.187334
0.159595
-0.234104
0.252344
0.164291
-0.494934
-0.007629
0.155735
-0.264157
-0.180904
-0.126057
-0.075344
0.082944
0.352085
-0.147076
-0.041631
-0.160122
0.055936
0.020984
-0.151313
-0.040410
-0.200242
-0.218415
-0.083617
0.013672
0.126667
0.025557
-0.100610
0.025630
-0.018583
-0.045693
-0.295891
0.059688
-0.022802
0.201157
-0.068879
0.273518
0.079964
-0.272409
-0.084376
0.457896
-0.238451
0.161300
0.100107
0.050412
0.147581
-0.058298
-0.013188
-0.220744
0.084623
-0.051330
0.344015
-0.102200
0.025630
-0.024515
-0.210621
-0.123400
0.112322
0.239419
-0.306335
-0.245034
0.078759
-0.123163
0.470555
0.014386
-0.182483
-0.187826
-0.022157
0.315727
0.091027
0.145102
0.084787
-0.192278
0.123883
0.035787
0.201393
0.087523
0.205210
-0.096198
-0.139848
0.104234
0.043933
-0.017958
0.213500
0.173290
0.167782
0.042324
-0.169338
-0.415857
0.153654
-0.160194
-0.156059
0.024047
-0.145811
-0.209279
-0.040599
0.164008
0.142773
0.040632
0.220360
0.195447
0.076806
0.272542
-0.099878
0.003918
0.163960
0.468069
0.011239
-0.156303
0.009781
0.384486
0.218055
-0.503582
-0.370846
-0.146646
0.021124
0.088160
0.402740
-0.177658
0.147138
-0.238350
0.372672
0.035388
-0.061721
0.199906
-0.247586
-0.123898
-0.237738
-0.162964
0.091782
0.331026
-0.014763
-0.280690
0.023376
0.286193
0.151596
-0.030489
-0.358097
0.162991
0.118378
-0.161192
-0.160927
-0.419607
-0.279391
0.020964
-0.180183
-0.413117
-0.048667
-0.203809
-0.028161
0.022199
0.321803
0.015405
0.027389
0.031820
-0.306633
-0.044075
-0.178737
0.095093
0.368638
0.084160
-0.453773
0.062198
-0.175325
-0.035118
0.095659
-0.217400
0.475746
0.171600
-0.182521
0.307331
0.259547
-0.147766
0.038414
0.109325
-0.069940
-0.060458
-0.214268
-0.195315
0.142686
0.343679
-0.075792
0.422819
0.169959
0.162706
-0.134382
0.184798
0.184225
0.384374
0.109024
0.156174
0.271543
0.056740
-0.215386
-0.119676
-0.369293
0.331488
-0.208091
-0.006855
0.575710
0.150428
0.016310
-0.075061
0.036844
-0.352462
0.200994
0.005087
-0.207759
0.090550
-0.248813
0.132389
0.285256
0.188175
-0.199355
0.412071
-0.038009
-0.351470
0.433917
-0.133585
-0.062794
0.023474
0.065176
0.036716
0.233872
-0.006347
0.420524
0.131774
0.042805
0.058851
0.122633
-0.362878
-0.279775
0.185746
0.063472
-0.068228
0.011962
0.352674
0.417372
0.073178
-0.046531
-0.005574
-0.046195
-0.097211
0.085554
-0.045082
0.327394
0.107172
0.344464
-0.175762
-0.068569
0.129811
0.207489
0.014675
0.202950
-0.073346
-0.496720
0.044425
-0.098661
0.055659
0.352666
-0.026199
0.017877
-0.090267
0.214403
-0.394529
0.191835
0.084896
0.023398
-0.585521
-0.433746
0.027015
-0.200537
-0.356088
0.031211
0.314726
0.606957
0.098813
0.015007
0.280864
-0.106474
0.209111
-0.138432
-0.088282
0.152202
0.094506
0.073340
-0.014479
0.323954
-0.133745
0.120268
0.065167
-0.150728
0.220457
-0.113457
0.031663
0.094743
-0.139383
-0.029120
0.237768
0.101208
0.174304
0.026883
-0.142240
-0.099527
0.631493
-0.120913
0.143798
0.212666
0.263159
0.253069
0.559061
-0.212913
0.367376
0.226631
0.066973
0.135850
-0.147279
0.122415
-0.017915
0.248759
0.093851
-0.048955
-0.103103
-0.141781
-0.009924
-0.269211
-0.083930
0.116477
0.153661
-0.039321
-0.226023
0.098949
0.021828
-0.093404
-0.033613
0.050795
-0.230173
0.170547
0.254009
-0.205551
0.152282
0.094067
-0.057534
-0.258648
0.101873
0.054679
-0.102282
-0.205618
-0.204926
0.205017
0.022062
0.267019
-0.053298
-0.066471
-0.006095
0.000322
-0.156342
-0.074666
0.002386
0.002757
-0.127310
0.159382
0.001802
0.456414
-0.111804
-0.049514
-0.040069
0.104183
-0.032207
0.036148
-0.144015
-0.042405
-0.129082
-0.081414
0.220663
-0.157782
-0.121513
-0.282372
-0.089705
0.157647
0.046173
-0.092800
-0.073313
0.076582
0.144562
0.059137
-0.179608
-0.187880
-0.207024
0.188914
0.117686
-0.174206
-0.117228
0.339062
-0.112213
0.038653
0.011525
0.148778
-0.169181
-0.084554
0.184305
-0.025630
0.026306
0.050210
0.265755
0.073655
-0.112417
-0.104605
0.073208
0.047800
0.343735
-0.152738
0.017028
0.170498
0.192162
0.019232
-0.202650
-0.021096
0.102421
0.172057
-0.329074
0.147930
-0.015665
0.021573
-0.019640
0.011092
0.395234
-0.119770
-0.224797
0.074685
0.019483
-0.038049
-0.262532
-0.220620
0.019935
0.009305
0.046160
0.110961
0.215196
-0.238153
-0.056443
-0.065653
0.092116
-0.094559
-0.151848
0.067167
-0.124234
0.058801
0.153764
0.115760
0.237649
-0.251726
0.166348
-0.043921
0.019101
-0.049675
0.015944
0.142513
-0.112469
-0.277048
0.089949
-0.169390
0.077344
0.083967
-0.103486
0.077730
0.174325
-0.013297
0.098691
-0.249418
0.165831
-0.019867
0.019914
-0.006591
-0.161596
-0.080794
0.083348
0.093976
0.062718
0.408112
-0.002595
0.006304
0.098369
0.096638
0.082802
0.121328
-0.320490
0.233438
-0.078103
-0.197400
0.131249
0.026268
0.025639
0.236148
-0.070325
0.107680
0.335697
-0.273009
-0.227089
-0.034207
-0.016761
0.071770
0.158569
0.052077
-0.144903
0.015365
0.195559
0.029736
-0.008343
0.313375
0.148017
-0.156091
-0.009916
-0.170009
-0.020588
-0.092630
-0.005584
0.116713
-0.010695
0.057874
-0.123782
0.266335
-0.063107
-0.180903
-0.204111
0.275337
0.045804
0.051770
-0.153861
-0.086613
0.051947
0.130987
0.009783
-0.089775
-0.158979
-0.121095
0.239862
-0.008099
0.133566
0.021795
0.193979
0.424887
-0.221351
0.072149
0.092267
0.030782
-0.017417
0.125328
-0.239039
0.340644
0.311632
0.011346
-0.101365
-0.052714
0.001735
0.008911
-0.000039
-0.149321
0.169938
-0.093300
0.073100
0.167626
-0.057152
-0.189632
-0.010798
0.085669
0.263706
0.213777
0.060863
0.184851
-0.090440
-0.193694
0.050779
-0.355457
0.178530
0.002024
0.101565
0.006714
0.225012
-0.036062
-0.105879
-0.155222
0.138427
0.097642
0.145978
0.286445
0.130241
-0.089204
-0.157260
-0.554571
-0.138643
-0.163394
-0.080114
-0.258219
-0.050191
-0.235822
0.242907
-0.246052
0.275091
0.281286
0.049049
0.013726
-0.082497
0.289777
-0.096761
0.045131
0.058254
-0.334711
0.274720
0.274461
-0.256174
-0.288668
-0.502539
-0.235913
-0.169073
-0.348519
-0.308663
0.003409
0.093013
0.139614
0.006115
-0.165998
0.022640
0.031987
-0.151677
-0.073430
0.165848
-0.217623
-0.221397
-0.070774
-0.099333
0.177625
-0.321952
0.114252
0.002540
-0.033127
-0.568169
-0.259467
-0.012061
0.342726
-0.135228
-0.127095
-0.235419
0.136952
0.249178
0.018629
-0.206231
0.162851
-0.019299
-0.222961
-0.110898
-0.086917
0.276028
-0.270454
-0.003716
-0.346914
-0.221002
0.140759
-0.290129
-0.068867
-0.284744
-0.090365
-0.008763
0.387325
-0.180652
0.157652
-0.402709
-0.000815
-0.146327
-0.036746
-0.278603
-0.162712
-0.238419
0.024542
-0.042664
-0.456532
-0.001676
0.105618
-0.041040
-0.274182
0.172879
-0.309163
0.040255
-0.170201
0.277950
-0.126750
-0.031795
-0.003503
-0.093079
0.024778
0.266287
0.171775
-0.161814
0.154716
-0.215600
0.147221
-0.060610
0.084493
0.010882
-0.346264
-0.045094
-0.060582
-0.268126
-0.030401
-0.453583
-0.259654
0.129038
-0.154283
-0.002377
0.073509
0.112621
0.228663
0.074643
0.027347
-0.227464
0.028798
0.002614
0.146206
-0.033796
0.237699
0.042984
0.192866
-0.036721
-0.229285
-0.215839
0.093876
-0.078849
0.071989
0.181033
0.088305
-0.248149
0.072233
0.029270
0.191874
-0.200735
0.149375
0.096846
-0.140542
-0.084040
-0.041702
-0.352400
-0.179950
-0.003347
-0.232668
0.363296
-0.217013
0.294878
0.283021
-0.254046
0.162629
-0.063902
0.193645
0.328076
-0.349852
-0.076654
-0.157801
0.009866
0.036972
-0.047615
-0.047803
0.037765
-0.127993
-0.402220
-0.153965
0.108708
0.085952
-0.048564
-0.061952
0.348730
0.243971
-0.225388
0.079836
0.142078
-0.265695
-0.264721
0.069748
-0.101847
0.346183
-0.029124
0.141311
-0.190558
-0.106866
0.070540
0.484389
-0.170583
-0.049899
0.161135
-0.032711
-0.034978
0.269894
0.157963
-0.079537
-0.051830
-0.241365
0.001597
0.149193
0.263404
-0.116266
-0.193709
0.122484
0.206895
-0.058134
-0.255228
0.359376
0.178845
-0.037121
0.337381
-0.155533
-0.308655
-0.156512
-0.250164
-0.171985
0.343502
-0.045112
-0.447633
-0.127143
-0.095144
0.153433
-0.064643
-0.173343
-0.219634
0.135373
0.143899
-0.199887
0.085898
-0.152019
-0.052412
0.218216
-0.059320
0.228374
-0.285906
0.219882
-0.223093
-0.069520
0.214950
0.221931
-0.259238
0.074654
-0.077424
0.146147
-0.078742
-0.172193
-0.523013
-0.080202
-0.062414
-0.107874
-0.309748
-0.110019
-0.071552
-0.074813
0.401264
0.136537
-0.124784
0.012660
0.124982
0.128913
0.238445
-0.024206
-0.031397
-0.109154
-0.255725
-0.331087
0.088283
0.359124
0.244038
-0.184720
-0.176265
-0.094967
0.449977
0.154987
0.002559
0.257378
-0.053214
0.148424
-0.090973
0.049032
-0.008561
-0.320166
-0.249079
0.402120
-0.167825
0.049938
0.365441
-0.105028
-0.044482
-0.089590
-0.073802
0.184109
0.171142
-0.152194
-0.498749
0.380744
0.024663
0.012121
0.244804
-0.352802
0.011732
0.069254
0.406440
0.161262
0.128260
0.355913
-0.316255
-0.018714
0.008926
-0.328346
0.065487
0.168322
-0.045799
-0.080602
-0.337471
-0.085316
0.278605
0.010538
0.288101
0.094637
-0.166089
-0.005092
-0.045779
-0.400781
0.379558
-0.008899
-0.073727
-0.102035
0.082912
-0.170524
0.110335
0.058950
0.045383
0.002255
0.126375
-0.223363
0.125892
-0.002219
-0.122201
-0.169228
0.070958
0.436507
-0.246168
0.072992
-0.016133
-0.068742
-0.283930
0.112487
0.186515
0.142579
0.169015
0.214155
0.236634
0.032263
0.157318
-0.071181
-0.051783
-0.119837
-0.133718
-0.005828
0.262687
-0.020253
0.086952
0.064737
-0.096077
0.295280
-0.009476
-0.120717
-0.041251
-0.229038
-0.068021
-0.011055
-0.156268
-0.432127
0.113655
0.121186
0.029702
0.055542
-0.338685
-0.403277
0.343499
0.013431
0.049880
0.353533
0.307761
0.261425
0.219819
-0.555719
0.474477
-0.423062
-0.101514
0.105705
0.140462
0.228689
0.223260
-0.394096
0.204483
0.033025
-0.145512
-0.054875
0.069183
-0.066833
0.107634
-0.208710
0.075743
-0.067061
0.002672
-0.202358
-0.038443
0.234191
-0.059775
0.270424
0.248203
0.235818
0.448335
-0.310292
0.204766
0.545090
0.051475
0.064928
0.156117
0.108796
-0.165811
-0.078404
0.064027
0.186823
-0.149459
0.151129
-0.485276
0.298875
0.196939
0.400419
0.070644
0.237999
-0.327974
-0.037047
-0.341547
0.082989
-0.198457
0.280091
-0.099588
0.010337
-0.023343
0.093316
0.056073
0.085450
0.376590
0.253709
0.065013
-0.233071
-0.172496
-0.179003
0.395081
-0.027827
-0.161605
-0.268228
-0.033534
0.007637
0.116846
0.215012
-0.269054
-0.166900
-0.275499
-0.061199
-0.173465
-0.361603
-0.260970
0.202183
-0.166665
-0.079390
0.472551
-0.015812
-0.345750
0.056234
-0.119359
-0.017016
-0.022538
0.169876
0.280262
0.018704
0.216638
-0.004442
0.007427
0.076735
0.106914
-0.163720
0.200461
-0.033808
-0.219688
0.169020
-0.240301
-0.025935
0.412106
-0.291640
-0.187594
0.058204
-0.108860
-0.120649
0.282487
0.102478
0.224662
-0.252592
0.054974
-0.105140
-0.016265
-0.376283
0.472516
-0.101892
0.019487
0.292359
0.264555
0.207335
0.195873
-0.167264
-0.072494
-0.178683
-0.101574
-0.006856
-0.154983
-0.217082
0.036671
-0.218662
0.050650
-0.037638
-0.105869
-0.124573
0.258796
0.093038
-0.061998
-0.048789
0.062785
-0.033614
-0.049284
0.098661
-0.280892
0.049460
-0.088185
0.040156
-0.095086
0.339822
0.118393
0.102205
0.133904
-0.302553
-0.004961
-0.007351
-0.203051
0.090621
-0.014447
-0.138004
-0.168600
-0.138693
-0.089129
-0.025713
0.012213
0.100032
-0.281728
-0.046026
0.011238
0.081492
-0.008944
-0.156590
-0.170866
0.226682
0.085633
0.180852
-0.097019
-0.153302
0.115159
-0.062938
0.290043
0.006387
-0.075796
-0.086409
0.178891
-0.073307
0.077665
0.039275
-0.273120
0.009662
0.234774
0.114805
0.067893
0.038703
0.048138
0.251434
-0.102194
-0.020438
0.056242
0.087836
-0.193261
-0.033230
0.122902
0.043534
-0.044248
0.152700
0.016498
0.049173
0.159262
-0.075865
0.209595
-0.043186
-0.036801
0.003488
0.007450
-0.023081
-0.090048
-0.156891
0.193526
-0.175926
-0.134759
0.117058
-0.005968
-0.153567
0.229700
-0.011618
0.198310
0.019412
0.005129
-0.138455
-0.174371
-0.188107
-0.042078
-0.070024
0.088974
-0.159462
-0.166285
0.151147
0.311255
0.088441
0.086533
-0.101221
-0.004048
-0.083140
-0.194966
0.263675
0.294782
0.097843
0.080023
0.068481
0.344179
-0.083420
-0.111444
0.037556
0.061657
0.041503
0.104620
0.193495
0.029695
0.066809
0.109634
0.092490
0.019988
0.031802
0.192104
-0.182002
0.128122
0.186732
-0.062205
0.446268
0.040825
0.163000
0.106123
-0.024269
0.259922
0.145840
0.229097
0.210929
0.105607
0.044811
0.007788
0.326024
-0.059876
0.334575
0.215774
-0.185121
-0.390920
0.275693
-0.052655
-0.006135
-0.244946
-0.081237
-0.226712
-0.036183
-0.228548
-0.172156
0.185288
0.257826
-0.089115
-0.379296
0.130600
-0.164242
-0.215694
0.513815
0.050887
-0.108497
-0.004176
0.256757
0.004338
-0.376985
0.183595
0.280963
-0.100195
-0.064495
0.069575
-0.088587
0.028460
-0.170862
0.238774
0.188053
0.091506
0.088512
0.220173
0.275847
0.040286
0.091965
-0.006588
-0.306916
-0.086851
0.168242
0.151803
0.253381
0.004369
-0.303447
0.180618
0.134468
0.018240
0.333164
-0.086099
-0.209143
0.048820
0.058572
0.262600
0.190695
0.297715
0.149573
-0.003829
0.159255
0.060595
0.144065
-0.103600
-0.026774
-0.188120
-0.012937
-0.107363
-0.109206
0.000310
0.172704
-0.237079
-0.032115
0.072232
0.036034
0.307367
-0.034590
-0.035844
0.061644
0.229229
-0.067760
0.074263
0.052128
-0.290867
0.020169
-0.161769
-0.060437
-0.190108
0.070152
0.051399
-0.198174
0.281937
0.100508
0.030396
0.265358
-0.300672
-0.085890
-0.269240
0.120135
-0.187288
0.041948
0.103902
0.223458
0.026978
-0.003695
-0.009864
-0.193311
-0.251422
-0.091387
-0.214057
0.349268
-0.282531
0.090291
-0.351858
0.021997
-0.337032
-0.340036
0.247555
-0.577122
0.052281
0.166054
0.048746
-0.028906
-0.220083
-0.199761
-0.395328
-0.170028
0.309645
0.022441
0.297134
-0.328126
-0.072542
-0.075122
0.014867
0.196655
0.027716
0.106278
-0.071557
-0.221208
0.017283
-0.082318
0.096217
0.049112
0.356876
-0.115040
0.131869
-0.026033
0.057185
-0.253622
0.125157
0.096310
-0.425457
0.559152
-0.138785
-0.161298
-0.183688
-0.081619
-0.178992
0.502881
0.037118
0.185564
0.203490
-0.264494
-0.263287
-0.138566
0.450508
-0.048238
0.580653
0.001825
0.465189
-0.170339
0.290253
0.235165
0.103692
-0.633417
0.073831
-0.028762
-0.651412
-0.174166
0.201311
0.070745
0.311388
0.345775
0.022526
-0.418009
0.172555
-0.320415
-0.638119
0.188288
0.004793
0.293799
-0.134381
0.180257
-0.388779
0.251061
-0.033728
-0.151669
-0.010123
-0.250637
0.484656
0.134450
-0.028926
0.139591
0.052199
-0.106691
0.056891
-0.386988
-0.293671
0.104718
0.164013
0.121240
-0.024748
0.148633
0.647157
0.279170
0.101154
-0.379342
-0.270111
0.047535
-0.089405
0.306051
-0.017685
-0.012559
-0.116234
0.011846
0.063844
-0.210370
0.159475
0.184812
0.013560
-0.193991
0.111418
0.036067
-0.108107
-0.192328
-0.088580
-0.005416
-0.103016
0.164642
-0.055263
0.105726
0.017836
0.041772
-0.195825
-0.093491
0.042561
-0.130925
-0.086885
-0.057532
-0.078451
-0.128925
0.105715
-0.134916
0.023822
0.069129
0.149793
-0.058841
-0.117806
0.019407
0.245129
-0.059287
0.192297
-0.006525
-0.130855
0.159531
0.045154
-0.121960
-0.147749
-0.187288
-0.189130
0.078505
0.110805
-0.030318
-0.034346
0.040767
0.034139
0.001166
-0.068646
-0.071874
0.294147
0.157545
-0.277162
0.105979
-0.097266
0.148917
-0.122301
0.114954
-0.056246
0.122780
0.092083
0.061895
0.030702
-0.179369
0.200121
-0.196686
0.018052
-0.118733
-0.018152
0.027896
0.069596
-0.032081
-0.021140
0.071259
-0.004583
0.208010
-0.001986
-0.043269
-0.142624
0.031196
0.194515
-0.094011
-0.068623
0.056126
-0.068861
-0.053419
-0.072146
0.183971
-0.076683
-0.182549
0.065394
0.004442
0.107165
-0.087279
0.038181
-0.025557
0.002975
0.017453
0.106453
-0.185633
0.157127
0.054521
-0.094898
0.001619
0.054757
-0.053114
-0.006165
-0.021565
0.081108
0.187207
0.110983
-0.186938
0.013085
-0.140082
-0.109275
-0.103014
-0.101414
-0.099719
0.005247
0.000602
-0.006168
-0.041664
0.143331
-0.126599
-0.004147
0.168155
-0.035517
-0.240003
0.171503
-0.009980
-0.142558
-0.009223
-0.389232
0.354934
0.061898
-0.248362
-0.379805
0.023013
-0.165252
-0.072949
0.126501
-0.106810
-0.139066
0.013983
-0.035309
-0.134390
0.177696
0.549694
-0.043724
0.412487
0.459537
-0.136855
-0.018136
-0.154989
0.126901
0.331929
0.068007
-0.083457
-0.015857
-0.318202
0.169177
-0.029549
0.397009
-0.048851
-0.175002
-0.269203
-0.004358
-0.285939
-0.192571
-0.293118
0.607299
-0.186277
0.083886
0.132511
-0.166081
0.325278
-0.232028
0.085469
-0.162854
0.354414
-0.202296
0.003516
0.060448
-0.350119
0.069406
0.137323
-0.197929
0.326147
0.351355
0.147442
0.270491
0.026340
-0.478841
-0.549566
0.215859
-0.247234
-0.039403
0.193522
-0.105257
0.103681
0.233963
0.085112
-0.052480
-0.661939
-0.032567
0.218833
-0.277582
-0.037377
0.119712
-0.280093
-0.507637
-0.504866
-0.053321
0.019446
-0.378935
-0.222017
-0.041226
0.250711
0.097345
-0.237322
0.232795
0.037331
0.185261
-0.199362
-0.462975
-0.105637
-0.442727
-0.076866
0.419918
0.016033
0.021088
0.158946
0.352017
-0.269082
-0.122953
-0.246821
-0.076299
-0.103460
0.107595
-0.157084
-0.023616
-0.236509
0.180342
0.328894
-0.032720
-0.415030
-0.043270
0.363557
-0.017867
0.065737
-0.053196
-0.181596
-0.016582
0.354234
0.170281
0.125063
0.271362
-0.005202
0.266007
0.322811
0.040394
0.178281
-0.009464
-0.120968
-0.058414
-0.284179
0.034357
-0.158205
0.161235
0.151603
0.195465
-0.327763
0.115264
0.188991
-0.099924
0.211105
0.218672
-0.039577
-0.167595
-0.046146
0.083547
-0.247257
-0.026612
0.267331
0.088659
0.300368
-0.183511
-0.015705
-0.083055
0.519980
-0.010264
-0.247596
-0.054674
-0.217178
-0.172931
-0.062408
0.337277
-0.253444
-0.190547
0.075223
-0.014469
-0.073682
0.395058
0.447430
0.368378
0.041382
-0.283490
-0.028373
-0.252403
-0.186917
-0.128213
-0.570294
0.136389
0.240504
-0.121442
-0.077481
0.180432
-0.177364
0.058675
-0.197780
-0.463997
-0.132397
0.074604
0.141586
0.088131
0.093845
-0.106840
0.016681
-0.168674
-0.420828
0.128354
0.081715
0.139700
0.248572
0.079476
-0.098833
-0.005973
-0.328117
-0.141680
0.015525
0.121318
0.069235
-0.337857
0.136476
0.195578
0.405633
0.030833
-0.180340
-0.036774
0.250304
-0.040316
0.138074
-0.068186
0.271476
0.007296
0.129699
-0.087181
-0.218578
0.067241
0.117027
-0.108401
-0.138272
0.121635
-0.250044
-0.028796
-0.076833
0.291541
0.344390
-0.094304
-0.160774
0.252473
0.137845
0.207785
-0.193837
0.256499
0.091407
0.072122
-0.065168
-0.195572
-0.277415
-0.266676
-0.196527
0.162692
0.167269
0.030065
0.014934
0.170059
-0.024660
0.041893
-0.228275
-0.056470
-0.225397
-0.081021
-0.052635
0.103640
-0.121212
-0.226584
-0.088200
-0.005677
-0.088899
-0.049906
-0.141559
-0.194182
0.304365
-0.241228
0.121428
-0.249373
0.137541
0.243963
-0.007976
0.019586
-0.052276
-0.312965
-0.135920
0.014931
0.215421
0.146387
-0.109813
0.307755
0.161097
-0.079668
-0.041389
-0.119609
-0.001286
-0.181272
-0.355894
-0.099543
-0.031041
0.050965
0.213457
0.221486
-0.396207
-0.086276
-0.105515
0.039764
0.277307
0.280160
0.139308
0.057843
-0.284683
-0.074321
-0.049519
-0.085731
-0.063773
-0.214152
0.271005
0.000071
-0.117522
0.319633
-0.358195
-0.223393
0.090791
0.014614
0.041613
0.103588
-0.080283
0.182776
0.180440
-0.009927
-0.212799
-0.119604
0.107859
0.060958
-0.013172
-0.051157
-0.017986
0.141012
-0.008712
0.010436
0.188280
-0.067154
0.090027
0.177321
0.075862
-0.005058
-0.009020
-0.062104
-0.060440
-0.029522
-0.054949
-0.093555
0.115204
0.044283
0.027836
0.171440
-0.231772
-0.109450
0.176728
-0.108020
0.312148
-0.082173
-0.258349
0.031586
0.100575
0.357854
0.113734
-0.089221
-0.121098
0.128000
-0.013230
0.100886
0.037423
0.089710
-0.040104
0.001500
0.071844
-0.048678
-0.143315
-0.052299
-0.115302
0.002024
-0.192930
0.041171
0.082297
0.062409
0.166548
0.008516
-0.333070
0.435489
-0.190921
-0.141387
0.044924
0.245265
0.344323
0.001624
-0.169647
-0.285119
-0.297066
-0.308591
0.169711
0.487714
-0.014756
-0.097700
-0.448459
-0.054077
-0.007584
-0.042946
0.175187
-0.106306
-0.352138
0.067427
-0.330800
-0.006160
-0.189171
-0.535817
0.183531
-0.346490
0.415067
-0.175072
0.019699
-0.019822
0.002905
-0.020551
-0.301212
0.200887
-0.162647
-0.101556
-0.052936
-0.247676
0.793618
-0.355917
0.126611
-0.002963
0.676416
-0.280396
-0.321037
0.017515
-0.053244
-0.325480
-0.028190
0.053538
-0.173724
0.075487
-0.360193
0.260581
-0.084113
0.643172
0.031880
-0.429972
-0.494022
0.211743
-0.034136
0.019454
-0.189742
-0.184633
0.355763
-0.146151
0.333527
-0.092358
-0.045408
0.198553
0.080186
-0.169163
-0.063759
-0.181425
0.149218
-0.151851
-0.095575
0.220450
-0.137619
-0.047393
0.045020
-0.358454
-0.072591
-0.007665
0.133813
-0.225979
0.111583
-0.082333
0.088632
0.271295
0.179369
-0.334299
0.046336
0.229114
-0.407023
-0.061705
-0.170949
-0.188151
0.352882
-0.174544
-0.116005
-0.256804
-0.167050
0.237341
-0.104297
0.031523
-0.028940
-0.360146
-0.149348
-0.326835
0.571556
-0.134883
0.184801
0.140746
-0.032634
0.190401
0.395940
-0.230574
-0.377736
0.596392
0.227168
0.239500
0.170035
0.178074
-0.185289
-0.095233
0.236984
-0.029310
0.309055
0.350531
0.377488
0.196418
-0.107611
0.110073
-0.307449
-0.089703
-0.468590
0.093494
0.209450
0.293636
-0.291677
-0.287873
0.407839
0.072144
-0.283573
-0.812344
-0.210912
-0.057082
0.137020
0.337222
-0.069293
-0.097782
-0.069691
-0.102052
-0.291251
-0.420406
-0.314740
-0.111379
-0.353906
0.109861
0.266062
-0.078469
-0.124993
0.283972
0.077619
0.116847
-0.507439
0.100690
0.275947
-0.085641
0.268151
0.106859
-0.225636
0.180395
-0.141483
0.321502
-0.075457
0.034460
-0.236927
0.087103
0.066545
-0.521013
-0.194532
0.384468
-0.169175
0.129731
0.108746
0.241726
-0.089373
-0.407939
-0.077601
0.523241
-0.187006
-0.192032
0.265736
0.175778
-0.080516
-0.147136
-0.009333
-0.147182
-0.193494
0.306193
-0.077569
0.168031
-0.047798
-0.371085
-0.193022
0.432875
-0.181226
0.188936
0.179822
-0.260075
0.055338
-0.043986
0.068267
-0.248891
0.108691
0.115205
-0.082810
-0.340988
0.102524
-0.431058
0.183837
-0.239480
0.676814
-0.107495
-0.119224
0.044643
0.000797
0.335198
0.072307
0.028013
0.175326
0.335783
0.120756
0.156231
0.010454
-0.024772
0.149822
-0.159494
0.113784
-0.168297
0.147957
-0.016618
0.252367
-0.144940
-0.056091
-0.410890
0.015722
-0.173297
0.034601
0.017155
0.059967
-0.039875
-0.322347
0.060735
-0.058921
-0.327010
0.234040
0.029344
-0.229880
0.197796
0.227643
0.156520
0.436801
-0.263183
0.139581
0.156866
-0.101581
-0.127705
0.252202
-0.340817
0.094313
-0.159321
-0.045174
-0.266030
0.047963
-0.068304
-0.163765
0.077118
-0.191734
0.137464
0.160310
0.333941
0.374577
0.134017
-0.118220
-0.100960
-0.473200
0.053012
-0.166500
-0.257928
0.083996
-0.120300
0.070929
0.115015
0.035670
-0.029203
0.039531
0.192003
-0.207232
0.360665
-0.112420
-0.162347
0.221301
0.302078
-0.145392
-0.067304
-0.105717
0.060162
0.102937
-0.182682
0.162984
0.027714
-0.157881
0.058602
-0.114743
-0.119716
0.274498
-0.388672
0.094840
-0.049358
-0.095793
-0.084793
0.284668
0.053356
-0.151837
0.253311
-0.231904
-0.311548
-0.349266
0.290426
-0.038617
-0.083834
0.170144
0.195286
-0.145947
0.125450
-0.017880
0.162098
0.018439
-0.037277
-0.065364
-0.100958
0.235516
-0.058857
-0.369504
0.073099
-0.398384
0.158829
0.082309
0.034573
0.368353
-0.332168
0.243948
-0.180710
0.089669
-0.109164
0.050141
-0.063108
0.025258
0.007604
-0.097950
0.130962
0.433373
0.173452
-0.007376
-0.157188
-0.008357
0.140522
-0.328164
-0.159972
-0.429891
0.187114
0.218615
0.075298
0.189316
0.007661
0.061959
-0.003387
0.315013
0.197126
-0.030694
-0.213793
0.196855
0.002194
0.182464
0.018856
-0.304379
0.014493
0.030791
0.136791
-0.084595
0.236237
-0.137353
0.120736
-0.172165
0.088340
-0.010899
-0.036276
-0.311576
-0.256503
-0.003012
-0.173861
0.179008
0.363927
-0.056759
-0.111860
-0.277641
-0.507034
0.043485
-0.195306
0.200112
0.012032
-0.059153
-0.099529
0.218134
0.183454
-0.004645
0.068269
0.120902
-0.273696
-0.094123
0.100686
0.219180
0.240508
0.217495
-0.044880
0.426491
0.290060
0.027019
-0.029776
0.199776
0.558276
-0.148348
-0.060743
0.253425
-0.294064
0.138890
0.271102
-0.107461
0.224518
-0.048848
0.125989
-0.130219
-0.151299
-0.010771
0.024154
-0.391141
-0.076131
-0.022111
0.060447
-0.175194
0.105398
-0.044196
-0.085243
0.059333
0.067606
0.049555
0.125582
-0.174912
-0.064387
-0.150404
-0.046215
-0.163290
-0.138350
0.170725
-0.125205
0.169585
-0.163319
0.151805
-0.209197
-0.235619
0.326326
0.146689
-0.002604
0.176651
-0.341608
0.066191
-0.059207
0.102118
-0.184994
0.042603
0.237539
-0.022569
-0.409833
-0.070025
-0.008841
-0.296027
0.266263
0.037790
-0.199127
0.093159
0.015725
-0.034852
0.011851
0.128281
0.038300
-0.156716
-0.017260
-0.063919
0.241005
0.059944
-0.108455
-0.192778
-0.136294
0.175643
0.111926
0.054282
0.304493
0.030798
0.017594
0.247095
-0.002507
0.235525
0.357683
0.094372
0.103463
0.021183
0.158706
0.385010
0.185630
-0.130718
-0.328315
0.246395
0.207340
0.139797
0.142855
0.184413
0.196277
-0.092965
-0.189128
-0.210934
0.138421
-0.046537
0.175698
-0.329200
0.026485
-0.169660
-0.173308
0.234137
0.146879
0.104212
-0.007136
-0.133905
-0.204065
0.024541
0.087447
-0.062810
-0.125209
-0.080167
-0.232339
-0.008490
0.288369
-0.015524
-0.126878
-0.099542
-0.181299
0.035035
-0.167571
0.046626
0.052154
0.060991
0.178657
0.048863
0.006277
-0.031316
0.200982
0.359595
-0.015345
0.182773
0.027062
0.482480
-0.182074
0.361153
0.095443
0.274687
0.000081
0.026228
0.156079
0.146191
-0.386740
0.187662
0.058096
-0.254811
-0.085334
0.063079
-0.130835
-0.284645
0.059397
0.011688
0.091187
0.028753
0.155258
0.161133
0.213508
0.207690
-0.026166
-0.024718
-0.031876
-0.292705
-0.163848
0.061153
-0.020665
-0.156490
0.128036
0.068727
0.073359
0.235054
0.150533
-0.303980
0.209076
0.177071
-0.000841
0.233975
-0.155433
0.047423
-0.046764
0.200351
0.170878
0.200177
0.137645
-0.341257
0.352537
-0.240107
-0.276609
-0.088773
-0.068171
0.020536
0.063714
-0.008539
-0.054710
-0.080459
-0.309377
0.123443
0.124482
0.204271
-0.069207
-0.222269
-0.143138
-0.185801
0.367557
-0.216512
-0.301808
-0.167637
0.042356
0.090391
-0.201309
0.019662
0.129505
0.014436
0.019637
-0.150659
0.190259
-0.286963
0.161549
0.034438
0.024740
0.400529
-0.116103
0.055680
-0.254551
-0.157106
0.460699
0.214429
0.205890
0.131117
-0.306246
0.131130
0.433089
-0.119135
0.169947
-0.243414
0.054239
-0.065493
-0.085052
0.076266
0.136033
-0.283037
-0.136449
-0.138043
-0.186372
-0.054415
0.004566
-0.040965
0.154819
0.076864
-0.047366
0.249612
0.247888
0.187221
0.074153
-0.112038
-0.244208
0.211393
-0.048064
-0.075880
-0.089344
-0.067021
-0.073659
-0.177529
-0.390452
-0.065895
-0.050091
0.194096
-0.169696
0.040679
-0.170407
0.002606
-0.164093
-0.092295
-0.256449
-0.131213
-0.163862
0.414517
0.268410
0.009575
-0.220043
-0.080505
0.002070
0.026843
0.194760
0.125749
-0.136900
0.084119
-0.351366
0.217692
-0.132398
-0.015530
0.111140
0.179296
0.040610
0.175869
-0.077374
0.078414
0.041767
-0.041061
-0.332774
-0.136863
-0.001116
-0.017875
0.087358
0.235466
-0.141033
-0.245392
0.000842
-0.118344
-0.109157
-0.214060
-0.009985
0.203513
-0.366277
-0.275901
0.220537
0.012776
-0.123801
0.166006
-0.198440
0.015255
0.018707
-0.272187
-0.212718
0.195912
0.130851
-0.132127
0.168539
0.182807
0.357114
0.119835
-0.138143
0.001447
0.191001
-0.192168
0.200121
-0.064909
-0.083205
0.086175
-0.106619
-0.250461
0.117873
0.153347
-0.063385
-0.191599
0.188763
-0.193836
0.057989
0.243253
0.493674
0.052710
-0.150234
0.193883
-0.126217
-0.071193
-0.086668
-0.181371
-0.063092
-0.249280
0.127934
-0.070350
0.114653
0.053346
0.042820
-0.355691
0.097380
-0.068573
-0.014413
0.061279
-0.244329
0.006735
-0.283962
0.105069
-0.325829
-0.300611
-0.306336
0.270422
0.032083
0.104679
-0.253259
0.000434
0.055794
-0.326525
0.214711
0.036782
-0.129600
-0.380756
0.249628
0.064800
-0.071374
0.191399
0.220396
0.165295
0.061622
-0.151138
-0.081551
0.429418
-0.267494
0.421069
-0.210739
-0.030105
0.127996
0.116163
0.156975
0.388373
0.092750
0.057084
0.079245
-0.067338
-0.124775
-0.157679
0.016136
0.398492
0.004948
0.054785
-0.103105
0.082045
0.337844
0.047749
0.132442
-0.030383
-0.047075
0.139816
-0.025420
-0.226229
0.102680
-0.053387
0.069095
-0.024577
-0.085721
-0.148520
-0.283739
-0.002868
0.069553
-0.032462
-0.180849
-0.063974
-0.133528
-0.045980
-0.355435
0.133962
0.095624
0.083408
-0.185853
-0.022796
-0.120320
0.015059
0.148113
-0.135529
0.142164
-0.226721
-0.002775
-0.103269
-0.292437
0.262142
0.093355
0.179607
-0.425591
-0.055232
-0.189699
0.246854
-0.020494
0.017126
-0.022250
-0.225695
0.047200
0.522991
-0.177127
-0.130991
0.236219
0.049286
-0.195056
0.140866
0.160188
-0.274223
0.247535
0.262319
-0.322123
-0.163555
0.207045
0.044907
0.105144
0.002522
-0.040091
0.075333
-0.013203
0.345913
0.225238
0.107411
0.102450
0.141658
-0.000910
0.144972
0.070897
0.223610
0.161931
-0.156291
0.145151
0.057345
-0.067008
-0.004737
-0.085291
-0.203403
0.145325
0.072049
0.108461
0.176326
-0.015369
0.307654
0.229901
0.051945
-0.062544
-0.312560
0.054339
0.210843
-0.108363
-0.175688
0.110658
-0.149523
0.097145
-0.082494
-0.050814
0.230756
0.052652
0.013109
0.445934
0.052524
-0.099723
-0.200726
0.209265
-0.070414
0.172137
-0.005512
-0.188022
-0.151847
-0.008686
-0.050998
-0.156498
-0.122688
0.065458
0.092795
-0.229638
-0.044339
-0.108733
-0.039986
0.039283
0.070501
0.074772
-0.071160
-0.009445
-0.048610
0.188575
0.009586
0.161284
-0.117414
0.013096
0.103320
-0.337042
0.079644
0.135112
-0.230124
0.161094
-0.296786
0.212575
0.128721
0.324230
-0.033338
-0.189767
0.293150
0.042620
0.116366
0.222227
-0.097017
-0.082882
0.087731
-0.141275
0.004054
-0.058167
-0.107049
0.022559
-0.244275
0.054879
0.072669
-0.229387
-0.161656
-0.041782
-0.514868
0.308517
0.001048
-0.219748
0.342922
-0.119898
-0.065057
0.384469
-0.109598
0.356348
0.282000
0.464368
-0.149251
-0.163173
0.077089
-0.135267
0.511545
0.034138
0.370958
0.203028
0.350857
0.120655
0.173179
-0.497378
0.011882
0.392759
0.054890
0.619990
-0.310380
-0.206537
-0.129997
-0.377709
0.252368
0.068555
-0.373048
-0.156205
-0.027847
0.204409
0.174964
0.018422
0.518356
-0.457256
-0.243572
0.634951
0.336042
-0.104652
-0.079915
0.521162
-0.200760
0.606347
-0.036741
0.291473
0.186361
0.097908
-0.343249
0.067990
-0.058266
0.097551
-0.094395
-0.123685
0.285741
-0.213478
-0.309601
-0.308161
-0.432473
-0.021317
-0.016611
-0.223297
-0.155759
0.339403
0.222220
0.184388
-0.497224
-0.153468
0.541569
-0.032188
-0.235240
-0.089187
0.234961
-0.344028
0.386386
-0.130079
0.083523
-0.039358
-0.100885
0.008913
0.087532
-0.162783
-0.004819
-0.225844
-0.421814
-0.013531
0.267656
0.057910
0.138042
0.033633
0.353412
0.077636
-0.149065
0.148034
-0.154056
0.314242
-0.011825
0.142829
0.466455
0.054579
0.044564
-0.281256
-0.276278
0.489841
0.593673
0.068786
0.560661
0.302022
0.274657
0.054360
-0.093228
-0.214926
0.077296
-0.283043
0.185969
0.011082
-0.030473
-0.081293
-0.034650
0.185181
0.078068
0.272771
-0.177533
0.144186
-0.034860
-0.211430
-0.275696
0.103352
0.034520
0.145713
-0.000369
0.011258
-0.130966
-0.037623
0.069947
0.054916
0.052934
0.242782
-0.056652
-0.011481
0.111233
0.219529
0.036073
0.038297
-0.317305
-0.205511
0.209981
0.005841
-0.059100
0.055752
-0.097339
-0.079293
0.043038
0.186536
0.066615
-0.213568
0.019610
0.135745
-0.024662
0.010886
0.329854
-0.036342
-0.078055
0.025298
0.108491
0.029505
0.024548
-0.031333
0.134853
0.092244
0.169492
0.168591
0.008943
-0.062738
0.390426
0.168273
-0.376084
-0.013016
0.221759
0.148744
0.188603
-0.016977
-0.099618
-0.110453
-0.069720
0.096123
-0.130377
0.072375
0.104809
-0.116319
-0.097745
-0.357432
-0.080280
0.136395
-0.094703
0.287573
0.108847
0.132230
0.050459
0.157347
-0.043401
-0.036804
0.128895
0.039217
0.045373
0.035825
0.081554
0.035661
-0.015398
0.063474
-0.261192
-0.074021
0.286117
-0.100422
0.042795
0.089704
0.068850
-0.077620
-0.260831
0.178421
-0.383068
-0.250038
0.028252
-0.137626
-0.059904
0.014355
-0.126463
0.124001
0.115032
0.054976
0.033929
-0.108856
0.040608
-0.143378
-0.008268
-0.126110
-0.011128
-0.090333
0.051804
0.210846
-0.120412
0.179884
-0.227768
0.015843
0.071624
0.175876
-0.277458
0.250084
0.129963
-0.466716
-0.011934
-0.107076
0.259280
0.103409
-0.046978
-0.003197
-0.112954
0.002325
0.083093
-0.029245
0.085947
0.089450
0.077691
0.014645
0.168687
0.127318
0.137320
-0.076647
-0.121148
-0.058038
0.053886
-0.289928
-0.281642
0.094945
-0.401487
0.134763
-0.239114
-0.140597
-0.097301
-0.220551
-0.051700
-0.053876
-0.015673
-0.212608
-0.353521
0.123095
0.195220
-0.101284
-0.117600
-0.165270
0.032703
0.035104
-0.016251
-0.002432
-0.094236
-0.110549
-0.029927
0.346934
-0.160001
-0.180725
-0.128438
0.014944
0.068180
0.050715
-0.237192
-0.006327
-0.046706
0.143686
0.263519
0.059922
0.107548
-0.142694
0.169568
0.139203
0.242377
-0.060152
0.432143
-0.059954
0.099778
-0.518168
0.119507
0.061487
-0.106476
0.282036
-0.010541
-0.008716
-0.053436
-0.323764
0.135053
-0.088875
-0.201214
0.000761
-0.163092
0.107911
0.056941
-0.059716
-0.243777
0.177334
-0.108556
0.033755
-0.144197
-0.131429
0.210037
-0.193175
-0.043190
-0.034076
0.005601
0.488047
-0.257261
0.064414
0.164367
0.278054
-0.005239
-0.069653
0.250097
-0.274090
-0.018579
-0.037032
0.027210
0.090786
0.072137
-0.087902
-0.047735
-0.048836
0.072000
0.077456
-0.025983
-0.123520
-0.097393
0.010375
0.186190
-0.147208
-0.115533
-0.094060
-0.030078
-0.203709
-0.057347
-0.263961
0.042757
-0.126473
-0.049407
0.315644
0.016061
0.253518
0.068893
-0.156322
0.289430
0.047673
-0.109232
0.196803
-0.189322
-0.114806
0.227479
-0.133642
0.372530
-0.224880
0.023891
0.247248
0.202495
-0.015186
-0.216440
0.074342
0.009378
-0.267490
0.275259
0.030987
0.140285
0.003542
-0.219499
-0.056938
-0.026537
-0.388544
-0.034817
-0.093956
-0.057313
0.222860
-0.050696
0.199767
0.041882
-0.154884
-0.074994
-0.346136
0.005139
-0.016911
-0.114447
-0.139210
0.119651
-0.158090
0.268063
-0.184006
0.114647
0.012042
-0.257170
-0.092294
0.262742
-0.329795
-0.051598
0.137866
0.124366
-0.106540
-0.076073
-0.186016
-0.048230
0.095900
-0.221472
0.128555
0.258572
0.164844
0.198508
-0.090556
-0.181130
0.036240
-0.236124
-0.140300
-0.184922
-0.100758
-0.156244
-0.275150
-0.192279
0.166459
0.088466
0.286011
-0.163012
-0.017702
0.045814
-0.232382
0.033570
-0.124523
-0.135629
0.064353
0.187608
0.239649
0.133825
0.186052
-0.054082
-0.103304
-0.003842
0.013116
0.127793
0.087742
-0.131332
0.089913
-0.106010
0.266197
-0.267752
-0.072386
0.056860
-0.235893
0.278859
-0.164730
0.038488
-0.192685
-0.072183
0.012110
0.113554
-0.058142
-0.198144
-0.144077
-0.005723
0.252209
-0.031023
0.144306
-0.266752
-0.006723
0.058412
0.356959
0.283960
0.330723
0.232384
-0.109001
0.268957
0.068167
-0.155850
-0.060019
0.540286
-0.057470
0.427149
0.328946
0.271940
0.462535
0.420829
-0.018063
0.130604
-0.029548
-0.095757
-0.109222
0.010133
0.137038
0.487151
-0.446235
0.259282
-0.149528
-0.176174
-0.094094
0.092448
0.180546
0.023673
-0.209410
-0.518394
0.136097
-0.210137
0.494576
0.046166
0.230577
-0.162374
0.141682
0.215270
-0.481305
-0.167233
0.249899
0.009020
0.244613
0.227310
-0.030914
-0.151152
-0.239174
-0.395952
0.263712
0.461165
0.039100
0.021171
0.123517
0.569051
0.065902
-0.085211
-0.117642
-0.168360
0.453678
-0.059058
0.502943
0.042960
-0.393336
0.227212
0.055055
0.043233
0.189239
-0.254202
0.290292
0.209252
-0.061148
0.462442
0.367968
0.152605
0.398459
0.083301
-0.476858
-0.081876
-0.116380
0.253551
0.347112
0.101822
-0.082663
0.074575
0.267972
-0.010161
-0.217202
0.094824
-0.141117
0.362276
0.179314
-0.312405
-0.210274
0.290428
-0.093849
-0.143739
-0.175105
-0.236887
-0.067420
0.086531
0.191136
-0.496969
0.203262
0.098678
0.426738
0.241657
-0.207931
0.076470
0.030862
-0.251410
0.080511
0.080060
0.326086
-0.089687
0.084953
0.369888
-0.267845
0.155022
-0.071725
-0.047505
0.075139
0.245833
0.201584
0.135666
-0.006860
0.106209
0.035626
-0.492269
0.048150
0.035865
-0.189295
0.178092
0.416105
-0.393023
0.096509
-0.182229
-0.163936
0.049273
-0.160569
-0.035909
-0.088692
0.362011
-0.079929
-0.091473
0.052760
-0.283029
0.237073
-0.176678
-0.105647
-0.168382
0.139162
0.176749
0.095002
-0.052610
-0.233286
-0.100841
-0.274464
-0.146216
-0.636250
-0.233189
0.092178
-0.055181
0.025713
-0.235287
-0.095518
-0.159329
0.136713
0.062294
-0.010254
-0.212354
-0.101904
-0.311496
0.018336
-0.259254
-0.014073
-0.154543
0.314392
-0.327374
-0.125555
-0.150227
-0.096670
-0.250600
-0.214740
0.181918
0.031367
0.020746
0.034028
0.155805
0.031014
-0.155584
0.119490
0.326260
0.176377
-0.040771
-0.076092
-0.034376
0.186800
0.238032
-0.319776
-0.019318
-0.002311
-0.082321
-0.379330
0.166755
0.113956
-0.026748
-0.173946
-0.019623
0.154440
0.236330
0.215625
-0.349606
0.311277
0.103349
0.042212
-0.041649
0.272277
-0.018157
-0.046894
-0.165136
0.187958
-0.137867
-0.218055
-0.246897
0.120717
0.072259
0.485926
-0.047572
0.056657
0.106599
0.010278
-0.146729
-0.063609
-0.219508
-0.004582
-0.222677
0.109624
-0.162087
0.107813
0.254526
0.184645
-0.154593
0.013230
-0.066958
-0.188454
0.107010
-0.206218
-0.078259
-0.112963
0.064074
0.034935
0.036715
-0.013341
0.290528
0.118490
0.160073
0.210633
-0.312603
0.091524
0.035714
0.305358
0.463989
0.214918
-0.143933
-0.047555
0.010096
0.054224
-0.021735
0.129643
0.117221
0.053391
-0.246822
0.189133
-0.131962
0.094121
0.065687
0.285157
-0.102700
0.029705
0.317248
-0.055046
-0.056324
-0.019206
-0.023533
-0.111272
0.115870
-0.235613
0.222279
-0.148420
0.114105
-0.127524
-0.156374
0.011662
0.058099
0.035320
-0.013369
-0.069382
0.028076
0.282026
0.101977
-0.013154
-0.368336
0.065177
0.084662
0.043135
0.483850
0.025435
-0.007465
-0.017920
0.516474
-0.278455
-0.090431
-0.036567
-0.118815
-0.053407
0.183311
0.101131
-0.034165
-0.395399
-0.090861
0.007225
-0.008383
0.139587
-0.115247
-0.089358
0.128268
0.166266
-0.078657
-0.109536
-0.190051
0.360864
-0.254880
-0.010077
0.105611
0.136393
-0.131452
-0.197339
0.318006
-0.154949
-0.038955
-0.258989
0.166307
-0.397618
-0.165903
0.064685
-0.045297
0.269826
-0.223132
0.191686
-0.044177
0.103224
-0.042766
-0.102682
-0.113709
0.080160
-0.116884
-0.257173
-0.241182
0.195376
0.134032
0.144283
-0.041702
0.127361
-0.117894
0.037865
0.185159
-0.022945
-0.020688
-0.099853
0.139773
-0.372320
0.122586
-0.025943
-0.036795
-0.030210
0.081853
-0.026498
-0.136509
-0.038705
-0.260502
-0.000669
-0.072106
0.065052
0.077542
0.012676
0.053971
0.126274
-0.281578
-0.320493
-0.377911
0.236039
0.269881
0.065577
0.130720
-0.144472
-0.245372
0.206688
-0.039791
0.057526
-0.086791
-0.144573
-0.047441
-0.112236
-0.122053
0.016198
0.095584
-0.145141
-0.121766
-0.111562
-0.453961
0.117047
0.151691
0.116947
-0.193300
0.184468
-0.313443
-0.114739
-0.216895
-0.025668
-0.093889
-0.171623
0.020182
-0.049117
0.069972
0.059178
-0.233954
-0.151808
0.139096
0.108575
-0.036476
0.047198
0.255646
-0.055296
0.054048
0.021697
0.111223
0.079907
-0.121690
-0.141918
-0.018654
-0.120419
-0.148853
-0.208902
-0.039539
0.340734
0.082598
0.140219
0.076481
-0.026049
-0.068997
-0.222231
0.131361
0.014732
0.080092
0.045298
0.049250
0.161080
-0.006501
-0.241823
-0.015980
-0.010649
0.016502
-0.077126
0.006593
-0.206200
-0.156579
-0.287401
0.104422
-0.057549
-0.087725
-0.060656
-0.140756
-0.031925
-0.013639
0.282140
-0.076132
0.030605
-0.203785
0.078530
0.058333
-0.184835
-0.039682
0.108035
-0.069286
0.071541
0.259481
-0.101884
-0.075773
-0.197015
-0.233223
-0.197619
0.063627
-0.072240
0.284424
0.222062
-0.011675
0.031800
-0.031275
-0.158085
0.122786
-0.025237
0.269597
0.329213
0.213927
0.211456
0.078178
-0.006481
-0.087436
-0.181968
0.028442
0.011178
0.020039
-0.174701
0.127744
-0.103229
0.113412
0.176496
0.035620
0.116184
0.077926
-0.134690
-0.045177
0.305487
0.058447
-0.066446
-0.042805
0.216063
0.057900
-0.070792
-0.299849
-0.159856
-0.157846
0.134654
-0.455733
-0.141935
-0.150324
0.202525
0.202760
-0.134149
0.004514
-0.040016
-0.421909
0.130763
0.119708
0.009102
-0.191744
-0.364074
-0.193846
0.124412
-0.027002
-0.101470
-0.048056
-0.054256
0.238527
0.122213
0.018146
-0.047480
-0.004545
0.218896
0.005787
-0.026417
0.078715
0.144335
0.070594
0.043926
-0.147414
0.147225
0.057985
-0.131605
0.008861
0.100385
0.125715
0.306566
0.267663
-0.075831
-0.037314
-0.007969
0.260432
-0.020648
-0.015875
-0.087418
0.058558
0.072138
0.137009
-0.164291
0.047821
0.063973
-0.002700
0.021142
-0.099515
0.093460
-0.022435
-0.025714
-0.080579
-0.036721
0.025741
0.133400
0.068507
-0.300957
-0.182394
-0.046102
-0.098468
0.101628
-0.190207
0.005895
0.071309
0.250502
0.026596
-0.020198
-0.086626
-0.230096
-0.176838
-0.055634
0.336452
0.106273
-0.030787
0.216574
0.060089
-0.163942
0.218877
-0.193251
0.067043
-0.133342
-0.000472
-0.057246
0.310403
-0.072062
-0.145915
0.334230
0.041516
-0.087574
-0.208957
-0.027121
0.024115
-0.110355
0.089063
0.241769
0.185563
-0.035841
0.172264
0.075876
0.042337
-0.018515
-0.148903
0.449638
-0.347889
0.057003
-0.006571
-0.031639
-0.073770
-0.095788
0.191376
-0.019729
0.099413
-0.167062
-0.419701
0.082329
0.393018
-0.020088
-0.335067
-0.220172
0.046372
-0.092764
-0.126752
-0.059806
0.023349
0.130894
0.190848
0.114783
0.100122
0.101499
0.024502
-0.052696
-0.105864
-0.099227
-0.163156
-0.053895
0.060198
-0.176721
0.124858
0.153967
0.195821
0.146276
-0.151289
-0.037460
-0.253416
0.472862
-0.094549
-0.243226
0.093051
0.172035
-0.182039
-0.088290
-0.031563
-0.096729
0.076596
-0.086983
-0.072461
-0.322981
0.004363
0.249831
0.258403
0.194862
0.313126
0.495914
0.149614
-0.063963
0.468424
0.369303
0.232418
0.012608
-0.212719
-0.042346
0.179523
0.013960
0.315665
0.301612
0.069528
0.119273
-0.021784
0.170319
0.044883
-0.104448
-0.047250
0.385248
-0.189924
-0.028144
-0.020955
-0.154260
-0.143049
-0.172403
0.062618
-0.170848
0.125581
0.211407
-0.256136
-0.070099
-0.054666
0.115290
0.081044
-0.036958
0.094335
-0.069290
-0.099242
0.121444
0.151878
0.472895
-0.274397
0.108549
0.142470
0.135908
-0.089958
-0.207450
0.014417
0.082196
-0.193743
-0.272225
-0.076617
-0.044033
-0.063285
0.069951
0.051616
0.006048
0.003372
-0.031735
-0.049782
-0.187706
0.000397
-0.068338
-0.230857
0.196018
0.136718
-0.166208
-0.424512
0.185715
0.017082
-0.075698
0.301382
-0.041886
-0.077695
0.116004
0.036940
-0.131363
-0.042426
0.125561
-0.046634
0.021174
0.153596
-0.231317
0.073016
0.002218
0.082175
0.135046
-0.041852
-0.192891
0.080983
-0.055434
0.101384
0.014867
0.185996
0.144099
0.032924
-0.059577
0.022114
-0.029370
-0.081024
0.015000
0.024385
-0.142721
0.133000
-0.031151
-0.044090
0.063981
0.049463
-0.047999
-0.099294
0.170139
-0.027958
-0.066498
0.057440
-0.021929
-0.283917
0.136034
-0.044195
-0.173780
0.067779
0.040943
0.093935
-0.101050
-0.216058
0.012153
0.068263
-0.275041
0.135992
-0.014669
0.020345
-0.247496
-0.066411
-0.069415
-0.016694
-0.001075
0.117758
-0.043235
0.013082
-0.066837
0.028505
0.070689
-0.120417
-0.112404
-0.003059
0.039048
0.092651
-0.083259
0.332215
-0.074576
0.085592
0.135373
0.082016
0.009939
0.081151
0.087886
-0.060391
0.165113
0.068920
-0.156985
0.007463
0.059383
0.067733
0.002358
0.000428
-0.243378
0.109377
-0.173006
0.041061
0.012334
0.077330
0.006066
0.204686
0.063423
0.082191
0.114633
0.137982
-0.134456
0.104647
0.072138
0.062068
-0.094024
0.291676
-0.165402
-0.146506
-0.021759
0.132699
-0.121090
0.192242
0.015677
0.201285
-0.138550
-0.089016
0.076900
-0.168934
-0.093662
-0.027820
-0.067112
0.010206
-0.132248
-0.232894
0.067851
-0.110626
0.306333
0.131166
-0.234048
-0.115753
0.245328
0.180606
0.017474
-0.183742
-0.084617
0.118369
0.068168
0.389720
-0.219165
-0.180827
0.007943
-0.059374
0.092312
0.011761
-0.036569
0.001817
0.051422
-0.049432
0.011747
-0.031149
0.079124
0.072762
-0.079145
-0.153691
-0.153418
-0.177109
-0.057713
0.087792
0.077411
-0.042951
0.009254
-0.234205
0.129371
-0.068951
0.069162
-0.058721
0.108802
0.039451
-0.193852
0.004421
0.087305
-0.031004
-0.145417
0.288773
0.431330
0.078782
-0.152515
0.193787
0.301651
0.139829
0.000668
0.032357
0.111596
0.099117
-0.072469
-0.222744
-0.112728
0.135040
-0.049833
0.126593
0.066955
-0.106037
0.125502
-0.327478
-0.194916
0.051408
0.015982
-0.013807
0.093542
-0.026595
0.295496
-0.087744
-0.159358
-0.062422
0.073438
-0.254678
-0.144102
0.229985
-0.049757
-0.056484
-0.237281
0.491123
-0.008403
0.444049
0.034239
0.293705
0.168573
-0.123269
0.126049
-0.073730
-0.169281
-0.163031
0.018235
-0.151682
-0.350540
0.067600
-0.117939
-0.072951
-0.048873
0.169781
0.082834
0.085974
0.119913
-0.132322
0.195101
0.226090
0.170286
-0.302970
0.030090
-0.468600
-0.152445
0.088972
0.145641
-0.024535
-0.029706
-0.020104
-0.639773
0.031140
0.105724
0.187320
-0.354419
-0.139096
-0.009115
0.042060
0.151636
0.021815
0.045808
0.049503
-0.038104
0.053403
-0.044320
-0.328709
0.076122
-0.147758
-0.007780
-0.235654
-0.075708
0.030324
0.320811
-0.073214
-0.039393
0.155982
0.156490
-0.321906
-0.295024
0.051209
-0.285786
0.077962
-0.055550
-0.316599
-0.024476
0.087458
-0.139745
0.082610
0.087378
0.008456
0.168372
0.033190
0.110023
0.076322
0.360966
-0.357952
-0.032304
0.200065
-0.139962
0.037381
0.146025
-0.151273
-0.334063
-0.168374
-0.002026
-0.633873
-0.192488
-0.143601
-0.074239
0.047782
0.278876
-0.140159
-0.048898
-0.071747
-0.647863
-0.002278
0.076279
0.372481
0.189848
0.102249
-0.108840
-0.196578
-0.121239
-0.032968
-0.131195
0.400226
-0.430073
0.362709
-0.066600
0.171405
-0.152436
-0.041015
0.234453
0.138785
0.088727
0.345903
0.055621
0.068901
0.233365
0.071060
0.294792
0.095324
-0.211798
-0.122062
-0.110220
0.115347
-0.273383
-0.182570
-0.300503
0.047810
0.060051
0.043983
0.114843
0.491120
-0.025821
0.146999
0.106447
-0.020483
-0.040988
-0.260493
-0.371623
0.057626
0.083235
-0.019613
-0.201563
-0.065631
0.121636
-0.053004
0.218144
-0.061572
0.081235
0.049391
0.471129
0.120956
-0.085580
-0.079421
-0.008364
0.113925
-0.411270
-0.012045
-0.083158
0.012800
0.022366
-0.250719
-0.316024
0.153185
0.179357
0.483185
-0.600205
0.126427
-0.409653
0.227507
0.358394
-0.190898
-0.375916
0.177312
0.171048
-0.073211
0.467395
0.174311
-0.114230
-0.094198
0.137901
-0.124911
-0.333677
-0.006749
-0.185681
-0.016286
0.383457
0.104728
0.004871
-0.252972
-0.231542
-0.243164
0.036056
0.183586
0.070236
0.060832
-0.140659
-0.190361
0.063446
-0.189028
-0.108197
-0.015529
-0.134699
-0.147209
0.135201
0.218854
-0.102747
0.123133
-0.101141
0.042914
0.110373
0.081581
-0.043927
-0.247426
0.044688
0.327371
0.067476
0.225909
0.005787
0.174910
-0.529768
-0.223114
0.338901
0.055201
-0.081617
-0.011507
0.245707
-0.066232
0.404226
0.025737
0.110781
-0.186114
-0.020141
0.242000
0.244224
0.388773
-0.275821
0.308541
-0.132138
-0.052654
-0.048084
-0.067807
-0.218232
0.128255
0.050619
0.282067
-0.258375
-0.150761
-0.029521
-0.112815
0.123457
0.205483
-0.147357
-0.269436
0.022684
0.218881
0.096323
0.203968
-0.403124
0.196927
0.203339
-0.203659
0.115706
0.205197
0.073586
0.114740
0.034581
-0.069309
-0.095694
-0.251372
-0.220686
-0.007263
-0.105059
-0.058102
0.109560
-0.036454
0.073427
0.085050
-0.152021
-0.065354
0.080980
0.392413
0.124446
0.103878
-0.105208
0.355068
-0.048645
0.237862
-0.118460
0.043169
0.153553
0.263847
-0.123115
0.002763
-0.067825
0.122126
0.162903
-0.066953
-0.074345
-0.206879
0.172249
0.041268
0.052040
-0.167936
-0.197738
0.371911
-0.130035
0.347914
-0.186371
-0.047815
-0.205059
0.168795
0.144152
-0.073224
-0.199301
0.239671
-0.052559
-0.235762
-0.052935
0.138644
-0.370254
-0.213771
0.225174
-0.184761
0.042982
-0.015372
-0.451816
0.130579
0.288897
-0.091168
0.135148
-0.326629
-0.127396
0.212778
-0.234257
-0.321937
0.033850
0.193825
-0.044286
-0.001138
-0.038452
0.231560
-0.051928
0.349879
0.319973
0.173273
-0.069270
0.083236
0.133822
-0.105221
-0.017158
0.054322
0.094628
0.086043
0.281911
0.265830
0.053131
-0.242933
0.151170
0.036039
0.146545
0.039932
0.138350
0.034665
0.102393
0.136001
-0.141020
-0.012408
0.067552
-0.312420
-0.049936
-0.222055
0.188822
0.289706
0.102046
-0.035273
0.072916
0.091872
-0.250588
-0.252081
-0.144145
0.029624
0.011770
0.140539
0.320018
0.094840
-0.330392
-0.048360
0.025407
-0.066691
0.092510
0.030317
-0.161864
-0.144031
-0.100539
0.178491
0.012184
0.277686
-0.356666
0.377105
-0.276508
-0.167269
0.100772
0.230191
-0.067526
0.117413
0.057198
-0.155544
-0.112431
0.445669
-0.149474
-0.025138
-0.028833
0.068920
-0.368485
0.027381
-0.196506
0.070377
-0.140124
-0.392450
0.140008
-0.112270
0.093064
0.010711
-0.039829
-0.054554
-0.201980
0.332568
0.230293
0.566889
-0.036702
-0.462309
0.081990
-0.186791
0.056510
-0.178535
0.072974
0.015138
-0.409659
0.262058
-0.031517
-0.363423
0.236130
0.451818
0.290026
-0.254792
-0.071275
-0.181384
-0.172554
0.183109
-0.096649
0.252278
-0.484414
-0.270699
-0.309678
-0.198376
-0.147918
0.487361
0.389978
-0.447566
0.497576
-0.495939
-0.328675
0.160452
-0.440575
0.220275
0.292358
0.047369
0.686859
-0.113284
0.185876
-0.179778
-0.594326
0.248354
0.263400
-0.052615
-0.016062
0.229189
0.092683
-0.093936
0.040995
0.365844
-0.220497
0.101999
0.207422
-0.136505
0.094385
-0.149494
0.200897
-0.386018
-0.207907
-0.326114
-0.090501
-0.130477
0.227014
-0.614001
0.006480
-0.095901
0.265340
-0.050010
-0.160952
-0.340124
0.294761
0.378476
0.072771
0.129753
-0.094420
-0.042012
0.393651
0.198891
-0.104981
0.056673
-0.164589
-0.458169
-0.280842
0.117250
0.012454
-0.173005
-0.037614
0.061313
-0.153540
-0.340833
-0.213734
0.200099
0.108715
-0.088345
0.073376
-0.183063
0.172667
0.061657
-0.297491
0.187959
0.064350
0.145380
0.343544
0.054340
-0.059182
0.123310
0.081740
0.033720
0.320891
-0.172418
0.248608
0.110633
0.036509
0.077580
-0.151718
0.317651
0.056081
-0.043049
-0.222722
-0.236760
-0.029969
-0.038377
-0.152258
0.340296
-0.280509
0.003823
-0.018026
-0.239196
0.041317
0.104809
-0.196366
-0.151078
0.076791
0.204003
-0.319836
0.110609
-0.231020
0.389266
-0.150953
-0.274512
0.216906
0.103847
0.065936
0.206104
0.122660
0.038475
-0.092416
0.085155
-0.170903
-0.018039
0.109941
0.248338
-0.183659
0.189828
-0.084615
0.182169
0.161341
-0.151257
-0.252836
-0.023336
0.057317
-0.019574
0.080092
-0.039793
0.025864
-0.165466
-0.119186
0.115794
0.082793
0.132676
0.338925
0.148210
0.006427
0.283844
0.271560
0.215573
0.243766
0.383728
-0.258967
0.072028
0.297035
-0.312559
0.328260
0.223668
-0.128137
-0.136517
-0.499645
0.095160
0.097868
0.037978
-0.008785
-0.146070
-0.115861
-0.281752
0.077658
-0.011267
0.029347
-0.195194
-0.120725
-0.136103
-0.111834
-0.073876
-0.016393
0.299709
-0.144049
-0.169031
-0.062812
0.091920
0.043851
-0.132427
-0.049895
-0.206451
-0.090402
0.092671
0.152869
0.055055
-0.004729
-0.280715
-0.201280
-0.005046
-0.113208
