0.249053
1.174824
0.863098
-0.383414
-0.375067
0.143377
-0.091083
-0.186599
-0.623828
0.171214
-1.300820
0.008459
0.635761
0.432109
-0.494998
0.052078
0.473737
-0.505063
-1.332410
0.123478
-0.131358
0.419692
1.619820
0.146317
1.031776
-0.302639
-0.548754
0.458278
-0.259867
-0.487941
0.278227
-0.017008
-0.022595
-0.187216
-0.780716
-0.197871
-1.759750
0.109664
-0.841801
0.957537
0.146053
-0.464232
0.115686
0.165715
0.117660
0.139550
0.156874
-0.210102
-0.364102
-0.011636
1.020656
-0.047516
-0.074549
-0.871596
0.509566
1.094387
-1.036822
0.137817
-0.169015
0.596781
-0.144408
1.050263
0.051448
-0.020212
-0.832069
0.514981
0.001796
-0.365368
-0.474558
-0.058687
0.332684
-0.181325
-1.771658
0.604765
0.163607
-0.573329
-0.186746
-0.275493
0.951005
0.126353
-0.027303
-0.122317
-1.218787
0.565227
-0.232090
2.025392
0.336587
-0.218180
1.363410
-0.665810
1.148105
-0.956107
-0.588576
-0.130940
0.209129
-0.059637
0.559072
0.024621
-0.011945
1.130696
-0.093386
-0.585094
0.309136
1.099892
1.056250
-0.202869
-0.283586
0.008435
1.268273
-0.216188
-1.312025
-0.000186
0.083952
-0.229398
0.175345
-0.360359
-0.494281
0.415504
-0.606988
0.668212
0.372736
-0.210765
0.142535
0.854435
-0.148533
0.582857
1.105126
0.839626
