0.476773
0.026315
0.471542
-0.482463
0.288116
0.604170
0.665738
0.450975
0.424118
-0.117900
-0.220951
-0.198890
-0.059565
0.200656
-0.474094
-0.438828
0.529258
0.627547
0.289003
0.582399
0.556910
0.485459
-0.140632
0.450002
0.132061
0.304875
0.429361
0.725689
0.165317
0.051233
0.354238
-0.377281
0.635442
0.788822
0.350076
0.392798
0.416434
0.053351
0.224204
0.512984
0.572207
0.538964
-0.199344
-0.310882
0.576577
0.280197
0.312382
-0.128991
-0.209574
0.223969
0.337218
0.525482
-0.536991
-0.289419
0.166914
-0.710975
-0.261530
-0.253736
0.219482
-0.119063
-0.832682
0.270071
0.178726
-0.005222
-0.363099
0.058253
0.439186
0.266911
-0.565309
-0.189720
0.050845
-0.040118
-0.856582
0.288021
0.476711
0.058293
0.608362
0.227214
-0.607662
0.643597
-0.224110
1.240756
0.755984
0.121285
0.323376
-0.415418
-0.188957
0.582404
0.602807
0.609748
0.305668
0.339472
0.820856
0.032974
-0.064091
0.335766
-0.083215
0.096549
0.085792
-0.136023
0.091215
-0.218890
0.661756
-0.251229
0.919958
-0.285003
0.167137
-0.139550
0.549771
0.207298
-0.292864
0.390142
0.267488
-0.222435
0.503321
0.164312
-0.706206
0.407753
0.141099
0.142565
-0.425335
0.591234
0.629763
0.170857
0.822756
0.225053
0.476619
0.263464
-0.021510
0.393855
0.252133
-0.780798
-0.325697
0.565171
0.460080
0.149529
0.477918
0.078780
-0.282457
0.281099
-0.526230
-0.335084
-0.118025
-0.340883
0.799072
-0.190555
0.316752
-0.063114
-0.304471
0.707742
0.383921
-0.243037
-0.503443
0.207404
0.402226
0.346846
-0.288363
-0.237273
0.190195
-0.495923
0.174255
-0.138108
0.375425
0.031360
0.743921
0.435309
0.003690
0.648625
-0.110116
0.539096
0.271864
-0.367977
-0.212917
-0.414644
0.422732
-0.307166
-0.020841
-0.423227
0.705733
0.429128
0.555392
-0.478846
0.029214
-0.003704
-0.212113
-0.476369
-0.363926
0.676594
0.439251
-0.186363
0.075110
0.897041
0.353070
0.475137
0.612082
-0.008704
-0.755585
-0.533058
0.486335
-0.508783
0.307706
-0.167149
0.507888
-0.391949
-0.031225
0.501307
-0.929403
-0.297857
-0.270015
0.292292
0.429230
1.045658
0.375863
-0.034296
0.584454
0.047397
0.098484
0.710621
0.049546
0.321170
0.660053
-0.489555
-0.122561
0.480657
0.445907
0.345211
0.114776
-0.385994
0.820359
0.220329
-0.014741
-0.604475
0.024454
-0.507456
0.301704
0.373927
0.017245
-0.359022
-0.917570
0.002875
0.808522
-0.119181
-0.191015
0.175194
0.212202
0.581400
-0.664620
0.361004
-0.014452
-0.118222
-0.660293
0.309276
0.347071
0.524399
0.158301
-0.715990
