-0.084789
0.032204
0.076339
-0.032338
-0.029668
-0.006219
-0.078985
-0.005436
-0.046467
-0.061327
-0.092963
-0.010113
0.030670
0.037192
0.016801
0.010605
0.012849
-0.055154
-0.013612
-0.034799
-0.077774
-0.030956
-0.012993
0.044615
-0.010539
-0.022739
-0.036207
-0.004965
-0.090215
-0.027558
-0.089000
0.038206
0.056186
-0.044570
0.082018
0.054086
-0.006782
0.001338
0.094089
-0.143055
-0.021255
-0.024395
0.017124
-0.018693
-0.006459
-0.011199
0.060321
0.050689
0.034075
-0.058392
-0.056343
0.013885
-0.065792
0.031444
-0.033700
0.113846
-0.032078
-0.042641
0.032918
0.008466
-0.014752
0.022004
0.013913
0.045146
-0.038782
0.012023
-0.055731
0.008843
-0.106094
-0.013041
0.086502
0.030112
-0.223567
-0.101794
0.059757
0.015304
-0.101900
-0.021989
-0.065590
0.072052
-0.012147
-0.002064
0.033104
-0.004548
-0.002981
-0.025646
0.103479
-0.014633
-0.024395
0.031354
0.038855
-0.079730
0.015347
-0.017788
0.148262
-0.071236
-0.009094
0.054183
-0.050535
0.019818
-0.005955
-0.050824
0.066075
0.345909
0.005977
-0.034016
-0.055073
-0.005776
-0.753965
0.037043
0.003628
0.040700
-0.223136
0.004869
-0.369306
-0.005966
-0.017034
-0.023276
0.010002
-0.025833
0.012593
0.201636
-0.005173
-0.016936
-0.052539
0.014839
0.104579
-0.009652
0.037162
-0.063330
0.015998
-0.023631
0.013603
-0.010538
-0.016956
0.054219
0.020214
-0.064701
0.010569
0.063635
-0.006392
-0.001497
-0.004194
-0.000520
0.012772
0.008778
-0.043620
-0.023407
0.031703
0.004059
0.029160
0.009876
-0.016077
-0.027216
-0.022462
-0.046453
0.036320
0.027164
-0.135094
0.024744
-0.010922
0.013680
0.035994
0.017776
0.010154
0.008856
0.050909
0.158502
0.001753
0.015238
0.049850
0.030492
-0.348532
-0.092141
-0.007675
0.004719
-0.001957
-0.028341
0.020942
-0.054748
-0.003707
0.045093
-0.006776
0.094589
0.009781
0.003974
0.022246
0.018732
0.040565
-0.009815
0.185464
0.043640
-0.009087
-0.063119
0.031956
0.054021
0.001428
0.042830
0.050121
-0.016026
-0.042046
-0.006113
0.017403
-0.059751
-0.009949
0.023468
0.004005
0.073056
-0.010894
-0.007352
0.015303
0.062457
-0.227838
0.006283
-0.035004
0.015634
0.003170
-0.082233
0.016188
-0.015199
-0.022600
-0.010902
0.038408
-0.020074
-0.226328
0.017508
-0.004427
0.196571
0.020821
-0.048078
-0.316385
0.084705
0.025726
-0.074564
-0.024976
-0.067966
0.001878
0.061997
-0.087136
-0.208393
-0.041740
-0.090563
0.035708
0.019379
0.004280
-0.017433
-0.020632
-0.120900
-0.017578
0.000560
-0.063991
-0.005325
-0.063544
0.021869
-0.000388
0.024875
0.120720
-0.033606
0.006928
0.000286
0.022823
0.006169
0.081195
0.050770
0.159961
0.031767
0.173350
-0.050194
-0.071364
0.047234
-0.015996
0.041279
-0.012777
0.041645
-0.015741
0.025903
-0.024384
-0.051635
0.065444
0.086567
0.026772
0.071472
0.003916
0.075727
0.111788
0.140387
0.111876
-0.004521
-0.035599
-0.029027
-0.056861
-0.083949
0.031901
-0.009058
0.070304
0.046403
0.111773
0.075284
0.022597
0.088382
0.144871
0.054265
-0.031401
-0.004154
-0.033232
-0.074296
0.009440
-0.033795
-0.077789
-0.022189
-0.007592
-0.048346
0.127188
0.131597
0.026995
0.007652
0.008707
0.041342
-0.104195
-0.017887
-0.020235
-0.001363
-0.003149
-0.025030
-0.041915
0.064586
-0.022127
0.029608
0.037048
0.011609
-0.046659
0.028914
0.009288
0.063407
-0.010979
0.016694
0.021351
-0.064657
-0.034480
-0.039389
-0.011259
-0.022799
0.038571
0.038733
0.008866
0.028890
-0.021316
0.005905
-0.065727
-0.018387
-0.033526
0.026426
-0.043148
-0.028678
0.012928
-0.020562
-0.003215
0.018173
0.072462
0.007847
0.042936
-0.020006
0.033123
-0.028738
-0.061257
0.076347
0.014520
-0.011545
0.036731
-0.016526
0.029875
-0.022778
-0.008006
0.013310
0.019092
-0.058208
-0.007489
-0.039993
0.026760
0.040515
0.113709
-0.011266
0.013378
-0.020005
0.004435
0.105431
0.019451
-0.016156
-0.013169
-0.014937
-0.066273
0.075350
0.075990
-0.134624
-0.040090
0.050758
0.005276
0.077502
-0.056607
0.007487
0.011101
0.021175
-0.060550
-0.016870
-0.005136
0.056243
-0.016714
0.081518
0.010682
-0.058305
-0.026251
-0.057594
-0.098910
-0.038683
-0.037099
0.050459
-0.073984
-0.017235
0.062488
0.099768
0.008259
-0.090026
-0.077367
-0.146813
0.052199
0.060542
-0.029429
-0.075754
-0.107371
-0.029566
-0.043085
-0.079505
0.023142
0.026712
-0.067154
0.038801
-0.059246
0.081808
-0.034661
0.027053
-0.051542
-0.065301
0.062691
0.012802
-0.060136
-0.157618
0.098521
0.086183
-0.007995
-0.020707
-0.034053
0.001128
-0.008753
-0.015224
-0.009090
0.007479
-0.002018
0.013507
-0.002329
-0.011983
0.009196
-0.004060
0.000646
0.043727
0.004773
-0.013199
-0.012887
-0.003412
-0.010029
-0.010596
0.000931
-0.056228
-0.005205
0.002945
-0.006357
0.004754
0.007636
0.013155
-0.006553
-0.004569
0.036550
0.012860
0.007535
-0.004667
0.005252
0.016549
0.088102
0.002846
-0.004551
0.050479
0.020956
-0.002624
0.020037
0.025417
-0.011556
-0.003683
0.018221
-0.034400
0.018731
-0.004070
-0.024432
-0.003169
0.006806
0.035148
0.004900
0.025074
-0.019308
0.010532
-0.052762
-0.000188
-0.008501
-0.054711
0.014627
0.020853
0.141191
-0.013587
0.009427
-0.107203
0.003076
0.016243
-0.019384
0.011114
-0.004579
-0.111519
-0.013145
-0.000558
0.033918
0.084481
-0.003352
-0.026177
-0.031037
0.004045
-0.008807
0.017769
-0.016391
-0.095265
-0.004026
-0.104889
-0.007929
-0.022579
0.015454
0.068634
0.022267
0.027183
-0.011300
-0.014159
0.016627
0.034717
-0.009652
0.020227
0.072073
0.021604
0.002175
0.072560
-0.008924
0.053340
0.011737
0.045304
-0.092267
-0.096348
0.006263
-0.001226
0.008376
-0.016765
-0.019248
0.011141
0.066509
0.035656
0.021284
-0.043012
-0.100716
-0.009820
0.020473
0.036833
-0.002205
-0.100875
-0.001686
-0.086492
-0.006409
0.013351
-0.015267
-0.005980
-0.005903
-0.022958
0.036881
-0.009886
0.014944
0.043303
-0.004456
0.008762
-0.012126
-0.017333
0.000084
0.073848
0.028977
-0.007016
0.000107
0.006053
-0.025345
0.057559
0.005590
-0.032857
-0.007046
0.007049
0.077902
-0.034280
-0.020744
-0.054778
0.020266
0.024064
0.012389
0.000992
0.000820
0.027760
-0.044773
0.017923
0.030557
-0.020999
-0.016361
-0.045237
0.018382
-0.066069
0.043925
0.103055
0.039672
0.106224
0.006460
0.014529
0.065046
0.018215
-0.063834
-0.082648
-0.006358
0.023077
0.021253
-0.005042
0.038273
0.028636
0.020350
0.086192
0.054003
0.042644
-0.064410
0.006609
0.021879
-0.115681
0.015487
-0.005697
-0.013093
-0.019850
0.020582
0.031209
0.015176
-0.016454
-0.030921
0.034693
0.002802
0.048033
0.000174
-0.000920
-0.084619
-0.019449
0.000831
0.022417
-0.002885
-0.010672
0.009917
0.019516
-0.000321
-0.025403
-0.015429
0.004811
0.094299
0.005321
0.002387
0.052862
0.008822
-0.045188
-0.075714
-0.035349
0.001537
-0.034084
-0.021021
-0.064638
0.015923
-0.004665
0.011828
0.018783
-0.009290
-0.048331
-0.022813
0.014779
-0.031835
-0.001944
0.035111
0.031493
-0.020657
0.038979
-0.095567
0.003848
-0.049807
0.025323
-0.000003
0.047833
-0.017851
-0.014149
0.210997
0.022692
0.019129
-0.139864
0.059487
-0.033375
-0.010141
0.010195
-0.030611
-0.091368
0.022382
0.250083
0.001430
0.034497
-0.024581
-0.026851
0.023337
0.076172
-0.441800
-0.050774
-0.041228
0.079285
0.026830
-0.128705
0.000808
0.008359
-0.056596
-0.010548
0.041629
-0.037051
0.007336
0.022913
0.009910
0.108217
-0.004554
-0.056958
-0.171024
0.048646
-0.041152
-0.030398
0.094435
-0.087144
0.031664
0.038599
-0.215922
-0.075566
-0.044460
0.146328
0.038004
0.029477
0.059072
-0.026308
-0.144242
0.076285
-0.022372
-0.009473
-0.064530
-0.010815
-0.138734
0.076497
-0.013614
0.032551
0.010573
0.015282
-0.208321
-0.029350
0.028605
0.087957
-0.016592
0.009965
-0.054903
-0.021250
0.024219
0.090783
-0.021419
-0.332876
-0.002005
-0.023197
0.008337
0.082635
-0.011392
-0.063437
0.554100
0.053729
0.025277
-0.045748
0.003074
0.098958
-0.014913
-0.017212
0.116699
0.010281
-0.032546
-0.032937
-0.092702
0.029200
0.005311
-0.309412
-0.031743
0.066118
0.294292
0.061761
0.009831
0.007323
-0.140200
0.058104
-0.010118
0.065802
0.154269
0.011820
-0.022329
-0.032232
0.007405
-0.045445
-0.130415
-0.024690
0.167469
-0.060486
-0.004780
-0.053182
0.016600
-0.016621
0.134123
-0.187753
0.030824
-0.090951
-0.024843
-0.044936
-0.007809
0.000134
0.009277
-0.034405
-0.037339
-0.029384
0.037724
-0.038793
-0.017446
-0.024570
0.004522
-0.012147
0.046089
-0.062031
-0.002744
-0.002712
-0.002311
-0.000686
0.005676
0.022802
-0.043028
-0.022096
-0.003281
0.019087
-0.028197
-0.038763
-0.024741
-0.065672
-0.031569
-0.007312
-0.209603
0.041007
0.060250
-0.054475
-0.032501
-0.021396
-0.035245
0.009601
0.002904
-0.027424
0.001952
-0.001202
-0.130775
-0.086449
-0.014500
-0.055084
-0.016040
-0.037071
-0.005497
0.015101
0.067094
-0.008364
0.002382
0.006846
-0.036674
-0.006736
-0.061394
0.005731
0.000375
-0.020549
0.093337
0.019525
0.050022
0.248241
0.296649
0.042516
0.036105
0.461330
0.048296
-0.020916
-0.019844
0.028501
0.023030
0.029238
-0.007360
0.161943
-0.060879
-0.093453
0.023132
-0.059527
0.026986
0.031076
0.272777
0.202944
-0.007946
-0.049142
0.016213
-0.127740
-0.010928
0.006972
0.085146
-0.124942
-0.036034
0.012660
-0.002778
0.057542
-0.011939
-0.189268
0.031232
0.032332
0.123550
0.038018
0.009620
0.082924
-0.049125
0.154435
-0.002898
0.043948
0.843481
0.251684
0.013720
-0.331469
0.001386
0.005549
-0.076580
0.017722
0.389864
-0.107353
-0.046865
0.013647
-0.046782
0.015485
-0.186457
-0.105512
-0.021558
0.157250
0.011165
-0.003883
0.017750
0.019325
0.060003
0.002221
-0.003080
0.014038
-0.028310
-0.065262
0.054106
-0.187610
-0.050223
0.073477
-0.000290
0.054643
0.005273
-0.019470
-0.006527
0.014437
0.093496
-0.023975
0.021070
-0.043033
0.027543
-0.088050
0.010203
-0.036335
0.019057
0.033283
0.020657
-0.016371
-0.151595
-0.035807
-0.006436
0.075073
0.035432
-0.030135
0.105727
0.022751
0.023387
0.078023
-0.000629
-0.015380
-0.055559
0.060555
0.043554
-0.184498
0.024231
-0.052490
-0.068401
0.004484
-0.021794
-0.026268
-0.020355
0.061551
-0.001678
0.004502
-0.080571
0.020330
-0.196449
-0.020237
-0.004047
-0.091365
-0.024321
0.218307
-0.432152
0.033186
0.050688
-0.093411
0.029968
0.002651
-0.006617
0.026020
0.002286
0.195540
0.001584
0.562589
0.090614
0.230211
-0.018743
-0.047789
-0.017777
-0.012595
-0.085819
0.136072
-0.017907
0.104848
-0.008746
-0.019680
0.030453
-0.043063
-0.002500
-0.046841
0.159691
-0.010485
-0.095153
-0.001180
-0.005901
-0.193380
-0.151453
-0.155271
0.031038
-0.110511
0.003814
-0.066811
0.071130
0.009608
0.013451
0.142328
-0.500047
0.008002
0.042955
-0.375440
-0.016617
-0.000467
0.036288
-0.039240
-0.042197
0.221043
0.000498
0.037740
-0.035368
-0.032049
-0.118329
0.098716
-0.038738
0.206707
0.020279
-0.055547
0.003577
0.026623
-0.007782
-0.018116
0.030465
0.019237
-0.058490
-0.056554
0.037966
0.001708
-0.041507
-0.010836
0.008793
-0.010984
-0.021418
0.028548
0.007438
0.016267
-0.029682
-0.036594
0.013398
-0.004270
-0.002040
0.057846
0.030360
-0.016597
0.019929
0.047370
0.066840
-0.029148
-0.004421
0.021208
-0.022042
-0.156659
-0.003501
-0.016815
-0.051896
0.010539
0.027125
0.000197
-0.004063
0.016680
-0.024680
0.011793
0.003242
0.013585
-0.027856
0.040487
-0.088003
0.017015
-0.047327
-0.034058
0.035587
0.049482
0.050194
0.046955
-0.013705
-0.011555
0.022794
-0.017152
-0.035065
0.079579
-0.013459
-0.088749
0.072168
-0.000202
0.033780
0.089819
-0.007565
-0.044971
-0.016299
-0.032471
0.007763
-0.081203
-0.008576
-0.316762
0.017307
-0.055277
-0.025839
0.111396
0.011481
0.007663
0.079972
-0.002950
-0.032947
0.020992
-0.000745
0.042563
-0.012545
-0.014521
0.101430
0.040096
-0.003241
0.004750
-0.168366
0.016716
0.003373
0.098350
0.043025
-0.002685
0.005194
0.011109
0.002353
-0.023853
-0.013454
0.041426
-0.009032
-0.099514
0.154437
0.056938
-0.008971
-0.031137
-0.016347
0.027695
-0.049897
0.009123
-0.052805
0.027534
0.014549
-0.021743
-0.046018
-0.021992
-0.105211
-0.052690
-0.006639
0.003479
0.022271
0.150042
-0.048480
-0.046516
-0.017539
-0.473924
-0.045880
0.049052
0.018228
0.009536
-0.020214
-0.167202
0.049453
0.047106
-0.022508
-0.098784
0.011850
0.115671
-0.028375
-0.035777
0.494092
-0.415156
-0.004673
0.106848
-0.004081
-0.003397
-0.014058
0.023888
0.038557
-0.029987
-0.026432
0.078455
0.010310
-0.017935
0.061077
-0.068042
0.013588
0.020422
-0.038380
-0.015124
0.080127
-0.092461
-0.017697
-0.319032
-0.019653
-0.062554
0.075158
0.078041
0.015176
0.024589
0.005011
0.013227
-0.137198
-0.016554
0.051850
0.026799
-0.016319
-0.082305
-0.051855
0.015727
0.089272
-0.000397
-0.020753
0.329541
0.022960
-0.004363
0.011776
0.038518
-0.014404
-0.044124
0.033349
-0.028270
-0.019788
-0.005686
0.012925
-0.037855
-0.015316
0.007443
0.005061
-0.005195
-0.019085
-0.007994
0.024441
0.044714
-0.008515
-0.011564
-0.019685
-0.002273
0.000098
-0.010401
0.031962
-0.011924
0.010905
0.014833
0.026133
-0.037142
0.001936
0.041530
-0.029966
0.008626
-0.001251
-0.008376
-0.008553
0.013451
-0.000712
-0.022676
-0.012510
-0.028240
0.019212
-0.006533
0.018564
-0.043184
-0.019778
-0.004575
-0.017493
0.031747
0.002009
-0.021557
-0.032649
0.039486
0.011256
0.010765
-0.011460
-0.005468
-0.073044
-0.033070
0.019538
0.026160
0.045130
0.013695
0.018429
0.035945
0.049499
-0.001814
0.048946
-0.007476
-0.000207
0.003491
0.070740
0.024735
-0.056571
0.014147
0.017360
0.004570
-0.024625
0.031069
0.016182
0.027372
-0.015609
-0.044401
-0.014674
0.003059
0.001237
0.023060
0.029720
-0.010735
0.021924
0.078291
0.064476
-0.043590
0.044088
0.049952
-0.041065
0.004360
-0.021101
-0.004128
0.032868
0.010165
0.006079
0.059105
-0.007107
0.009678
-0.006254
-0.010501
-0.016676
0.030113
-0.061826
-0.001867
-0.000422
0.037479
-0.059099
-0.045838
-0.008633
0.038623
0.053644
0.049462
0.048610
-0.018200
0.014825
0.023366
0.015571
0.014789
-0.098067
-0.300478
-0.017780
0.007703
-0.033379
-0.094234
0.018340
-0.005794
-0.024218
0.006582
-0.031337
0.165560
-0.013362
0.038331
0.061732
-0.055395
0.009128
0.011577
0.003731
0.043774
-0.051832
0.102559
0.011766
-0.029875
-0.032314
-0.028404
0.023027
0.004835
0.060524
-0.079691
0.008833
-0.011902
-0.380452
0.001374
-0.053255
0.122889
-0.033447
-0.103236
-0.211815
0.024729
0.041070
-0.084637
0.047150
0.011316
0.020013
0.045318
-0.028997
-0.157671
-0.012045
-0.088035
0.004828
0.013883
0.070147
-0.000567
0.016899
0.026864
-0.042001
0.016436
-0.123473
0.004377
-0.170168
0.122991
-0.002480
-0.022136
0.055262
-0.001758
-0.007741
0.011430
0.030418
-0.024508
0.031006
-0.003488
-0.001611
0.072815
0.061358
-0.005545
-0.032596
-0.039607
-0.004975
0.002866
-0.009570
0.032342
0.004832
0.011837
0.003528
-0.000569
0.025653
0.019293
-0.006559
0.011011
0.016626
0.026373
0.024887
0.073215
0.029318
-0.019610
-0.081281
-0.024206
-0.040196
-0.042047
0.010771
0.018154
0.062311
0.120656
0.008600
0.044416
-0.057599
0.038298
0.013852
-0.013703
0.003829
-0.024919
-0.024707
-0.043765
0.052578
-0.016631
-0.030536
-0.022558
-0.004988
0.037618
0.027080
0.025006
0.052365
-0.010352
-0.055033
-0.008660
-0.011994
0.010149
0.014806
-0.023064
-0.021822
0.006965
0.014394
0.020538
0.023286
0.004856
0.059448
-0.003476
0.013607
0.060745
-0.001383
0.051783
-0.038711
0.025907
0.003721
0.003819
0.015604
0.013158
-0.013381
0.015645
-0.003305
0.027348
0.011647
-0.001726
0.018488
-0.018365
0.022865
0.003795
0.002021
-0.008472
0.132584
0.013383
-0.016626
0.053240
0.021415
0.023770
-0.000483
-0.041130
-0.006757
0.013644
0.034234
-0.020202
-0.026624
0.064413
-0.021503
0.004818
-0.016486
0.025737
0.102316
0.004347
-0.098117
0.002226
0.019982
-0.015266
0.006539
-0.003997
0.017683
0.007281
-0.026729
0.019610
0.037558
0.023817
-0.003406
-0.378912
-0.012045
0.012988
0.016549
-0.094819
0.022839
0.039032
-0.007755
-0.030671
0.014497
-0.231545
-0.013922
-0.002756
-0.075485
0.096485
0.003930
-0.015482
-0.053609
0.014871
0.081899
0.048795
-0.010445
-0.121780
0.019138
-0.175621
-0.000128
-0.014400
0.054600
0.041184
-0.024371
-0.034060
-0.012384
0.011038
-0.000505
-0.198373
0.006360
-0.006241
0.184333
0.105769
0.020425
-0.008362
0.043291
-0.076240
-0.024246
0.048895
-0.005871
-0.421760
0.060054
0.108764
-0.013985
0.006322
-0.162923
-0.001791
-0.217541
0.177798
0.078215
-0.059465
-0.148357
0.012134
-0.252602
-0.003435
0.061231
-0.263276
-0.026650
-0.041229
0.007682
-0.000301
0.019641
-0.012584
-0.020464
-0.017230
0.010667
-0.056489
-0.029708
-0.109184
-0.004307
-0.001009
-0.006637
0.032101
0.016700
-0.046975
0.011250
-0.019223
-0.020845
-0.037540
-0.037695
-0.118706
0.007632
0.025509
-0.030015
-0.047296
-0.019605
0.062716
0.017324
-0.021537
-0.069277
0.013003
0.045060
-0.215226
0.008616
-0.008491
0.002800
0.009929
-0.038952
0.019754
0.026824
-0.024914
0.014719
0.029636
0.005331
-0.156662
0.000495
-0.060696
0.022757
0.014716
-0.196874
-0.008349
0.009760
0.007282
0.031902
0.004281
0.016439
-0.003188
-0.115986
-0.038362
0.011246
-0.178016
-0.008759
0.006183
0.191665
0.003517
-0.005095
0.057558
-0.006305
0.046798
0.012553
0.020064
-0.023131
0.115111
0.009455
-0.110100
0.015779
0.096199
0.022242
-0.099327
-0.032088
-0.018276
0.058505
-0.021556
-0.011977
0.000953
0.001440
-0.094841
0.010130
0.007797
-0.192939
-0.027625
0.050300
0.011686
-0.186053
-0.061916
0.024443
-0.089346
-0.076571
-0.125819
0.064190
-0.029275
0.054296
0.098121
-0.061231
0.032041
0.055022
0.055695
-0.120826
0.008920
0.040688
-0.686460
-0.019738
-0.027389
-0.082695
-0.030677
-0.008702
0.044141
0.056856
0.017363
-0.005505
0.050221
-0.031119
0.053559
0.042345
0.098484
0.023540
-0.250530
0.011544
0.036785
0.015988
0.018176
0.014883
-0.004644
0.000162
-0.015102
0.056717
-0.085021
-0.013657
-0.067905
-0.004160
0.102607
0.004925
0.001939
-0.009909
-0.009281
0.109115
0.050216
-0.025870
-0.074467
0.018982
0.052789
-0.011747
0.018705
0.096375
0.028731
0.020344
-0.003855
-0.433257
0.010040
-0.013920
-0.247682
-0.013326
-0.005992
0.148540
0.032099
0.047264
-0.035444
0.041570
-0.012667
-0.005268
0.033959
0.059543
-0.055914
0.004812
-0.047644
0.028068
-0.009496
-0.030213
-0.039611
-0.175811
-0.095018
0.050928
-0.033461
-0.005870
0.003903
-0.010559
-0.120201
0.004504
0.023211
0.006958
0.059015
0.086687
-0.004142
0.042783
0.003292
-0.000468
0.036002
0.051948
-0.020761
0.033914
-0.032922
0.010895
0.224205
-0.029986
0.048452
0.032457
0.006302
0.008701
-0.041921
-0.172330
0.002183
0.095920
0.008367
0.052002
0.102433
-0.001493
0.024441
-0.024774
0.008080
-0.069834
0.025484
0.173443
-0.064268
-0.014196
-0.006125
-0.021154
0.018940
-0.159166
0.022232
0.085904
0.005603
0.076215
0.015219
0.037667
0.129991
-0.107622
0.048576
-0.015910
-0.107288
0.025744
-0.005984
0.020778
0.025529
-0.143007
0.118157
-0.029388
-0.006427
-0.062345
0.014553
-0.043120
0.047839
-0.018939
0.006677
-0.028709
-0.113447
0.000081
0.020992
-0.002691
-0.007560
0.012204
-0.036954
0.011480
-0.025362
0.001119
0.021517
0.007892
0.017226
-0.000809
-0.075285
-0.012067
-0.010396
0.040737
0.021214
-0.017714
0.023355
-0.029752
0.025356
-0.001167
-0.003898
0.014959
0.019872
-0.024364
-0.005097
0.009453
-0.041080
-0.066799
0.023220
-0.028183
-0.066280
-0.012278
0.018815
-0.046185
0.048232
-0.010998
0.021363
-0.026190
-0.011550
0.028649
-0.062289
0.067944
0.022512
0.005906
0.100762
0.015987
0.031794
-0.059877
-0.019983
-0.022963
-0.069180
0.015228
-0.007496
-0.012612
-0.012155
-0.121800
-0.035934
0.015444
0.015390
-0.083410
0.018384
-0.001355
0.013639
-0.035195
-0.028093
-0.004865
-0.046910
0.011887
0.024460
-0.045129
-0.015233
-0.027878
0.013537
0.082424
-0.050101
-0.007522
0.000547
0.023292
-0.003467
0.020683
-0.021261
-0.038625
0.010611
-0.008039
0.014509
0.010039
0.048838
-0.029805
0.021760
0.066149
-0.021067
-0.068731
-0.017216
0.010010
0.015486
-0.019881
-0.025125
0.032096
0.144586
0.039746
0.016115
0.005851
-0.004893
-0.119217
-0.026564
0.005864
-0.064468
-0.045391
-0.025866
-0.002306
-0.006611
0.018566
-0.017714
0.019622
-0.045044
0.015446
0.096528
-0.029960
-0.007096
0.009851
-0.105186
-0.035720
0.006481
0.006150
0.122743
0.044517
-0.057118
-0.031131
0.171456
0.002863
0.082899
0.065429
-0.040724
-0.025639
-0.049646
-0.030317
0.028327
-0.029965
-0.021782
0.007650
-0.018890
-0.051373
-0.052460
0.037385
-0.010481
0.083804
-0.047958
0.000553
0.152576
-0.001016
0.066132
-0.034043
-0.030516
-0.071344
0.024539
-0.021517
-0.023163
-0.004491
-0.228024
-0.045457
-0.030624
0.165920
0.033477
0.031944
-0.035125
-0.037704
0.115936
-0.056046
0.024805
0.009472
-0.104635
0.021480
-0.086827
-0.005567
-0.027053
0.077645
0.020523
0.100303
-0.114382
-0.022263
-0.035192
-0.012864
0.006881
0.011608
0.027244
0.010964
-0.007038
-0.054147
0.038478
-0.023551
-0.005303
-0.081171
0.054134
-0.012018
-0.027841
0.005929
-0.014062
-0.087138
-0.125400
0.010325
-0.023106
0.024628
-0.004790
0.014529
-0.087704
0.019758
-0.022153
-0.068276
-0.046339
0.001197
-0.017225
-0.004741
0.049378
-0.005986
0.010333
-0.049466
-0.021249
-0.003896
0.000095
-0.092380
-0.004043
0.022174
0.029095
-0.003693
-0.023535
0.028582
-0.011600
-0.017268
-0.011741
0.018943
0.003933
-0.021855
0.019085
-0.004807
-0.064686
-0.002387
-0.011562
-0.016138
-0.017131
-0.043341
-0.004203
0.011281
-0.029649
-0.029213
-0.060524
0.029453
0.008667
0.076792
-0.034853
0.009354
-0.043453
0.000520
-0.005098
0.045908
0.079451
0.018715
-0.010362
0.059635
-0.101694
0.023172
-0.047075
-0.005771
0.016379
-0.014804
-0.044428
-0.012076
0.009111
-0.035717
0.027353
0.066205
0.053598
0.003368
-0.025577
-0.090845
-0.022788
0.013006
0.013117
0.051773
-0.084657
0.024708
0.049860
0.035600
-0.111172
-0.020318
0.163162
-0.011973
0.001406
-0.025936
0.024310
0.019977
-0.368731
-0.014633
0.045084
-0.031180
0.038225
0.027232
-0.030803
-0.044824
0.025575
-0.061444
-0.005837
0.063848
0.126615
-0.026152
-0.042398
0.004861
0.038620
0.050200
0.022706
0.010412
0.001499
-0.063110
-0.050803
0.129571
-0.043731
0.027698
-0.053589
-0.055219
-0.050816
0.033586
-0.038322
-0.017575
0.023875
-0.002001
0.029991
0.033788
-0.047293
-0.001379
0.024118
-0.070402
0.093479
0.018403
0.033372
-0.040857
-0.028013
0.163829
0.049420
0.065026
0.006381
0.000280
0.076838
-0.033286
0.111344
-0.067026
-0.011512
-0.052761
-0.000737
0.004169
-0.031458
0.010324
0.110275
-0.030360
0.028772
0.151464
0.004099
0.145050
0.025787
0.084117
0.052306
0.034781
0.009880
0.037787
-0.000640
0.019386
0.057150
-0.010293
-0.064592
-0.217938
0.015467
0.015431
0.013994
0.005405
0.019849
0.028918
0.022187
0.168021
0.073018
0.020953
-0.027673
0.040096
0.556594
-0.179346
0.035349
0.013932
0.041600
0.043673
-0.005287
-0.006122
-0.000736
-0.065953
-0.085296
-0.017321
0.257642
-0.092334
0.052276
0.007865
-0.025522
0.035923
0.018573
-0.112651
0.022177
0.021565
-0.028716
0.003162
-0.099892
0.006272
-0.019080
-0.120601
0.041637
0.104921
0.035651
0.062631
-0.032317
-0.011939
-0.067882
0.022719
-0.054628
0.001918
-0.048543
0.008025
-0.005349
-0.013283
0.093060
-0.012564
0.047370
-0.254016
-0.228770
-0.090728
-0.409743
-0.004353
-0.005529
-0.113699
-0.026421
0.307006
0.044230
0.001727
-0.042048
-0.062953
-0.020167
-0.121409
-0.057955
-0.034593
-0.320504
0.038712
0.045072
-0.048014
-0.005592
-0.064899
0.057353
0.060171
0.080469
0.013900
-0.035726
0.013237
-0.091486
0.005426
-0.949489
-0.003826
-0.171432
0.006872
0.176653
0.021840
-0.007511
0.651165
0.063441
0.058709
0.020189
0.017182
0.052531
0.029475
0.036237
0.123874
-0.050118
-0.081626
0.010196
0.027100
-0.054417
-0.050067
0.068065
0.061037
0.060260
0.119846
0.021534
0.043964
-0.093788
-0.054536
-0.463170
-0.038772
-0.135074
0.335482
-0.017236
0.019905
-0.019122
0.001529
-0.030100
0.050979
0.048076
0.664750
-0.067055
-0.086806
0.014291
0.016662
0.001415
-0.138111
-0.181799
0.007105
-0.197234
0.008785
0.063616
-0.069031
-0.017767
-0.024913
0.005815
-0.022795
0.048934
-0.027443
-0.068286
-0.024187
-0.096945
0.013542
0.025826
-0.030703
0.036927
0.036944
-0.014233
-0.035317
-0.030979
-0.036656
0.025265
0.030502
-0.018305
0.003844
-0.029808
-0.010298
0.014256
-0.049525
-0.050770
-0.044469
0.051620
-0.012661
-0.068134
0.025004
0.097445
0.054357
-0.006677
-0.047234
-0.024344
0.030402
-0.019683
0.058161
0.011049
-0.054891
0.017346
-0.049358
-0.080300
0.034955
-0.041999
-0.066405
-0.024178
-0.029337
0.040765
0.025681
-0.039663
-0.036724
-0.009101
0.001837
0.021091
-0.020146
-0.038990
0.003623
0.002196
0.045989
-0.062689
0.050793
0.011427
0.009628
0.031733
0.027650
-0.002527
-0.006411
-0.025336
0.059977
-0.009910
-0.025520
0.077349
-0.015393
-0.006092
-0.023066
0.043798
0.004631
0.031762
0.016473
-0.000734
0.002617
-0.038020
0.002199
-0.016896
0.023058
-0.006465
0.047896
0.007182
0.033280
-0.020257
0.001408
0.025685
-0.029811
0.109355
-0.007064
0.019952
-0.037696
0.055668
-0.015083
0.002541
-0.010851
-0.040093
0.028861
0.001865
0.031699
-0.013357
-0.006887
0.010036
0.002874
0.016040
0.025239
-0.022121
-0.025941
-0.012139
0.003020
0.044799
-0.033355
-0.008876
-0.145679
0.046581
-0.009728
-0.000896
0.005089
0.002643
-0.016184
0.017440
-0.000449
-0.039419
0.015141
-0.024270
-0.082203
0.026250
-0.009202
0.009529
0.008627
-0.022990
0.015084
-0.048635
-0.012994
-0.015885
0.017339
0.022467
-0.001408
-0.002551
-0.036053
-0.006124
-0.004678
-0.003427
0.012455
-0.017839
0.001777
0.005289
-0.022629
-0.026360
0.045984
0.037136
-0.002352
-0.019618
-0.028217
0.011459
0.031811
-0.062292
-0.018912
0.028386
-0.010700
0.028740
0.154760
-0.035911
-0.007829
0.013392
0.021180
-0.004128
-0.023686
0.032887
-0.002404
-0.026985
-0.023737
-0.049785
0.000846
-0.076148
0.026273
-0.002050
-0.017994
-0.020565
-0.011804
-0.027681
0.028795
0.015411
0.019657
0.016905
0.000631
-0.015852
-0.002948
-0.022850
-0.012315
0.009970
-0.015089
-0.133499
0.016928
0.023823
0.003433
0.025734
-0.015561
-0.017028
0.029947
0.016458
0.001484
0.018780
-0.032138
-0.032144
0.002855
-0.054838
0.015847
0.025060
-0.039009
-0.010708
0.007013
-0.031730
0.056611
0.011029
-0.010962
-0.041037
-0.009224
0.009138
0.052776
-0.001951
-0.006247
-0.018207
0.032608
-0.071063
0.045712
0.013968
0.030908
-0.056513
-0.005986
-0.008371
-0.001145
0.016456
0.026854
-0.015272
0.002224
0.106556
0.005731
-0.044392
-0.046011
-0.007942
-0.189100
0.030804
-0.018467
-0.000446
0.028782
0.003208
-0.059344
-0.036892
0.030262
-0.182965
0.008797
0.050659
0.007519
-0.044761
0.046629
0.078620
0.025439
0.030854
-0.013461
0.030222
0.016153
0.117015
-0.019072
0.037424
-0.260912
-0.014379
-0.009758
0.095540
0.007458
-0.010297
-0.005195
0.016072
0.035238
-0.023239
0.006105
0.032058
0.187188
-0.025094
-0.007265
0.099895
-0.003177
-0.075809
0.003987
0.012261
-0.028823
-0.036613
0.117189
-0.032760
0.028781
0.055396
-0.111687
0.002495
0.004478
-0.002437
0.078610
0.016808
0.062997
0.015346
0.099074
0.142943
0.008127
-0.013859
-0.053167
0.014838
0.037830
0.046218
-0.032027
0.205078
-0.009722
0.016923
-0.010545
-0.055706
-0.008121
-0.015468
-0.037015
0.041724
-0.013799
0.004189
-0.043574
-0.020800
0.041634
-0.035021
0.004644
-0.059287
0.032838
0.013052
-0.032203
-0.022257
0.035879
0.012787
0.044195
0.028418
0.002023
-0.024602
-0.018740
0.005187
0.000536
-0.018757
-0.044767
0.068154
0.062962
-0.052800
0.030011
0.036559
0.035015
0.002570
-0.059799
-0.082696
0.043692
-0.014187
-0.024171
-0.043149
-0.070956
-0.036841
0.016989
-0.056582
0.039741
0.051823
-0.030411
-0.020102
0.028217
0.054893
0.058575
0.010224
-0.051057
-0.094425
-0.027971
0.026209
0.020757
-0.016075
0.019054
0.069446
-0.023614
0.009658
0.115292
-0.002623
-0.004290
0.110062
0.000277
-0.002474
-0.008097
0.002659
-0.025803
-0.063997
-0.003117
0.053273
0.000206
0.002691
0.016197
-0.044594
-0.008484
-0.013265
-0.035351
0.018765
0.025743
-0.041636
0.006815
0.011227
-0.011240
-0.063337
-0.026939
0.027581
0.087279
0.010108
0.026240
-0.018149
-0.010941
-0.094087
-0.020226
-0.002158
0.001146
-0.005334
0.069395
0.014047
0.011797
0.088358
0.004107
0.064115
0.032187
0.093999
-0.019731
0.048147
0.011680
-0.028907
0.050739
-0.015495
-0.013858
-0.139596
0.023974
-0.055279
0.066694
-0.000405
-0.029520
0.004576
0.000853
0.031050
-0.015004
0.002628
0.002596
-0.041586
-0.010114
-0.020948
-0.033424
0.078832
0.030579
-0.198258
-0.053288
-0.013702
0.020122
0.077464
-0.059875
0.066362
0.029276
0.019850
-0.040718
-0.084240
0.079151
-0.007024
0.049790
-0.098562
0.007224
0.100576
-0.032321
-0.053965
-0.076612
-0.072261
-0.083431
0.040948
-0.049533
0.004212
0.060497
-0.177134
-0.003534
0.016606
0.136050
-0.079309
0.048352
-0.018385
0.002528
0.011588
-0.092023
0.037447
0.025237
-0.063552
0.046564
-0.071531
-0.031920
0.001890
0.040292
0.077330
0.040340
-0.034348
-0.039765
-0.122217
-0.011612
-0.006409
0.069420
0.058974
0.104818
-0.003282
-0.067041
-0.088565
-0.037698
0.044682
-0.012127
-0.101717
0.025237
-0.049894
0.011476
-0.049176
-0.046007
0.012079
0.061084
0.066686
0.010897
0.093446
-0.001282
-0.108219
0.067676
-0.005790
-0.287068
0.096846
-0.011460
-0.022072
-0.021918
-0.010425
0.027835
-0.062397
-0.150645
0.045987
-0.082184
0.009969
-0.193851
0.082691
0.047555
0.012199
-0.022311
-0.065384
0.087192
-0.267758
-0.077706
0.011930
0.089550
0.131871
0.280724
0.036159
0.252858
0.136911
0.016852
-0.251188
-0.198404
0.064545
-0.006704
0.024275
-0.048254
-0.000191
-0.002978
-0.085344
0.028448
0.019349
0.020176
-0.066764
0.160944
0.083416
0.048209
0.024033
0.042124
-0.000653
-0.003985
-0.033649
0.008745
0.029075
0.019827
-0.022442
0.038567
0.010459
-0.013569
-0.004155
-0.020935
-0.049557
-0.012635
0.028359
-0.004706
-0.013116
-0.145473
-0.030700
0.002250
0.028292
-0.002260
-0.046561
0.008003
0.048980
0.088782
0.016118
-0.017038
-0.001022
-0.024366
-0.030070
-0.007585
0.089455
0.007383
-0.096004
-0.275682
0.016694
0.011192
-0.048590
0.045355
-0.005297
0.000819
-0.025301
0.002403
0.048285
-0.003452
0.011138
-0.013459
-0.012429
0.004266
0.001288
0.131536
-0.011648
0.000429
-0.005410
-0.075281
-0.014231
-0.012358
0.011212
-0.003184
0.093379
0.020369
-0.154589
0.089503
0.018131
0.067803
-0.142182
0.019602
-0.005562
-0.001490
0.035149
0.079482
-0.151462
-0.018204
0.114840
0.009861
0.027285
-0.008981
0.090200
-0.006260
0.003214
0.006138
0.019122
-0.002887
-0.066079
0.004839
0.004650
-0.003479
-0.001231
0.030614
0.021967
0.027885
-0.021166
-0.157402
0.023045
-0.024462
-0.117397
-0.014214
-0.049747
0.074768
0.053852
0.020926
-0.026745
0.001213
-0.049253
0.008686
0.039853
-0.106626
-0.061058
-0.025027
0.111713
0.016499
-0.016667
0.042149
-0.032084
0.046557
0.056369
0.013305
-0.035143
-0.112580
-0.004716
-0.081352
0.046723
-0.016439
-0.096349
-0.011402
-0.047287
0.044150
0.001027
-0.000638
0.174977
-0.008471
-0.035402
-0.018700
0.018961
-0.048016
-0.115522
-0.007284
0.004540
0.034532
-0.005068
0.007787
-0.074464
0.040098
-0.016604
0.052607
-0.038806
-0.013009
-0.083359
-0.030600
0.033229
-0.004868
-0.037991
-0.067178
0.036420
0.032785
-0.021001
-0.090511
0.025591
0.016548
-0.125589
0.004628
0.049579
0.032867
-0.017634
-0.003418
0.060294
-0.035641
0.098237
0.000592
-0.003682
-0.036673
-0.131356
0.012408
-0.095431
0.002087
0.007075
-0.052542
-0.008285
-0.061513
-0.035279
0.014687
-0.037501
0.051152
-0.010812
-0.023322
-0.012271
-0.003496
-0.142656
0.017393
-0.158816
-0.049890
-0.014746
0.035194
0.125220
0.048412
-0.025627
-0.046334
0.007959
0.051466
0.051070
0.005371
0.000610
-0.057084
-0.057527
0.034841
-0.034699
0.054428
-0.007016
-0.673107
-0.101692
0.034690
-0.166459
-0.007981
0.028092
0.023032
-0.030785
-0.129726
0.086157
0.117886
-0.053158
0.018966
0.016467
-0.069261
-0.080457
0.034504
-0.207828
0.025731
-0.036343
0.039231
-0.002584
0.212342
-0.383133
0.029602
-0.012634
0.131333
0.042569
-0.051867
0.044896
-0.031166
-0.004255
0.160925
-0.008289
0.589056
-0.071936
0.056501
0.014935
-0.004252
0.010571
0.076618
0.103130
0.000906
0.086559
-0.032324
-0.072871
0.106675
0.021401
-0.009735
0.128738
0.012389
-0.028920
-0.036856
0.052370
-0.027343
-0.001234
0.023576
0.164135
0.007481
0.013320
0.012902
-0.061509
0.030912
-0.004734
-0.086433
-0.054935
0.025140
-0.021024
0.011579
0.014808
-0.005276
0.008627
0.009626
-0.035974
0.050233
-0.003057
-0.126373
-0.010220
-0.008860
0.224459
-0.012431
0.030944
-0.171570
0.050234
0.000328
-0.011464
-0.024475
-0.051589
-0.005291
-0.000624
-0.006720
-0.001306
-0.025598
-0.000979
-0.004803
0.001452
-0.039241
0.006664
0.008784
-0.009748
-0.017067
-0.005523
0.000929
-0.019004
-0.035617
-0.020168
0.007096
-0.001297
0.034829
-0.013374
0.032147
0.021258
0.014758
-0.011027
0.041259
-0.029120
-0.007252
0.001833
0.037578
0.004191
-0.037552
-0.023850
0.005311
0.002546
-0.018597
0.065158
0.015996
0.022641
0.025448
-0.037777
-0.010884
-0.024785
0.003695
0.009309
0.022949
-0.022240
0.046769
0.045843
0.042915
-0.040335
0.052697
0.048376
-0.033181
0.017167
-0.003757
0.000296
-0.032119
0.002393
-0.003109
0.043233
0.013227
0.027561
-0.091140
-0.006349
-0.010850
0.046860
-0.072480
0.001690
-0.039889
0.015698
-0.015128
-0.044020
0.001909
-0.034441
0.042368
0.010867
0.024573
-0.007871
0.006543
0.004964
0.055592
-0.006166
0.018098
0.047730
-0.025826
-0.005990
0.014722
0.364044
0.006379
0.023185
0.002584
-0.013954
0.050363
-0.025076
-0.020996
-0.247260
-0.028993
-0.158304
0.002079
0.102085
0.021878
-0.022975
0.094238
-0.098243
0.035441
0.042548
0.024011
0.200630
0.022410
0.023022
0.059674
0.068615
0.001014
-0.032207
-0.000350
-0.007036
-0.037624
-0.093431
-0.014329
-0.047915
0.059281
0.057295
0.072874
-0.016276
0.031722
0.191141
0.015996
0.017696
0.352937
0.314359
0.003125
0.050888
0.053758
-0.008557
-0.003320
-0.013585
-0.071931
-0.253894
0.027368
-0.080292
0.213913
0.015732
0.211410
-0.113860
-0.001418
-0.003313
-0.001329
0.033682
0.011811
0.017761
0.025240
-0.021206
0.026492
-0.039599
-0.017524
0.028936
0.023840
0.060473
-0.030540
0.032430
0.017472
-0.032386
-0.013251
0.017586
0.023485
0.012558
-0.020001
-0.029428
-0.020161
-0.000151
-0.006568
0.022144
0.001206
-0.012659
0.027927
0.053105
0.062421
-0.017683
0.003952
0.007284
-0.003296
-0.020845
-0.009881
-0.044492
-0.078551
0.092147
0.004280
0.033391
0.010386
0.021172
-0.041603
-0.013505
0.024375
0.081571
-0.032573
0.015485
-0.012440
-0.005544
-0.027803
-0.015349
-0.019566
0.004865
0.022571
0.041903
0.051108
-0.015071
0.020953
-0.003742
-0.049614
0.056711
0.095326
-0.011761
-0.122646
-0.022782
0.163272
0.040665
-0.012616
0.050160
-0.012524
0.129232
0.096453
-0.041604
-0.011556
0.023352
-0.018604
-0.042554
0.003651
0.123722
-0.039107
-0.043826
0.113459
-0.022689
0.038613
0.032830
0.013861
-0.065146
-0.017189
0.093329
0.107142
0.035514
-0.083065
0.018990
-0.091040
-0.049621
0.006291
0.096237
-0.000253
0.040966
-0.146221
0.068158
0.104730
0.155575
-0.249887
0.009575
0.000831
-0.013099
0.060820
-0.010458
0.039402
0.056283
0.106123
-0.044102
-0.223402
0.029785
0.035895
0.113769
-0.008321
-0.021254
-0.012873
0.003214
0.096678
-0.008495
-0.062696
-0.040147
0.020376
-0.007447
0.094406
-0.008461
0.019234
0.183711
0.008933
0.005908
-0.011246
-0.008253
-0.004942
-0.073893
0.008982
0.043932
-0.023015
-0.032395
0.011774
-0.022125
0.013208
0.001224
0.037904
-0.024513
0.007228
-0.028287
0.003784
0.035585
0.005356
-0.019638
-0.020753
0.068311
0.025827
0.010780
0.022754
-0.009343
0.003648
-0.047696
-0.008744
0.004461
0.022591
0.023109
0.020555
0.026448
0.003213
0.042743
0.006783
0.043635
0.045840
0.080419
-0.019279
0.058133
0.010580
0.012601
0.047250
0.013158
-0.009248
-0.143561
0.015796
-0.028724
0.067257
0.015247
-0.025958
0.002834
0.007276
0.008123
0.023395
0.016800
0.027329
-0.002412
0.011337
-0.015187
0.008985
0.011540
-0.021707
0.028425
0.053156
0.030154
-0.028277
0.013598
-0.046742
-0.006189
0.002577
0.030386
-0.006638
-0.003198
0.023555
0.017864
0.022809
-0.016434
0.007139
0.004144
0.000511
0.051147
0.012078
-0.000801
0.047264
0.012667
-0.007774
-0.046760
-0.013211
-0.047601
0.012851
0.016828
0.003289
0.238360
0.014424
0.001352
-0.019092
-0.015610
0.091807
-0.011600
0.001701
-0.008050
-0.053809
-0.002180
0.065505
-0.033911
-0.029645
-0.008156
-0.009123
-0.050143
0.005083
0.093094
0.001806
-0.002353
-0.038032
-0.007927
-0.119499
0.021369
0.031349
-0.025090
-0.023861
-0.008731
0.025293
-0.030260
0.051268
0.054141
-0.000602
-0.011142
0.089580
-0.036027
-0.047500
-0.017641
-0.084490
0.126941
0.015825
0.110330
0.023500
-0.011226
0.029489
0.008975
0.091188
0.048884
0.025546
-0.004762
0.024887
0.019772
0.189070
0.037584
0.100464
0.009377
0.045811
-0.043501
-0.038207
-0.037022
0.062604
0.073125
-0.003302
-0.019392
0.137190
-0.007223
0.064630
0.002150
-0.074033
0.199771
-0.042790
0.067595
-0.021347
-0.041705
-0.041074
-0.002473
0.013687
-0.001559
-0.060388
0.049411
0.028013
0.169189
0.030349
0.041359
-0.033653
-0.031815
-0.137968
-0.022073
0.026027
-0.021539
0.090086
-0.030959
-0.005609
0.186241
-0.011695
0.031572
0.000889
-0.002992
0.007249
-0.108493
-0.025203
0.023930
0.021696
0.018297
-0.006080
-0.012823
-0.032048
0.003588
0.037080
0.014525
0.011700
-0.012482
0.001404
0.034115
0.014162
0.007749
0.013782
0.039425
0.009385
0.020472
-0.004900
-0.014473
-0.007751
-0.126313
-0.025644
0.017020
-0.069388
0.011829
0.031425
0.028809
-0.019906
0.021672
-0.039124
0.006760
-0.020488
-0.004742
0.015056
0.000118
0.041444
-0.000699
0.031909
-0.004873
-0.071852
0.011913
0.009996
-0.001246
0.036808
0.003396
0.034306
-0.074366
-0.019853
-0.159155
-0.013420
0.193711
0.034613
-0.029222
0.038242
0.103708
0.025280
-0.011799
-0.025528
-0.067000
0.039044
0.103387
-0.024362
-0.047792
0.047154
0.031102
0.006279
0.006267
0.004333
-0.000368
0.033841
-0.011120
0.016675
-0.028586
-0.013765
0.048766
-0.010587
-0.023721
-0.008661
-0.013715
-0.003553
-0.036429
-0.308467
0.034746
-0.000923
0.015237
-0.014959
-0.057059
0.002789
0.131024
0.074557
-0.039491
0.108840
0.072257
0.021137
0.059817
0.080669
0.060719
-0.087071
-0.105455
0.038482
-0.002734
0.239799
0.002992
-0.035056
-0.094809
-0.026704
-0.014245
0.033531
0.005191
0.378525
-0.051872
0.046275
0.065246
0.020021
0.071591
-0.084282
-0.014334
0.003205
0.032424
-0.022216
0.021337
0.007458
-0.104830
0.000741
-0.046246
-0.013344
0.062523
0.079373
0.059509
0.011007
0.042446
-0.002974
-0.048519
0.073745
0.068802
0.030020
0.111695
0.017070
-0.096470
-0.015896
0.054387
0.044965
0.008154
-0.025506
0.040025
-0.034637
-0.029396
0.039676
0.138459
0.029861
-0.021107
-0.195902
0.110670
0.023670
0.035044
0.098232
-0.004662
0.000897
0.066517
-0.138514
-0.044547
0.041741
-0.070571
-0.094430
-0.028412
0.068778
0.005397
0.033680
0.049921
-0.009373
-0.002162
-0.033387
0.002324
-0.018789
-0.117564
0.007571
0.055445
-0.006813
0.068079
-0.009853
0.027165
0.017669
-0.038914
-0.025665
-0.016289
-0.023507
0.000390
-0.004216
0.061472
0.014373
-0.114215
-0.016884
-0.033453
0.012908
0.027460
-0.006668
-0.032872
0.143336
0.040069
-0.010420
-0.046149
-0.012075
0.049404
-0.004426
0.000075
-0.025209
0.007707
-0.052536
-0.007770
-0.120564
-0.014512
0.028994
-0.285281
-0.014281
0.043259
0.121570
0.046747
0.015720
0.004597
-0.121483
0.049419
0.010861
-0.000524
-0.072349
0.026375
0.021773
-0.014388
-0.024197
0.002126
0.079414
0.012093
0.015020
0.031653
-0.045663
-0.020760
0.030467
-0.029973
-0.048199
-0.035061
-0.000976
0.056629
-0.024073
-0.057644
0.029200
-0.070133
-0.036376
-0.081082
-0.032476
0.112857
0.023351
-0.141959
-0.036772
-0.061064
0.015621
-0.039477
-0.034458
-0.000767
0.058320
-0.031738
-0.056101
-0.105571
0.014614
-0.022218
0.074074
0.043571
0.002556
0.107770
-0.017573
-0.001742
-0.066444
-0.011601
-0.064974
0.060198
0.029462
-0.063133
0.030568
-0.186636
0.019865
0.061397
0.081453
0.102450
0.011801
-0.101547
0.073730
0.031686
-0.109061
0.111487
0.037442
-0.033120
0.058246
-0.021737
-0.080327
-0.050460
-0.037749
0.073888
-0.025112
-0.009815
-0.014136
-0.084103
-0.036681
0.035148
0.141008
-0.033708
0.008769
-0.075052
0.026691
-0.111750
0.029695
-0.009193
0.000659
-0.075056
-0.027610
0.033796
0.149353
-0.044527
0.031834
-0.003148
-0.003095
-0.151410
0.023370
-0.072827
0.015570
0.052316
-0.027379
0.020910
0.073962
0.002580
0.024719
0.055321
0.016053
-0.040264
-0.015567
-0.026321
-0.077168
0.026858
-0.040494
0.015898
0.336774
-0.036344
-0.022800
0.146211
0.000422
0.079556
-0.078024
-0.059099
-0.016716
-0.009863
-0.054260
-0.077755
0.074822
-0.023924
0.121950
0.310482
0.065661
0.088549
0.054204
0.007936
0.020735
0.000377
-0.039120
0.001784
0.031839
0.020738
-0.045795
0.000562
-0.088384
0.040986
0.004658
0.108489
0.019597
0.016373
0.033133
0.029500
0.006163
-0.025359
0.019969
-0.033279
0.020294
0.007521
0.031418
0.011261
-0.004648
0.047657
0.015317
0.007372
-0.009606
0.015215
0.006888
0.041968
-0.029744
-0.011460
-0.044133
-0.013255
-0.010838
-0.065189
0.018392
-0.005450
0.012576
0.007373
0.029991
-0.029909
-0.031248
0.033311
-0.009398
0.124787
0.000375
-0.019768
-0.096137
0.003551
0.008557
-0.013286
0.019791
-0.045697
0.024232
-0.011715
0.025202
-0.018868
-0.026904
-0.060587
-0.019929
0.006165
0.020498
-0.006966
-0.034750
0.001535
-0.006598
0.039365
-0.019037
-0.002651
-0.019998
-0.015972
0.004920
0.031820
-0.043196
-0.137272
0.031766
0.026528
0.010109
-0.032116
0.006504
-0.003007
0.004287
0.021996
-0.028834
-0.053182
0.023287
0.078294
0.098422
0.062426
0.005017
-0.013386
-0.018461
0.005028
-0.015516
0.029236
-0.000031
0.009158
0.007660
-0.123737
0.007093
0.003758
0.016419
0.083352
0.016407
0.011991
0.035133
0.014454
0.005960
-0.042877
-0.037865
0.011068
-0.041208
0.010939
-0.006651
0.025793
0.021521
-0.041589
0.005285
0.075148
-0.125115
-0.169362
0.028429
0.086348
-0.005521
-0.005756
0.027144
-0.016328
0.006952
0.118667
0.016192
0.009001
-0.058193
-0.015731
0.104978
0.136448
0.008384
-0.033358
0.078207
0.024280
-0.073305
-0.003555
-0.021579
0.233487
0.026088
0.020959
-0.014645
-0.009138
0.042177
0.098160
0.009756
-0.179306
-0.124800
-0.187525
0.013763
-0.009625
0.058652
-0.020168
0.143750
-0.120659
0.029824
0.148355
0.032218
-0.012758
-0.006160
0.011149
0.023294
-0.019149
0.034343
0.055574
-0.032022
0.037581
-0.017645
-0.094378
0.063997
-0.022616
-0.055275
0.012333
0.067308
-0.069621
-0.083932
-0.261733
0.019820
-0.045586
-0.061887
-0.108790
0.003862
0.143854
0.012844
-0.020466
-0.058958
-0.000883
-0.269422
-0.048649
-0.016756
-0.038949
-0.004319
0.031591
0.056112
0.023961
0.023866
0.581362
0.042592
0.287158
0.326727
-0.026842
0.014676
0.044724
-0.000825
0.036248
0.129949
-0.054218
0.019393
-0.097544
-0.029054
0.304160
-0.053142
0.100768
0.023794
-0.004096
-0.072438
-0.023011
0.131503
-0.013695
0.063516
-0.105579
0.090898
0.093050
-0.054014
0.018002
-0.030827
-0.079200
-0.028941
0.040294
-0.268807
-0.044465
-0.008541
0.078522
-0.092011
0.137956
-0.010690
-0.146978
0.075793
-0.008697
-0.082211
0.009769
0.012646
0.036836
0.018364
-0.102786
0.056893
-0.034986
-0.044062
-0.052599
0.008552
-0.007696
-0.119566
-0.091963
-0.000376
0.044026
0.204794
0.040267
0.004438
0.006294
-0.048341
-0.192984
0.009387
-0.018015
0.012303
0.007951
0.044047
-0.028410
0.027628
-0.000235
-0.007259
0.001670
0.048897
-0.024423
-0.006970
-0.057688
-0.000682
-0.049619
-0.020249
0.068472
0.016533
0.011012
0.038147
0.010478
0.005929
-0.005156
0.004170
0.005056
0.008315
-0.012270
0.091876
0.033761
0.001815
-0.011249
0.038360
0.032938
-0.033641
0.063220
-0.009939
0.011123
-0.000455
-0.013355
0.007589
0.030981
-0.014638
0.002254
0.035072
-0.021327
-0.001619
-0.024965
-0.005218
0.000381
0.015332
0.012675
-0.012729
-0.003593
-0.018416
0.024105
0.021645
0.034877
0.005902
-0.001402
-0.086310
0.031229
0.026770
0.004104
0.022067
0.036018
0.012131
0.007040
0.025980
-0.002516
0.018794
0.009373
0.040513
0.018427
-0.028208
0.074306
-0.003034
-0.015919
-0.025674
-0.028188
0.018940
0.071353
0.018143
0.045900
0.034180
0.070701
0.009729
0.074937
0.005014
-0.023623
0.000680
-0.042145
0.031980
-0.137994
0.033181
-0.001752
-0.130822
-0.004165
0.001966
0.549827
0.019574
-0.057801
-0.153082
-0.016660
0.002952
-0.089442
-0.027753
-0.015840
0.006783
0.025274
-0.001088
0.058153
-0.021206
0.003829
-0.034092
0.039902
0.150777
0.029273
-0.045095
-0.072263
-0.078608
0.040117
-0.099754
-0.007310
-0.029829
0.039484
0.021219
0.005812
0.017065
0.190316
0.251994
-0.003484
0.012632
-0.290169
-0.044903
0.007319
-0.048827
-0.012253
0.094850
0.103887
0.083659
-0.143832
0.037678
0.065280
-0.001638
0.034547
-0.028418
-0.052401
-0.183828
0.078878
-0.027705
-0.021462
0.003982
0.105240
0.023224
-0.040287
0.049550
0.043605
-0.263044
0.067471
-0.204980
-0.005367
0.036086
-0.540285
-0.048240
-0.070689
0.032546
0.213517
0.067352
0.097939
-0.209541
-0.092229
-0.040999
0.020753
0.110951
0.097605
0.043490
-0.051093
-0.016470
0.041669
0.225454
0.058922
0.042003
0.194425
-0.012173
0.011562
0.079323
-0.018664
-0.135330
-0.049119
0.033862
0.133665
0.023202
-0.060101
-0.060489
0.005047
-0.014346
0.026031
0.010909
0.027513
-0.016230
-0.009068
0.000632
0.045861
0.000218
-0.108490
0.006731
-0.091124
-0.006689
0.063805
0.003186
-0.017810
0.185352
0.070136
0.013456
0.038072
0.003345
0.013571
0.018459
0.013949
0.105814
-0.032023
-0.026920
-0.001834
-0.091066
-0.021457
0.000306
-0.062298
-0.008057
0.007051
0.084548
-0.002115
0.041048
-0.003797
-0.130661
0.028008
-0.031031
-0.034881
-0.058658
0.002985
-0.004056
-0.044448
-0.021229
0.003865
0.000045
0.008056
0.022370
0.052017
-0.014064
-0.023540
0.022089
0.002688
-0.019151
-0.083482
0.024518
-0.075726
-0.003100
0.012848
0.027881
-0.021373
0.017140
-0.106009
-0.013403
0.063494
-0.011521
0.010897
-0.013445
-0.142097
0.003760
-0.013397
0.086475
0.034171
0.013524
-0.070554
-0.061686
0.001563
0.102048
0.035346
0.016623
-0.021783
-0.008248
0.043398
0.002952
0.024913
-0.021646
0.018320
-0.007784
0.031471
-0.119774
-0.027676
0.001325
-0.149144
0.016732
-0.012774
0.342819
-0.064921
0.001276
0.070540
0.013881
0.023124
-0.027665
-0.030205
0.110328
-0.236968
0.091857
-0.204658
-0.014082
-0.037599
-0.066581
0.002095
-0.239293
0.136186
0.035474
0.052621
-0.020203
-0.012176
-0.054269
-0.017169
0.010351
-0.559364
-0.030294
0.003230
-0.006975
-0.011761
-0.010433
0.018604
-0.030411
0.027093
0.027545
-0.045081
-0.047432
0.023524
0.017043
0.037643
-0.006449
0.005278
0.028273
0.014652
-0.014248
-0.032641
0.005494
0.080339
0.019684
-0.004236
-0.009965
-0.076018
-0.023422
0.008930
0.010985
-0.079555
-0.022603
0.049830
-0.127973
-0.042736
0.038761
0.221571
0.022505
-0.016556
-0.058812
0.015619
-0.016275
-0.041480
-0.021787
-0.043636
-0.077142
-0.030923
-0.052654
0.029801
0.021668
-0.013028
-0.024218
0.001394
0.154308
0.052766
-0.043967
-0.070954
-0.063447
-0.032018
0.002047
0.002850
-0.116899
-0.040662
0.018178
0.005309
-0.007981
0.032065
-0.026848
0.024764
0.009365
-0.026780
0.021470
-0.034308
0.004649
0.004707
0.020656
0.019136
-0.018801
0.014544
-0.000641
-0.028255
-0.011672
0.013643
0.030794
0.031590
0.003669
0.004809
-0.033837
0.014385
-0.012877
-0.000943
0.017601
-0.012241
0.017186
-0.004475
0.062192
-0.032388
0.020228
0.032770
-0.014670
0.036445
-0.018620
0.004909
0.007583
-0.002692
-0.041307
-0.007907
-0.015332
-0.015912
-0.026118
-0.032741
0.006720
0.019035
-0.035994
0.060352
-0.013035
0.001275
-0.061975
-0.025532
0.007932
-0.079390
0.002011
0.048160
-0.011778
-0.005737
0.027536
0.008779
0.001796
0.029446
-0.072601
-0.042803
-0.011444
-0.014346
-0.034720
0.052421
-0.060006
-0.002897
0.026712
-0.017485
-0.107245
-0.080776
0.027179
0.041203
0.040201
-0.046410
0.024566
-0.074911
-0.015621
-0.030005
0.008522
0.013059
-0.012969
0.028538
0.001399
-0.032637
-0.032127
0.020401
-0.056962
-0.060475
-0.038059
0.043672
-0.035836
-0.024400
0.034577
-0.033343
-0.003273
-0.040842
0.054921
-0.046825
-0.023934
-0.057826
-0.028594
-0.042900
0.102343
-0.021026
-0.003734
-0.006482
0.101389
-0.011290
0.004250
0.012312
-0.048630
0.022844
-0.003321
-0.005616
-0.019330
-0.035470
-0.035343
0.002723
-0.092976
-0.029750
-0.016091
-0.019484
-0.032474
0.171950
-0.123282
-0.007744
0.001269
-0.130468
0.013122
-0.021684
0.036605
-0.003593
-0.041947
0.016285
0.019173
-0.380753
-0.035003
-0.025857
0.002945
0.007802
0.029685
-0.027508
0.049278
0.046587
0.025492
0.037917
0.000862
0.216468
0.011576
-0.014943
0.097609
-0.080258
-0.007554
-0.020745
-0.050112
0.007893
-0.015010
-0.072820
-0.050185
-0.034398
0.024825
0.027710
0.021626
-0.025409
-0.059158
0.189075
-0.013934
0.025220
0.126650
0.059045
-0.014718
-0.080576
-0.018576
0.004827
-0.106611
-0.031988
0.037115
-0.060438
-0.015817
-0.016416
0.027850
0.023614
0.214945
0.020492
0.034076
0.025318
0.001830
-0.014271
0.018305
-0.002691
0.024465
0.559719
-0.012917
0.056906
0.005595
0.006984
-0.008018
-0.167782
-0.005102
-0.173110
-0.013185
-0.004487
0.022830
-0.107547
-0.024129
-0.034990
0.013022
-0.016615
0.091428
-0.120720
-0.000885
0.288233
-0.017578
-0.012224
-0.063744
0.119910
-0.009021
-0.010658
0.013446
0.015678
0.024876
-0.130847
-0.037854
0.057067
0.224362
0.009020
0.020844
0.174723
-0.004759
0.080976
0.021524
-0.024117
0.188948
-0.014848
0.002658
-0.190423
-0.026533
-0.019347
-0.154129
-0.018788
-0.009094
0.051226
0.072048
-0.007008
0.280015
-0.000933
0.091318
-0.132560
0.052812
-0.396674
0.127666
0.502781
-0.145233
0.042834
0.015175
0.294128
0.013170
-0.029076
0.070115
0.000742
0.066298
0.100835
0.019315
-0.093985
-0.077414
0.135774
0.026087
0.000896
0.044676
-0.005301
0.117840
0.033953
0.022276
-0.027745
0.021698
0.031794
0.006182
-0.012907
-0.045428
-0.078321
0.025745
0.004877
-0.025405
-0.007834
0.013231
0.045727
-0.011526
-0.157306
-0.138548
-0.033504
0.027527
-0.123187
0.076110
0.077039
0.023180
0.056371
-0.336820
-0.181667
-0.035134
-0.544644
-0.040795
-0.029948
0.102560
-0.039848
0.216071
0.211330
-0.050471
-0.017979
0.037104
0.020631
0.076505
-0.063296
-0.008156
0.429340
0.017664
-0.124605
-0.019840
0.010133
0.029894
-0.043435
-0.007912
-0.007069
-0.021970
0.028884
-0.016274
-0.035232
-0.001973
-0.047838
-0.011266
0.052767
-0.012142
-0.002913
0.025928
0.028658
-0.014414
-0.016462
-0.028754
-0.049865
-0.004484
0.018420
0.024062
-0.024560
0.007571
0.012744
0.024992
-0.002958
0.023236
0.007120
0.011014
-0.039419
-0.009607
0.000750
-0.114446
-0.007699
-0.006533
0.012267
-0.028173
-0.011639
-0.016319
-0.017180
-0.053700
-0.002631
-0.002701
0.071079
0.025513
0.010898
-0.014026
-0.024420
-0.044757
-0.057792
0.008115
-0.028030
-0.014232
-0.012542
-0.065675
0.014342
-0.035815
-0.081288
0.006967
0.113518
0.047260
-0.032028
-0.080739
-0.077010
-0.036644
0.033563
0.085578
-0.084417
0.009357
0.101422
0.029041
-0.114888
-0.045649
-0.014738
-0.029513
0.014432
-0.027259
0.019816
0.301223
0.112754
-0.022781
0.076771
0.014867
-0.127559
0.018992
0.103008
0.002116
-0.053786
-0.038432
0.021313
-0.030150
-0.044116
-0.003194
0.109217
0.006225
-0.024386
-0.155776
0.033914
0.028458
-0.026738
-0.095423
0.091023
0.002854
0.037461
-0.281187
0.024597
0.007867
0.046766
-0.059163
0.020209
0.320049
0.049889
0.087728
0.142523
-0.065189
0.042483
-0.149580
0.044306
-0.321998
0.115372
0.119890
0.350373
0.064075
0.041856
0.059599
-0.023598
0.041019
0.091510
-0.029758
0.030290
-0.024945
-0.040437
0.015152
0.053213
-0.037568
-0.001808
-0.003733
0.019387
-0.018205
0.070355
-0.033801
-0.027685
0.300829
0.079304
-0.021584
-0.026347
-0.010906
0.039644
0.007670
0.024710
0.066053
-0.018396
-0.054625
0.010996
0.021753
-0.017319
-0.004580
-0.128856
-0.018899
0.009157
0.165716
0.002473
-0.045399
0.129031
-0.134602
0.000410
-0.019816
0.007723
0.114939
0.043264
-0.015859
-0.046531
-0.029759
-0.020040
0.001423
0.018109
-0.050433
-0.001322
0.006822
0.004814
0.079113
-0.020670
-0.003934
-0.073175
-0.000064
-0.076340
-0.065426
-0.289590
-0.005218
-0.004720
0.001574
-0.086549
-0.012663
-0.037054
-0.016089
0.008710
-0.051798
-0.086291
0.008927
0.062192
0.040884
-0.020855
-0.006163
0.012153
-0.001529
0.012627
0.034981
0.002848
-0.033562
-0.044242
-0.005022
-0.036945
-0.008658
-0.024347
0.008688
-0.027887
0.048233
0.002032
0.010421
-0.012020
0.007546
-0.044604
0.005303
0.036994
0.121227
-0.023303
0.009104
0.011489
-0.011759
-0.028729
-0.001560
-0.033783
0.165556
-0.057721
-0.001552
0.221223
0.038388
-0.006996
-0.110560
-0.017727
-0.072527
0.057523
0.003619
-0.002575
0.021880
-0.007894
-0.171805
0.020237
-0.034066
-0.138407
0.013917
0.400580
-0.143182
-0.011209
0.003899
-0.131352
-0.035721
0.041502
-0.009506
0.011670
-0.025292
0.072243
-0.034803
-0.028394
0.228924
0.190740
0.006986
-0.021095
-0.023959
0.016391
0.351330
-0.040661
0.062511
-0.078568
-0.005409
0.162487
-0.042715
-0.076911
-0.048345
-0.019909
-0.014970
-0.025070
-0.015256
-0.009260
0.061547
0.051186
-0.023340
-0.007522
0.176881
0.051865
0.012344
0.111176
-0.019353
-0.037533
0.012605
0.071617
0.268233
-0.171887
0.066978
-0.406286
0.033734
0.026317
0.062656
0.039444
-0.663669
0.215626
-0.012528
-0.020059
-0.131673
0.035521
-0.099341
-0.146283
0.023278
-0.880253
0.000120
0.163748
-0.035920
0.015051
-0.060833
-0.293204
-0.000346
0.026978
0.025419
0.055303
-0.011913
0.049512
0.021891
-0.048530
-0.039063
-0.045689
0.020515
0.114404
-0.047367
0.002053
0.496368
-0.009648
-0.020800
0.139180
-0.014481
-0.128771
-0.052026
0.008708
0.060953
-0.093440
0.059551
0.079474
-0.076665
-0.036182
0.076024
-0.036432
0.018818
0.075966
-0.047385
-0.070279
-0.054520
-0.043000
-0.243459
0.027644
-0.032774
-0.089411
-0.020400
0.167515
0.036599
0.092565
0.008756
0.032037
-0.078693
0.025073
0.169964
-0.023950
-0.074381
0.072415
-0.077659
0.015672
-0.152876
-0.091607
-0.011790
0.304737
0.014775
0.079199
0.005665
0.024253
0.049141
-0.141574
0.014478
-0.042397
-0.086288
-0.020452
-0.011608
0.061446
0.008954
0.180078
0.006974
0.035747
-0.024537
-0.032561
0.000818
0.029370
-0.033716
0.026913
-0.060977
0.068675
-0.014492
-0.031688
0.026031
0.020623
0.017641
-0.055450
0.058444
-0.030593
-0.201912
0.041919
-0.027838
0.083914
-0.034815
-0.076231
-0.009122
0.038582
0.000228
-0.048914
0.010795
-0.025046
-0.005739
-0.001589
-0.117964
-0.110085
-0.010892
-0.076930
0.032262
0.025344
0.068257
-0.034825
-0.010369
0.052337
-0.005977
0.030220
-0.173685
-0.021532
-0.037428
-0.058742
0.036955
0.026817
0.071887
-0.029346
-0.097877
0.001495
0.035418
-0.033588
0.055250
0.031514
0.044447
-0.130782
0.085789
0.018487
0.017742
0.020335
-0.053265
0.134379
0.012552
0.086099
-0.024385
0.023408
-0.045520
0.024641
0.087404
-0.063490
0.057436
0.054274
0.023688
-0.058596
0.151777
0.002583
-0.109303
-0.008043
-0.057406
0.066370
-0.028782
-0.058783
0.038642
0.030243
-0.075187
-0.097328
0.108301
-0.064751
0.035961
-0.044817
0.104798
0.197140
0.077922
-0.034295
0.007399
0.098597
0.224958
0.067430
0.077433
0.009630
0.085941
-0.024678
0.020317
-0.208130
0.012587
0.008197
-0.008122
0.011514
0.143099
-0.022281
0.000460
0.005282
0.006207
-0.014889
0.013679
0.040761
-0.017812
0.015440
0.075858
0.025524
0.001510
0.042054
-0.010028
0.008233
-0.021529
0.024904
0.003195
-0.013149
-0.021986
-0.023935
-0.011323
0.003536
-0.010201
0.012144
0.007635
0.007091
-0.027701
0.001694
0.000521
-0.006087
-0.047064
0.007972
0.099009
0.014457
0.021131
0.061683
-0.012789
0.005263
0.067221
-0.095528
-0.055098
0.027200
0.015167
0.010387
0.050230
0.004300
-0.004642
-0.011679
0.033322
0.008676
0.169563
0.006163
-0.031074
0.014275
0.015814
-0.009773
0.008195
-0.021607
0.053400
0.009535
-0.013206
0.017284
0.034334
-0.009001
0.028714
-0.005758
0.029104
-0.002097
0.013856
0.017999
0.000958
-0.001060
0.028682
-0.039040
0.068506
-0.057572
-0.020243
-0.207861
-0.024270
-0.033157
-0.007557
0.108387
-0.000318
0.020519
0.045257
0.003807
0.006673
-0.024264
0.004865
0.047479
0.022194
0.018580
0.014374
0.017073
-0.026793
-0.025123
-0.046201
0.013205
-0.011609
0.124447
0.051035
0.047417
0.074448
0.006118
-0.008544
0.029274
-0.065554
0.007803
-0.011399
-0.101646
0.155121
0.048938
0.002372
-0.086607
0.004000
0.026192
-0.019350
0.008016
-0.061583
-0.089991
0.024404
-0.014462
0.038665
0.035233
-0.040261
-0.107211
-0.005233
0.004841
0.076815
0.016300
0.030231
-0.011528
0.098530
0.023917
0.032398
0.079127
-0.040168
-0.162118
0.095403
0.034051
0.025236
0.030882
-0.031907
0.007801
0.028243
0.045623
-0.023112
-0.007680
-0.001246
0.052028
0.135025
0.051066
0.011809
-0.052787
-0.013256
-0.078402
0.101508
0.039159
-0.128675
0.049323
0.048194
0.001539
-0.034167
0.056018
0.048846
-0.112882
0.016964
-0.144580
0.067490
0.138462
0.009350
0.014554
0.059034
0.011290
-0.009231
0.035663
0.069024
-0.006665
0.065054
0.016171
-0.027619
0.041679
0.002344
-0.038586
0.022874
-0.176045
0.080302
0.030951
-0.017593
-0.010203
0.176595
-0.031800
-0.004175
0.102062
0.040899
0.030928
0.004501
-0.065561
0.044822
-0.034806
-0.040775
0.016198
-0.036692
0.036909
0.016307
0.106226
0.002086
0.036677
-0.000488
-0.074402
0.024125
0.008068
0.013275
-0.000209
-0.001795
-0.018738
0.016287
-0.041553
0.027003
0.005675
-0.085754
0.040827
0.006029
-0.011206
-0.053362
-0.009230
-0.025087
-0.100944
-0.040832
-0.019765
0.050322
-0.011466
0.006006
0.012345
0.014969
0.004206
0.022888
0.067778
-0.100447
-0.002761
0.003700
-0.026301
-0.032414
0.007085
0.119667
-0.033735
0.052710
0.032381
-0.009200
0.002869
-0.045854
0.012217
0.006784
0.040362
-0.019203
-0.048524
0.036302
0.050180
-0.038780
-0.000589
0.037909
-0.006492
-0.013997
0.029099
0.013702
0.011793
0.010990
0.002272
-0.010101
-0.115341
0.007762
-0.059857
-0.003327
0.021133
-0.005568
0.010266
0.135359
0.035049
-0.021388
-0.014426
-0.007814
0.011771
0.016325
0.020483
0.026345
-0.060360
-0.035292
-0.004343
-0.070170
-0.025248
0.019822
-0.132546
-0.028325
-0.001592
0.031497
-0.028190
0.011896
-0.002511
-0.075756
0.001699
0.048435
0.003444
0.036808
0.023423
0.016033
-0.017570
0.033407
0.014772
0.004142
0.007862
0.046050
0.011265
-0.021416
-0.026733
0.016821
0.000950
-0.036081
-0.086583
-0.026406
-0.004202
-0.009259
0.039226
-0.010599
-0.042931
-0.007924
0.055865
-0.010431
0.047264
-0.032997
-0.081257
0.001914
-0.009779
-0.022066
-0.010288
0.005643
0.010807
0.015748
-0.037087
-0.029595
-0.016662
0.041928
-0.014282
0.033774
0.032172
0.006306
-0.005968
-0.000460
0.023876
0.020303
0.018552
0.015939
0.034441
-0.055973
-0.059774
0.005617
0.005985
-0.003116
-0.028674
-0.013700
0.150456
-0.017433
0.018736
0.001518
0.026671
-0.102702
0.013020
0.012039
-0.004176
-0.011957
-0.025968
-0.064226
-0.050788
0.001871
0.014910
-0.030878
0.043705
-0.008290
0.018682
0.003350
0.009905
0.046941
-0.008199
-0.057392
-0.041732
0.002015
-0.035391
0.028329
0.035273
-0.002473
0.005863
0.029864
-0.038941
-0.077109
-0.021885
0.025815
0.009495
-0.033776
0.015434
-0.010477
0.003132
-0.010822
0.007690
0.022996
0.023975
0.020239
-0.024408
-0.013463
-0.050250
-0.015578
0.026849
0.031068
-0.055309
0.021990
0.052667
-0.004453
-0.057786
0.186978
0.061250
-0.041319
-0.059969
-0.025162
-0.029191
0.061892
0.141976
-0.042475
0.009977
-0.010452
-0.001897
-0.330377
-0.039978
-0.021738
-0.009726
-0.059681
0.019536
0.005022
0.031840
0.033771
-0.010651
-0.041845
0.020749
0.031418
-0.033980
-0.001394
-0.008300
-0.019247
0.012258
0.072975
-0.030693
-0.033054
0.033935
-0.009150
0.000042
-0.043995
0.061767
-0.023782
0.042992
-0.012746
0.036320
-0.040812
-0.039445
0.013425
0.061238
-0.043060
-0.034697
0.041583
-0.023109
-0.001640
-0.046122
-0.089080
0.043740
0.028592
0.022181
-0.006160
0.010866
-0.009824
0.004977
0.011155
-0.040348
0.006500
0.059502
-0.236979
-0.019366
0.009042
-0.100799
0.008353
0.022480
-0.029183
-0.036479
-0.008687
-0.052828
-0.039634
-0.001718
-0.018225
-0.007619
0.032153
-0.008781
0.028596
0.106717
0.016555
-0.001770
-0.013230
0.033208
0.157729
-0.107180
-0.000294
0.057926
-0.088250
0.005502
0.101955
0.032466
0.021084
0.271123
0.033417
0.034841
-0.006484
-0.009168
-0.007776
-0.124877
0.001709
0.001230
-0.013915
-0.007814
0.009464
-0.042593
0.012167
-0.028574
-0.064112
-0.034648
-0.000414
0.049606
0.011680
0.003659
-0.127293
-0.022176
0.000470
-0.002043
-0.007108
-0.010736
0.010714
0.032385
0.042448
-0.019930
-0.013985
0.007057
-0.008186
-0.013514
0.007131
0.084275
0.013446
-0.048219
-0.132301
0.017148
0.001159
-0.042834
-0.019311
0.033221
0.021450
-0.012873
0.012230
0.030998
-0.014393
0.030047
0.015669
0.014186
0.043433
0.010325
0.133894
-0.013749
-0.014470
0.001890
-0.101269
-0.006642
-0.066390
-0.025137
0.009623
0.056959
0.003414
0.122629
0.075181
-0.044434
0.006477
-0.097700
-0.018771
0.070655
-0.000020
0.015794
-0.043063
0.007602
0.033026
0.074183
-0.014633
0.023278
0.033599
-0.050510
-0.004560
0.000195
0.021065
0.024751
0.063784
0.016292
0.011980
-0.006372
-0.027127
0.037830
-0.033546
-0.057146
-0.048110
0.034264
-0.108021
-0.062094
-0.000571
0.012831
0.008996
-0.034683
-0.030135
-0.002029
0.131713
-0.014467
0.015564
-0.004943
-0.054905
0.057921
-0.079720
-0.067669
0.014977
-0.058906
0.032124
-0.035746
0.030565
0.045876
0.043317
0.039946
-0.035230
-0.063783
-0.004067
0.027497
0.019990
-0.082930
0.001262
-0.022418
0.006591
-0.263811
-0.001332
-0.000954
0.022739
-0.128290
0.016435
-0.011081
-0.008944
-0.031055
0.007760
0.222477
-0.004845
-0.089909
0.100585
-0.121359
-0.015148
0.120209
-0.010915
-0.005122
0.033843
0.139128
-0.014434
-0.001235
0.047033
0.050982
0.033221
0.046225
0.152636
-0.160578
-0.069758
-0.000091
-0.081113
0.026457
-0.017213
-0.013554
-0.008499
0.062892
-0.018340
0.045991
0.033262
0.002231
-0.062466
0.060526
0.011416
-0.033946
0.136909
0.106124
-0.044511
0.313077
0.009951
0.045680
0.090479
0.004259
-0.170311
-0.195456
0.012777
-0.004668
0.172231
0.031178
0.137884
-0.100354
-0.000494
0.202451
-0.016934
-0.065147
0.055410
-0.001973
-0.047133
-0.058008
0.005427
0.045108
0.118290
-0.141351
0.020097
-0.032643
-0.039949
-0.064395
-0.028730
-0.066330
-0.000943
0.021362
-0.022809
0.010589
-0.000934
-0.017728
0.024446
-0.025601
-0.032999
0.010111
0.011331
0.012290
-0.009549
-0.011587
0.071452
0.005462
-0.084928
-0.009987
-0.032279
0.035675
-0.005536
0.035469
-0.017730
0.263323
0.037628
0.068999
0.090627
-0.005311
-0.094544
-0.007169
0.015798
0.008518
-0.049517
0.024141
-0.109500
-0.018218
0.026821
-0.017538
0.018422
-0.018858
-0.002016
0.175350
-0.042036
-0.009542
0.022167
-0.002162
-0.028727
0.024321
0.001929
0.022483
0.001867
0.004252
0.002572
0.012364
0.027346
0.010847
-0.067501
0.003119
0.056367
-0.038247
-0.051816
-0.032273
-0.016525
0.026770
0.001662
0.078672
0.001665
-0.003539
-0.008395
-0.004586
0.019402
0.050709
-0.010797
-0.044619
-0.016607
0.040056
0.045290
-0.020599
0.140581
-0.006202
0.048264
-0.036285
-0.017723
-0.040122
-0.004726
-0.004684
-0.032271
0.158013
0.042498
0.074707
-0.005602
0.001913
-0.220124
-0.009626
-0.004580
-0.065899
-0.108907
0.023541
-0.004271
-0.059734
-0.010118
-0.021112
-0.030512
0.010724
0.019627
0.214632
0.003435
0.010291
0.021230
0.011261
-0.076268
-0.014941
0.033392
-0.057211
0.105995
-0.012941
0.035767
0.104160
0.007963
0.002312
-0.006760
0.043577
-0.001111
-0.107215
-0.000547
0.023899
0.013935
0.044847
0.002979
-0.051039
0.016942
-0.004577
-0.193549
-0.013254
0.031149
-0.054507
0.011027
0.064165
0.002547
-0.000737
-0.094644
0.065035
0.005140
-0.006509
0.009135
0.015072
-0.030013
0.018958
-0.008846
-0.002047
-0.059271
0.026078
0.036712
-0.001852
0.066587
0.014770
0.018008
0.117908
0.012312
-0.066822
-0.005417
0.000566
-0.022727
-0.001045
-0.029281
-0.017097
-0.050697
-0.063891
0.047271
-0.041012
0.039586
0.008298
0.104056
0.017978
0.024416
-0.094014
0.048282
-0.022239
-0.041525
-0.019539
0.048284
-0.031345
-0.014459
0.042467
-0.005505
-0.022516
0.017794
-0.040762
-0.027179
-0.105006
-0.024133
-0.033424
0.002920
0.030310
-0.036491
-0.039187
0.062111
-0.101013
0.018153
0.031923
0.003638
0.107415
-0.016533
-0.019725
0.010250
0.048170
-0.034123
-0.026996
-0.179171
-0.011155
0.001563
-0.229747
0.014004
-0.014620
0.191977
0.068303
-0.009677
0.069184
-0.065661
-0.026614
-0.026933
0.049496
0.018194
-0.057049
0.015176
-0.062259
0.011164
-0.019967
-0.108754
0.007778
-0.015384
0.017709
0.033182
-0.017032
0.002603
0.001706
0.041561
-0.136458
-0.001102
-0.081798
0.016425
0.041592
-0.015183
0.015786
-0.012656
-0.142089
-0.005751
-0.011509
0.018309
0.003102
0.021679
0.037165
0.011499
-0.132442
0.003454
-0.112909
-0.007631
0.072844
0.013498
0.001265
0.177549
0.039729
-0.030268
0.043978
-0.005013
0.006890
0.015271
-0.026106
0.026525
-0.063971
0.011727
-0.003779
-0.108987
0.013121
-0.021171
-0.042178
0.024829
0.030944
-0.017172
-0.038255
-0.011126
-0.089843
-0.073345
-0.047624
-0.026851
-0.079770
0.015012
0.009628
-0.000477
0.059238
0.009212
0.014605
0.111880
-0.012545
0.055542
-0.008482
-0.046206
0.051887
-0.140082
-0.011969
-0.065109
0.009632
0.000496
0.082282
-0.032557
-0.236105
0.109495
0.003164
-0.009478
-0.201740
0.023508
0.031200
-0.048833
-0.037062
0.019615
-0.080227
0.023725
-0.060108
0.027737
-0.075605
0.017480
0.104419
0.038741
0.030362
-0.071347
-0.016054
0.003726
-0.030976
-0.018022
0.033116
0.023113
0.026432
0.015600
-0.027663
-0.042938
0.002498
-0.099510
-0.009183
-0.050341
-0.024340
0.012488
0.048946
-0.111925
0.070280
-0.033371
-0.070736
-0.077508
-0.052719
-0.008208
-0.085433
0.080882
0.106913
-0.004826
0.187284
0.003463
0.013426
0.056603
0.003437
-0.065009
-0.198919
-0.053252
0.041930
-0.061534
0.020544
-0.029311
-0.040730
0.056054
-0.050281
-0.011648
-0.000645
0.010676
0.038431
0.010272
-0.032360
0.014244
0.005760
-0.051902
-0.011363
0.026257
0.130042
0.043559
-0.032920
-0.040602
-0.076457
0.009183
0.142284
0.039223
-0.007765
-0.090462
-0.014854
-0.036194
0.052592
0.002837
-0.120117
-0.016339
-0.044340
0.082459
-0.010869
0.010197
0.009596
-0.043250
0.019482
-0.012288
0.068084
0.075721
-0.124350
-0.313967
0.044592
0.045376
-0.163431
-0.096737
0.049550
-0.005251
0.006183
-0.032472
0.092014
-0.082474
0.125205
-0.022947
0.001415
0.058008
0.003645
0.079816
-0.130794
-0.010876
-0.022417
-0.039376
0.014445
0.021255
0.042452
0.021691
0.240026
0.016876
0.091434
-0.010481
-0.020658
-0.010864
0.038981
-0.014518
0.042942
0.051606
0.041804
-0.000502
-0.128109
0.013482
0.007407
-0.027551
0.013872
0.010829
0.015992
0.004145
0.003720
-0.096919
-0.022969
-0.000957
-0.000198
0.019810
0.055093
-0.010077
-0.002858
-0.026452
-0.018994
-0.007466
0.022758
-0.317044
-0.024005
0.009558
0.129706
-0.013931
0.019935
-0.156732
0.009189
0.036519
-0.015639
0.066552
-0.085897
0.006041
-0.022364
-0.075413
-0.196308
0.043824
-0.026811
0.001039
0.014297
-0.115527
-0.000717
0.071948
0.044972
-0.014378
-0.023172
-0.065382
-0.007248
-0.096144
0.056519
0.058907
-0.105063
0.058882
-0.048997
-0.024200
0.003897
0.014223
0.184184
0.005560
-0.010408
0.052538
-0.005198
-0.013196
-0.051394
-0.012136
-0.002535
0.013428
0.009844
-0.008448
-0.064155
0.027552
0.013652
-0.033821
0.033431
0.046283
-0.107257
0.002383
0.122526
0.010130
-0.022809
-0.063656
0.024786
0.063942
-0.013017
-0.015293
0.021282
-0.022552
-0.040227
-0.000645
0.013514
0.093550
-0.008951
0.041895
0.037053
0.019183
0.053219
0.005467
0.054125
-0.050732
-0.059606
-0.025621
-0.019668
0.012562
-0.010370
0.003068
-0.001075
-0.151990
-0.031206
0.028038
-0.057516
0.097675
-0.008638
0.035968
0.003361
-0.020564
-0.104419
0.029863
0.084284
-0.039680
-0.021282
-0.057270
0.072203
-0.026462
-0.000785
0.101410
0.052569
-0.014637
-0.009202
0.010919
0.026826
-0.085423
0.041256
0.018390
-0.007058
0.021649
-0.017254
0.021271
0.053884
-0.004882
0.177535
0.010051
-0.299187
-0.017839
-0.017908
-0.028406
-0.041783
-0.027387
0.014990
0.150586
-0.023827
0.042308
0.172457
0.040855
-0.081356
-0.154826
-0.055304
0.026933
-0.105477
0.048060
-0.159975
-0.009604
-0.027396
-0.033250
-0.003763
0.020564
0.091595
-0.046853
-0.000177
-0.014317
0.018741
-0.069464
0.005349
-0.020495
0.004173
-0.064598
0.037377
-0.029621
-0.037157
0.117262
-0.037735
-0.026306
0.002745
0.013833
0.012475
0.001191
0.230693
0.044736
-0.014945
0.004272
0.018678
-0.059975
-0.240957
0.014161
-0.123590
0.027370
0.038657
0.014392
-0.022657
0.012897
-0.010602
0.067814
-0.116054
0.025849
-0.108693
0.011946
0.031571
0.020840
0.010715
-0.068545
0.111794
0.060374
-0.016232
0.124931
-0.007257
-0.017695
-0.390100
0.013087
-0.043273
0.263236
-0.011054
0.015208
0.050259
0.114807
-0.020375
0.035654
0.071474
-0.065848
-0.269713
-0.007073
-0.324666
0.031012
-0.005867
-0.040046
-0.018452
-0.091272
0.090502
0.101058
0.015161
-0.090824
-0.027555
-0.068869
-0.004513
0.010592
-0.481796
-0.058680
-0.049639
0.005530
-0.000668
-0.057337
-0.072796
-0.011715
-0.054687
0.017151
0.025079
-0.038464
0.005460
0.036202
-0.046803
0.030956
-0.014030
-0.011693
-0.000110
0.042287
0.003521
-0.012923
-0.022200
-0.026784
-0.063816
-0.012286
0.040958
-0.008566
0.014744
-0.028297
-0.043275
-0.035470
-0.015539
-0.318181
0.041493
0.006451
0.047670
-0.028409
-0.056958
-0.048398
0.051967
-0.001484
-0.064801
-0.022342
-0.010458
0.026156
-0.104344
0.000323
-0.033622
0.045806
-0.012361
0.012227
0.001671
0.079675
-0.026677
-0.083589
-0.040192
-0.027999
0.051171
-0.047381
-0.013856
0.017554
0.007111
0.019115
0.014890
-0.019965
-0.063109
-0.023742
0.023563
0.014222
0.042394
-0.015383
-0.004132
0.026517
0.077674
-0.022476
-0.068097
-0.001750
0.153362
0.026191
0.093338
0.003081
-0.008095
-0.029020
0.008085
-0.045291
0.026379
0.003157
-0.053058
-0.000369
-0.051402
0.011808
0.016279
-0.076644
0.028125
0.046703
-0.022709
-0.173193
-0.000840
0.008869
0.007461
-0.025251
0.003670
-0.010847
-0.037598
0.052327
-0.012936
0.001148
-0.052331
-0.008393
0.048408
-0.117881
-0.246980
0.032785
0.013454
0.067573
0.004959
-0.099615
-0.029791
0.010772
0.083928
0.037519
0.005693
-0.140647
0.005010
-0.166367
0.086454
-0.036496
0.004882
0.008184
0.020401
0.038441
0.033225
0.024714
-0.011917
0.022181
-0.037479
0.025526
0.005188
0.032465
-0.058981
-0.043239
-0.006681
0.029388
-0.018022
-0.031031
0.006122
0.021256
0.005802
-0.083050
-0.077687
-0.072229
-0.029303
-0.019208
0.176173
0.020572
-0.011822
0.012759
0.075505
0.058201
-0.045596
-0.124808
0.075665
-0.016459
-0.234461
-0.054606
-0.060259
0.001283
0.037643
-0.021719
0.055484
0.020967
0.083766
0.009761
-0.041416
0.108521
-0.012936
-0.047286
-0.044019
0.006617
0.031615
-0.084772
-0.046641
0.020896
-0.089855
0.050319
0.035785
-0.000217
-0.008100
0.181268
-0.080641
0.028696
-0.044242
-0.040216
0.106846
0.074179
-0.028263
0.002824
-0.006494
-0.020013
0.029549
0.035559
0.067017
-0.055165
-0.028802
0.021109
-0.002760
0.028295
-0.056543
0.013313
0.015278
-0.004252
0.014388
0.053375
-0.043508
0.021991
-0.034203
0.017651
0.051015
-0.027879
0.014313
0.128113
-0.010727
-0.088283
0.031972
-0.526204
0.001983
0.024996
-0.057923
-0.020299
-0.024518
-0.055266
0.024181
0.012260
0.006076
-0.003731
-0.102462
-0.009734
0.029979
0.154415
0.110701
0.046957
-0.065877
-0.030549
0.005063
0.123770
0.015560
-0.066044
0.051316
0.015523
-0.029314
0.066171
0.013697
0.098801
0.018459
0.081221
0.195562
0.072760
0.136609
0.046282
-0.050702
-0.004955
0.047653
0.054450
0.103125
-0.309343
0.176624
0.003613
-0.043886
-0.026749
0.041858
-0.052923
0.079949
0.056299
-0.035028
-0.026450
-0.137656
-0.003106
0.009980
0.241871
0.028843
0.017441
0.007554
0.033205
0.239217
-0.021349
0.081448
-0.201572
0.045454
0.027906
-0.165912
-0.042940
0.086326
0.116334
0.054186
0.063085
0.132316
-0.061642
-0.014352
0.051396
0.027904
-0.278162
0.102709
0.000231
0.125125
0.065158
0.021799
-0.290409
-0.108955
-0.070961
0.052021
0.034908
0.064104
0.022859
-0.166027
0.104572
0.047340
-0.114132
-0.129633
-0.075836
0.083407
0.028805
0.013995
-0.014373
-0.046488
0.062843
-0.021398
-0.062679
0.005771
0.036502
0.006021
-0.018213
-0.049536
0.024003
0.050618
0.011899
0.062426
-0.002973
0.062185
-0.066606
-0.019884
-0.014909
0.045558
-0.015292
0.043583
0.004862
0.065300
-0.046516
0.110471
0.010767
-0.056858
-0.064510
0.089167
-0.051382
-0.127069
0.036446
0.057166
-0.005423
-0.048525
0.031181
0.003690
-0.022156
0.001643
0.012726
0.021926
0.627800
-0.004679
0.040442
0.031545
0.118785
-0.026807
-0.466668
-0.044285
-0.034594
-0.031227
0.000584
0.044068
-0.026429
-0.041976
0.019542
0.007589
-0.005135
-0.096175
-0.261027
-0.038365
0.056598
0.209960
-0.013179
-0.041726
0.015818
0.388405
-0.024961
-0.010847
-0.012570
0.000307
0.013859
-0.267756
-0.015519
-0.405228
0.004849
0.118056
-0.048552
-0.106477
0.044000
0.029536
-0.335706
-0.311970
-0.019713
-0.152081
0.001557
0.162591
0.021789
-0.007824
-0.234613
0.064672
-0.069694
-0.063634
0.027083
-0.000029
-0.022371
0.502779
0.008568
-0.114154
-0.210709
0.010774
-0.003570
0.080813
0.176361
-0.006371
0.046914
0.052366
-0.067661
-0.183437
-0.084189
-0.507337
0.015645
-0.026961
-0.090405
-0.012533
0.027137
0.070125
0.007313
-0.024923
0.023618
-0.028543
0.170837
0.089433
-0.008815
-0.449567
0.079853
-0.008471
-0.036996
-0.005830
0.068968
-0.055474
0.014673
-0.005346
-0.094134
0.032322
0.075520
0.089017
-0.016495
-0.143974
0.003605
0.008885
-0.032348
0.050466
-0.010224
0.037399
-0.012689
0.018092
-0.019739
-0.031808
0.009533
0.075299
0.018707
-0.003844
0.048326
-0.024940
-0.005800
-0.034682
-0.354507
0.036763
-0.034812
0.068728
-0.016424
-0.035702
-0.059448
0.065322
0.056320
-0.069164
-0.017302
0.083963
0.012171
0.061142
-0.000833
0.143097
-0.020888
0.000987
0.040654
0.017256
0.106106
-0.000442
0.053293
-0.098461
-0.012526
-0.069523
-0.073994
-0.000241
0.097257
-0.002144
-0.015212
0.104535
-0.003937
0.060818
0.010929
0.030758
0.003993
-0.022217
0.019281
-0.049606
0.002677
-0.011166
0.010691
0.013284
-0.003507
-0.031936
0.005172
-0.019036
-0.021119
-0.002119
0.021611
0.019082
0.049070
-0.010703
-0.052180
0.027401
-0.008890
0.011110
0.010502
-0.012905
0.024266
0.011466
0.017405
-0.033364
-0.048483
0.053212
-0.011733
-0.037170
-0.011398
0.010718
0.041015
-0.078898
-0.003723
-0.014560
-0.009883
0.032790
0.044596
-0.020318
0.008833
0.014395
-0.026345
0.004291
-0.023881
0.033793
0.033346
-0.029095
-0.013255
0.009227
0.018645
0.007961
-0.002102
-0.010650
0.044622
0.022002
0.014277
-0.001383
0.026632
0.003632
0.006368
0.023281
0.064715
-0.002298
0.023430
-0.025174
0.075878
-0.067329
-0.020999
-0.012512
0.021679
-0.005984
-0.032507
0.026903
-0.019162
-0.005003
0.047578
0.023752
0.004799
-0.032599
-0.043970
0.004506
0.008076
0.007330
0.035948
-0.137199
-0.001011
0.000804
-0.076101
-0.071718
0.025940
0.165460
0.003845
-0.034331
-0.036631
0.013837
0.020056
-0.406724
-0.026639
-0.021507
-0.006506
0.005182
-0.195039
-0.003320
0.002650
-0.008056
-0.092415
-0.002274
0.104570
0.101478
0.068126
0.036342
-0.000042
-0.017509
-0.027062
-0.109775
-0.002333
-0.006277
-0.047312
-0.008853
0.449524
0.005887
0.005550
-0.023722
-0.007334
0.017465
-0.019620
0.008785
0.042824
-0.016323
-0.096618
-0.063636
0.044167
-0.003667
-0.044614
-0.057498
0.024243
-0.003806
-0.038247
-0.011826
0.000019
0.025147
0.020845
0.004910
0.011107
0.026535
-0.021205
0.034776
0.009846
-0.001415
0.050203
0.040561
0.061904
-0.015368
0.072906
-0.001515
-0.034509
0.055313
-0.014467
-0.003265
0.018071
0.152735
0.013636
-0.025808
-0.003048
0.034741
0.040301
-0.010138
0.019166
0.040199
-0.054519
0.047828
-0.123998
0.014175
0.005231
-0.035143
0.005994
0.002684
0.033814
0.106998
-0.006300
-0.038711
0.031817
0.013527
-0.096657
-0.159243
-0.064838
-0.051991
0.063314
-0.040223
0.015006
0.110270
-0.005202
0.007610
0.025967
0.005518
-0.015338
-0.123879
0.011231
0.118312
-0.008105
0.110334
0.006340
-0.094795
-0.008029
-0.025164
-0.171181
0.040269
0.014679
-0.071303
-0.000605
0.052240
0.010400
-0.073697
-0.040998
0.173513
0.033238
-0.000574
0.037665
0.014876
-0.023953
0.018579
-0.025534
-0.001853
-0.043564
0.068468
0.088814
0.040766
0.060592
0.056329
0.026596
0.173724
-0.030191
0.008339
0.000373
-0.004144
0.069300
0.016940
0.178080
0.015111
-0.176152
-0.039585
0.086209
-0.036986
-0.005121
0.028927
0.070467
0.055380
0.027209
-0.071608
0.021830
-0.036273
0.040145
-0.015061
-0.010787
0.158338
-0.002976
0.022108
-0.006638
0.047386
-0.014085
0.010824
-0.018073
0.079392
0.020305
-0.000055
0.003063
-0.003452
0.000921
0.018155
0.177252
0.003230
-0.012255
-0.044303
-0.005523
0.085714
0.009421
-0.068501
0.021213
0.016119
0.073110
0.034739
-0.008200
0.000426
-0.023232
-0.110179
-0.025559
0.114538
0.183085
-0.001669
0.028753
0.101441
-0.090733
0.031878
-0.003975
0.056683
-0.068876
0.021572
-0.020209
0.010756
-0.021846
0.014503
0.020729
0.001128
-0.093941
0.031644
0.001178
-0.082899
0.155365
0.014889
-0.009198
-0.087845
-0.037238
-0.109162
0.077598
0.079739
0.017223
0.025510
0.022250
-0.164291
0.080294
-0.019949
-0.018388
-0.028005
0.107230
0.037898
-0.033792
0.057839
-0.014981
-0.012774
-0.023124
0.028878
0.016470
0.061925
-0.036125
0.002349
-0.020222
-0.011081
-0.000000
0.041045
0.028890
0.006502
0.052114
0.004575
0.027784
-0.033004
-0.077551
0.040247
-0.046659
0.067609
0.008185
0.003289
-0.141555
-0.005076
0.031332
-0.014365
-0.044462
-0.000515
0.032125
0.032916
-0.008613
0.008714
-0.052291
0.030312
-0.040596
0.030284
0.180410
-0.030931
-0.038800
-0.066030
0.029227
0.058965
-0.074311
-0.038173
-0.044082
0.035641
-0.024227
0.097288
0.022501
-0.131196
-0.009594
-0.010677
0.001856
-0.073359
-0.015786
0.009916
-0.015543
0.008408
0.022449
0.062240
0.014751
-0.008407
-0.019042
-0.085649
0.008824
0.070130
-0.010206
0.001857
-0.010269
-0.000220
0.006156
0.006419
-0.002586
0.043958
0.009306
0.035383
0.053359
-0.060341
-0.109548
0.008143
0.035478
0.033735
0.010594
0.045191
0.015139
0.030170
-0.079816
0.024151
0.001144
0.033943
-0.019531
0.002842
-0.007245
-0.107436
0.076958
0.071328
0.016964
0.046515
0.002517
0.011734
0.032805
0.019726
-0.015905
-0.135019
-0.014406
0.073763
0.091059
0.017070
0.175561
0.038065
0.009145
-0.008532
-0.046448
0.122304
0.144553
-0.041486
0.067110
-0.033821
0.039103
0.106588
0.221035
0.095662
0.182852
-0.010099
-0.143810
0.017618
-0.068251
-0.006308
-0.028012
-0.070939
0.021971
-0.019986
-0.020100
0.018372
0.069072
-0.030548
0.078195
-0.028223
-0.008601
-0.080579
0.084367
0.123644
0.386084
0.069948
0.081720
-0.041881
0.053755
-0.004692
0.030595
0.004230
0.152601
-0.639928
0.159341
0.021349
-0.059215
0.052184
-0.000044
0.056254
0.056580
0.014900
-0.049436
-0.089117
-0.136136
-0.016325
0.045096
-0.036244
-0.110925
-0.118716
0.068395
0.739675
0.045394
-0.011513
-0.033956
0.134840
-0.318755
0.012730
0.013332
-0.010657
-0.003493
0.001050
0.003238
-0.006449
-0.008066
0.009504
0.012677
0.020347
-0.003327
0.010571
-0.003505
-0.007078
-0.017001
0.011547
0.008165
-0.000457
0.000462
-0.008507
-0.011819
-0.014022
0.011986
-0.007878
-0.002936
-0.013043
0.001342
0.009238
0.016648
0.004737
-0.032210
0.006201
0.069941
-0.009516
-0.000140
0.014809
0.012900
0.009448
0.042744
-0.044068
-0.008201
0.007894
0.017522
0.011149
-0.006069
0.001118
0.014684
0.006333
-0.008324
-0.008546
0.035832
-0.005919
-0.003772
0.010145
-0.007048
0.007659
0.000429
-0.013546
0.017013
0.009602
0.045223
-0.007192
0.024282
-0.007853
0.072583
0.265565
-0.357253
-0.020996
-0.012548
-0.828906
-0.046857
0.015740
-0.012762
-0.001528
0.067094
-0.017891
0.044625
-0.350444
-0.009716
0.066215
-0.029903
0.073615
-0.066944
0.000040
-0.589907
-0.045040
-0.093938
-0.060803
-0.017909
-0.035995
-0.078858
0.082710
-0.206817
-0.135364
0.030028
-0.028311
0.052772
0.011286
0.087351
-0.153086
0.070122
-0.069593
-0.201359
-0.037617
0.024989
-0.022070
0.214649
0.155380
0.085469
-0.036732
0.047699
-0.027469
-0.049577
-0.091495
0.029241
-0.068615
0.055794
0.008193
-0.335299
0.031514
-0.035712
0.043569
0.002158
0.018181
0.046993
0.042331
0.041749
0.060921
