0.003411
-0.011159
-0.006711
0.019351
0.019534
-0.033146
-0.028313
-0.012306
-0.012285
0.054032
0.021790
0.019732
-0.020313
-0.003877
0.027857
0.014198
0.010693
0.015417
-0.000472
-0.001776
-0.001508
-0.000944
0.022765
-0.008559
-0.013698
-0.018694
-0.012180
0.004417
0.006196
-0.021778
-0.028079
0.000330
-0.011974
-0.009979
-0.003989
-0.014035
0.042577
-0.006963
-0.016514
-0.029725
-0.023753
0.013282
0.000354
0.008474
-0.010044
-0.016637
0.048126
-0.003613
0.010616
0.061278
-0.005460
-0.025980
0.020445
0.019183
-0.040823
0.005738
-0.047254
0.019423
-0.018447
-0.011486
-0.013934
0.010321
-0.026467
-0.000000
0.037498
-0.006110
0.010728
-0.014180
0.006137
0.016234
0.111061
0.020968
-0.019202
-0.012492
0.083212
0.038908
0.011223
0.059584
-0.098401
-0.107634
-0.026847
0.009987
-0.041044
0.023557
0.076464
-0.007895
0.077097
0.028766
0.036319
0.082944
-0.021063
-0.030362
0.011281
-0.019276
-0.083117
0.019675
0.034365
0.017052
0.033896
0.039858
0.002012
-0.093146
0.010314
0.009360
0.024535
-0.000041
-0.008673
0.059294
0.065320
0.000491
-0.056235
-0.064519
-0.019298
0.011714
0.022987
0.027980
0.048240
0.009575
0.026495
-0.023100
0.031133
0.048277
-0.009435
0.018710
0.032298
-0.034631
0.077053
-0.036210
0.036846
-0.101256
0.012419
-0.012380
0.023063
-0.004947
0.041071
-0.002643
0.003108
-0.006869
-0.012351
-0.076337
0.000008
-0.030812
-0.060468
-0.024384
-0.071486
-0.008686
0.000841
0.014701
0.038415
0.014542
-0.053242
0.032318
0.033414
-0.026548
0.044317
0.011689
0.033603
0.001316
0.036310
-0.002028
0.041712
0.010738
-0.006378
0.067983
0.047066
0.004614
-0.072647
-0.001347
-0.007509
-0.079072
-0.076109
-0.018794
-0.006245
0.001331
-0.006423
-0.070374
-0.059891
0.020508
-0.010370
-0.030161
-0.004488
-0.038012
-0.008950
0.011492
-0.034092
-0.047526
-0.027505
-0.039716
0.003919
-0.004110
-0.014835
0.019372
-0.022527
-0.003415
0.019333
-0.015059
0.015559
0.055129
0.046092
0.056863
-0.026321
0.052209
0.005036
-0.045901
0.007805
0.064389
-0.001038
0.005403
-0.017328
-0.042565
0.048687
0.032577
-0.010953
-0.014233
-0.022925
0.091783
0.027680
-0.035736
0.027757
-0.025886
0.042457
0.023179
-0.044699
-0.053708
-0.006714
-0.015924
0.024757
0.022849
0.026241
0.031022
-0.033183
-0.063586
-0.037441
-0.013336
0.017595
0.024458
-0.017505
0.010983
-0.076913
0.007750
-0.024230
0.029215
-0.023812
-0.021366
-0.018335
-0.042233
-0.073661
0.047450
-0.059922
0.013673
-0.011023
0.037530
0.000025
-0.059701
0.033367
-0.071049
-0.049042
-0.014870
-0.005505
0.035100
-0.020751
0.004826
0.010950
-0.016633
0.009427
0.027551
-0.008381
-0.014872
-0.000944
-0.007533
0.025750
0.023411
-0.019596
0.014496
0.030196
-0.019532
0.020859
-0.022245
0.021561
0.008059
0.031585
-0.052407
-0.033332
-0.040177
0.017474
-0.017515
-0.063507
0.026992
-0.024377
-0.011511
0.002440
-0.000675
0.006608
-0.023964
-0.038461
-0.046899
0.004890
0.005181
-0.007797
0.036099
0.016085
-0.000452
-0.044150
0.046186
-0.033183
0.025071
0.004689
-0.065702
0.001533
-0.099096
0.028906
0.021226
-0.042524
0.030815
-0.037848
0.006065
-0.020494
0.017942
0.022351
-0.010781
-0.009583
-0.065495
0.041960
0.036436
-0.016991
0.030869
-0.014355
-0.015824
0.038200
0.014463
0.034360
-0.042146
0.060825
-0.007723
-0.002760
0.011247
0.029489
0.020464
-0.022544
-0.010845
-0.011746
-0.024279
0.058003
-0.011114
-0.036480
0.028995
-0.046431
0.010164
0.084613
0.012569
-0.021288
-0.010334
-0.016978
-0.020464
0.016605
0.088018
-0.027049
-0.028689
0.052313
0.037566
0.003467
0.002228
-0.017756
-0.003873
-0.013416
0.000452
-0.049298
-0.017262
-0.001555
0.020274
0.016016
-0.025646
-0.007478
-0.003908
0.032583
0.024804
-0.028589
0.057793
-0.002653
0.030022
-0.004765
-0.007451
-0.023643
0.007580
-0.006606
0.005541
-0.005251
0.036366
-0.002655
-0.027588
0.004855
-0.010293
0.019460
-0.007240
-0.002432
-0.004132
-0.021096
0.007767
0.009343
-0.010685
0.011200
-0.000796
-0.039246
0.029971
0.013654
-0.030928
0.008151
0.003862
0.053921
-0.024155
0.000450
-0.032694
0.001740
-0.008922
0.016648
0.019330
-0.036005
-0.007202
0.006937
-0.019252
-0.010399
0.019377
0.003409
-0.016727
-0.021038
0.012909
-0.007511
-0.007709
0.025798
0.008065
-0.029494
-0.021273
0.027209
0.007993
-0.014847
-0.007781
0.022350
-0.037502
-0.008236
0.002495
-0.014525
0.024541
0.027188
0.058969
0.000053
0.007491
-0.007935
0.012709
0.049868
0.018803
-0.068476
-0.002577
-0.089494
-0.025681
-0.009052
-0.009922
-0.005651
-0.000301
0.013854
0.004975
0.126306
0.077703
-0.034127
0.009013
0.002205
-0.004392
0.022025
0.041188
-0.025247
0.009819
0.001446
0.028650
-0.061930
-0.006465
-0.030100
-0.020168
0.088278
-0.018572
-0.019233
-0.066440
-0.023613
-0.004541
0.055169
0.011888
0.058050
-0.023439
0.015598
0.004542
-0.021676
0.009116
0.060985
-0.042078
0.030967
0.028636
0.023486
-0.001380
-0.031208
0.012894
-0.043789
0.008126
-0.035898
0.026137
0.075299
0.014982
-0.041888
-0.033503
-0.001617
0.003077
0.001428
0.059545
0.042409
-0.010044
-0.012021
-0.010521
0.035576
0.031883
0.052529
-0.035326
0.021145
0.005013
0.037148
-0.019408
0.004674
-0.030005
-0.018710
-0.001913
-0.015269
-0.002652
0.022214
0.002115
-0.019767
0.040479
0.000556
-0.011641
0.017272
0.012686
-0.008938
0.020590
-0.027266
0.037941
0.004717
-0.030937
-0.002223
0.016499
-0.014724
-0.023843
0.030000
-0.011807
0.012800
-0.010523
-0.032348
0.042496
-0.013793
-0.006065
-0.005924
-0.022269
0.021102
0.043509
-0.021615
-0.000044
0.006312
0.036637
-0.017873
0.002481
0.023634
-0.050997
0.005880
0.031634
-0.001174
0.010497
-0.004324
0.033092
0.006477
0.011884
-0.039304
0.024686
-0.013567
-0.043978
-0.001492
-0.010974
-0.014659
0.011361
-0.007423
0.020184
-0.006423
-0.014541
-0.014841
-0.001738
0.006479
-0.000794
-0.022558
-0.011427
0.012357
-0.017967
-0.017844
-0.010059
0.002636
-0.016840
0.010475
0.007413
-0.008654
-0.004414
0.013034
-0.018849
-0.025899
-0.052917
0.009012
-0.019488
0.007340
-0.010471
0.012755
-0.041656
0.017353
-0.010831
-0.038547
-0.006597
-0.014245
-0.011040
0.012398
-0.017915
-0.007679
0.004405
0.015707
-0.026744
0.045916
0.033063
-0.025218
0.012769
-0.014895
0.005108
-0.037829
0.013880
0.032836
0.009589
-0.002194
0.001627
-0.016480
0.008541
0.003937
-0.004699
-0.039502
0.026840
0.020314
0.005425
0.047337
0.021829
0.011907
-0.079887
0.035910
-0.000406
0.005350
-0.002212
0.026986
0.023492
0.057400
0.068725
-0.023694
-0.016836
0.041205
0.035782
-0.026677
0.019761
-0.032269
-0.018464
-0.055001
-0.023948
-0.029275
-0.005292
-0.002441
-0.043380
-0.022645
0.035896
-0.044822
0.038321
0.045529
-0.002962
0.027042
0.000056
-0.090231
0.023243
-0.045708
0.009194
-0.007835
0.011311
0.119685
0.038478
-0.027466
0.010472
0.013202
-0.113193
-0.010310
0.082987
0.023442
-0.012719
-0.015976
-0.048290
-0.018813
0.013732
-0.023413
0.060936
-0.001810
0.051365
-0.018781
-0.041018
0.008790
-0.006142
-0.001778
-0.006607
-0.011007
0.012787
-0.032852
0.020033
0.014884
0.001347
0.001902
0.002913
0.002492
0.006822
0.017758
-0.009846
-0.000572
-0.025614
0.004846
0.010645
-0.010026
0.000087
0.019543
0.011146
0.005490
0.010770
0.017698
-0.011744
-0.011057
0.030544
-0.015245
-0.006056
0.018222
-0.002757
-0.016462
-0.006206
-0.009913
0.007449
0.011053
0.031489
-0.004408
0.013983
-0.003778
0.000700
-0.004857
0.007594
0.013812
0.001323
0.013887
-0.007655
-0.003180
0.031240
0.018376
0.007191
0.028273
0.021023
0.001311
0.009724
-0.004996
0.007052
0.000862
-0.015511
-0.012618
-0.002192
0.020498
-0.021555
-0.018387
0.020955
-0.005598
-0.020825
-0.023814
0.000177
-0.012278
-0.041204
0.034016
-0.004621
0.015238
0.007553
-0.035437
-0.008372
-0.003114
0.018881
0.011079
-0.020430
0.004347
0.005941
0.012282
0.015853
0.017768
-0.006305
-0.038761
0.026302
-0.007040
-0.014006
-0.005231
-0.004680
-0.017983
0.000359
0.010423
-0.017957
0.004462
-0.010320
-0.001176
-0.001268
-0.010465
0.022744
-0.014280
-0.000125
0.006869
-0.018502
0.010741
0.009785
-0.001917
-0.009819
-0.002977
-0.000739
0.007192
0.027294
-0.030294
-0.005492
-0.003459
0.018585
-0.010383
-0.017365
0.008152
-0.000574
-0.012074
-0.009441
-0.010477
0.002529
0.017905
0.013489
0.006401
-0.000555
-0.007230
-0.003201
0.005955
0.006749
-0.009125
0.007629
-0.038285
-0.013515
-0.013582
0.024505
-0.011826
-0.012280
-0.021010
-0.014112
0.004317
0.009964
0.002612
0.003222
-0.009949
-0.007208
-0.000349
-0.015545
-0.017750
0.017210
-0.002000
0.003784
-0.001823
-0.018801
0.004794
0.000075
0.019131
-0.007593
0.000969
-0.016257
-0.011806
0.009275
-0.008223
0.011470
0.018856
-0.011448
0.000045
0.037204
0.006930
-0.007607
-0.031812
-0.009199
0.001137
-0.006149
0.024121
0.000003
-0.020589
0.019861
0.014551
0.006889
0.003464
-0.023287
-0.026730
0.009663
0.004931
0.052029
0.029073
0.036781
-0.039758
0.004287
0.025285
0.045198
0.053877
-0.003904
0.045447
-0.048037
-0.015484
0.083918
-0.051724
0.017857
-0.001704
-0.058952
0.016045
0.024978
0.040477
0.018180
0.027954
-0.066439
-0.034808
0.004125
-0.041287
0.031255
0.038684
0.023983
-0.001682
0.081241
0.029756
-0.029888
0.054954
-0.000307
0.003282
-0.005953
-0.022786
0.010646
0.002035
-0.100550
-0.073549
-0.021443
0.022733
0.007624
-0.013573
0.004744
0.053651
-0.073406
0.016870
0.057316
0.034448
-0.037224
0.035907
0.022993
0.022358
-0.051224
-0.017624
0.032707
-0.058418
-0.037546
-0.006057
-0.014052
0.033909
-0.025340
0.023890
0.030514
-0.001317
-0.010069
-0.000501
0.023556
0.006452
0.039127
-0.009380
-0.027325
0.001839
0.000486
-0.001693
0.019511
-0.003033
0.011825
-0.008822
-0.007905
-0.010437
0.004341
-0.007775
-0.004149
-0.014565
0.018865
0.025827
-0.014758
0.008676
0.006813
-0.011773
0.019874
-0.016552
-0.002338
0.007861
0.014367
-0.003864
-0.010459
0.048749
0.016610
0.020399
0.002582
-0.012993
0.017117
-0.020302
0.003685
-0.001702
0.001082
-0.018417
-0.006916
-0.008038
-0.020446
-0.006057
-0.025004
0.041179
0.007837
-0.021442
0.009653
0.004263
0.009353
-0.014401
0.006809
-0.007011
-0.011339
-0.014608
-0.011347
-0.018285
-0.018826
0.012338
-0.028816
-0.004637
0.006423
-0.003514
-0.005235
0.032816
-0.014133
-0.002933
0.036579
-0.011875
-0.019220
-0.000414
0.035734
-0.011002
-0.019096
-0.010342
-0.038112
0.024914
0.004598
0.003968
0.000013
0.023415
0.031577
0.008813
-0.019289
0.014853
0.019610
0.011159
0.006015
-0.020320
-0.044095
-0.040200
-0.005649
-0.020528
-0.000304
-0.026983
-0.018855
-0.021925
-0.022622
0.000018
0.008331
0.028124
0.014378
0.022081
0.005282
0.016990
0.009550
-0.012795
0.001269
-0.015175
-0.004903
-0.030115
-0.049862
0.014409
0.005841
0.014757
0.003751
0.011081
-0.012371
0.024133
0.020081
-0.048646
0.018217
0.017547
-0.013756
0.014731
0.030324
-0.014796
-0.011751
-0.038551
-0.040997
-0.046390
-0.024622
0.008964
-0.028048
-0.037526
0.019492
0.054523
-0.001974
-0.026292
-0.032823
-0.032105
0.025506
0.001283
0.000730
-0.054247
-0.052622
0.013180
0.036010
-0.023476
-0.031829
-0.082513
-0.022671
0.050456
0.035644
-0.018017
-0.036312
0.010684
0.009201
-0.019382
-0.006885
-0.007232
0.029730
0.008085
0.029039
-0.030670
-0.004879
0.017295
0.005605
-0.000631
-0.018378
0.038089
-0.049703
-0.061314
0.006672
0.020317
-0.009641
0.019549
0.012212
-0.009215
0.022751
-0.005314
-0.034568
0.013141
-0.009277
0.009438
0.027736
-0.010433
0.006149
-0.017040
0.002536
-0.024545
0.006641
-0.013938
-0.005479
-0.005791
0.020426
-0.003639
0.018783
0.008489
0.017374
0.011289
0.000698
-0.004346
0.009286
0.018249
0.016034
0.007343
0.020816
0.015024
-0.005396
0.004466
0.006731
0.005930
-0.000798
-0.009988
0.008110
0.002864
0.006655
-0.013639
0.004747
-0.017685
0.013536
-0.026071
0.013425
-0.014754
0.028770
-0.002348
0.000463
0.006481
0.003722
-0.006470
0.014330
0.002040
0.009091
-0.000058
0.016818
-0.003284
0.002152
0.007871
-0.016470
0.018376
0.022828
0.023624
-0.025669
-0.010792
-0.003176
-0.003629
0.015535
-0.012429
0.020049
0.008928
0.005015
0.070605
-0.033077
-0.015581
-0.023545
0.005727
0.006117
0.022937
0.013052
0.047835
-0.022707
0.000322
0.012173
0.006034
0.013383
0.039831
0.018174
0.009504
-0.012820
0.018158
-0.012323
-0.000215
-0.016143
0.037149
-0.022639
0.032219
0.009592
-0.024292
0.032037
-0.019821
0.024047
0.012085
0.018043
0.003138
-0.007552
-0.010260
-0.005161
-0.000919
0.020185
0.032832
0.003269
0.020876
-0.020657
-0.016748
-0.008325
0.021272
0.006477
0.005833
-0.017774
-0.016351
0.005760
0.009365
0.000660
0.013266
-0.006194
0.000596
0.047399
0.004736
0.001954
-0.036275
-0.000448
0.023342
0.011983
-0.037927
-0.045903
-0.020051
-0.052382
-0.047982
-0.045599
-0.029955
-0.023092
0.022172
0.037811
0.016476
0.028069
0.048451
0.069616
-0.066620
0.037972
0.050490
-0.019656
-0.029939
0.036112
-0.013079
-0.007217
0.045381
0.004774
-0.007044
-0.054306
-0.071349
-0.058744
0.028160
0.036203
0.013936
-0.007368
0.044181
-0.043760
0.004128
0.022311
0.003822
0.051952
0.012232
-0.023856
-0.029341
-0.015878
-0.025084
0.027154
-0.016485
-0.042298
-0.033530
0.003924
-0.042525
-0.014053
0.040441
-0.039254
0.012850
0.035045
0.010694
-0.014385
-0.010023
0.055148
0.025506
0.015193
0.015810
0.007721
-0.028041
-0.002699
-0.018770
0.001367
-0.016700
0.016109
-0.005764
0.025759
-0.012797
-0.020562
0.009091
0.012669
0.012418
0.011467
-0.001822
0.011815
-0.000550
-0.012513
0.020966
0.001834
-0.011587
-0.007067
-0.004891
-0.013803
0.032194
0.015081
0.028873
-0.000543
0.001037
0.005082
-0.000305
0.013801
-0.001601
0.006558
-0.017236
0.039605
0.005588
0.020197
-0.011663
-0.018472
-0.010650
0.020283
-0.035094
-0.000400
-0.006118
0.013229
0.007095
0.015250
-0.001037
0.007010
-0.011859
-0.014405
0.014685
-0.008551
-0.005911
-0.018571
0.001453
-0.017679
0.010795
0.002199
0.048836
0.044443
-0.053565
-0.044905
0.040804
-0.025215
-0.026564
0.007652
-0.031685
0.089883
0.027869
0.005402
0.034369
-0.043664
0.024254
-0.098333
0.048219
-0.033088
-0.005409
-0.012411
-0.073133
0.055452
-0.001649
0.019206
0.094079
-0.013034
-0.164170
0.027238
-0.039801
-0.054739
-0.066238
0.051310
-0.000796
-0.068304
-0.007626
-0.082662
-0.018797
0.010701
-0.002699
-0.014826
-0.096052
0.038675
-0.064528
-0.021068
0.037441
-0.020532
-0.006621
-0.027881
0.055234
0.043275
-0.098393
-0.068287
-0.053669
-0.109028
0.007075
0.036077
0.077434
-0.035183
0.005847
-0.018188
0.062674
0.011939
-0.020655
-0.041488
0.036054
-0.018842
-0.015920
0.001720
-0.007427
0.006704
0.011828
-0.015565
0.025213
-0.012415
-0.011271
-0.014953
-0.007474
0.021580
0.031678
-0.041828
0.026115
-0.019690
-0.010307
0.007489
0.021277
-0.006041
0.023411
0.026781
-0.032564
0.006986
0.003168
-0.015833
0.013041
0.019946
0.008360
-0.002642
0.004076
0.023413
-0.039461
0.029378
-0.021051
-0.009664
-0.003438
-0.012851
0.022363
0.011788
0.011019
0.003532
0.012364
-0.006059
0.027840
-0.002601
-0.007594
-0.011439
0.005857
0.008280
0.039856
-0.020845
-0.001964
0.008111
-0.009035
0.021148
0.010708
0.009047
0.003364
0.006480
0.012969
0.014070
0.009990
-0.008492
-0.005005
-0.052175
-0.047579
-0.002843
-0.013901
0.018045
0.032087
0.003251
0.016807
0.018401
-0.024115
0.017524
-0.036805
-0.062813
0.038859
0.109127
-0.033268
-0.019153
-0.015660
0.015051
0.021914
-0.000219
-0.009418
-0.000341
-0.049333
0.016401
0.062343
-0.017666
-0.025005
0.018867
0.025018
-0.015037
0.012396
-0.009522
0.012612
0.035308
0.004033
0.006801
0.059749
0.013510
0.060684
-0.016766
0.024409
-0.039881
-0.000931
0.014770
-0.002419
0.046017
0.009994
0.013648
-0.002137
-0.025264
0.014177
-0.021072
0.034997
-0.022570
0.009508
-0.067828
0.001727
0.002572
-0.051922
-0.002296
0.013942
0.036271
0.006342
0.042819
0.006080
-0.007442
0.000150
-0.041333
0.004135
-0.028443
-0.035515
-0.057068
0.014107
-0.030715
-0.062091
0.017292
0.018391
-0.044472
0.017029
0.062348
-0.034753
0.041451
0.050183
-0.023487
-0.004660
0.019636
-0.007084
-0.017701
0.033214
-0.022556
0.024211
-0.013186
0.003185
-0.025259
-0.022331
-0.022936
-0.036649
0.056912
0.058599
-0.015131
-0.059386
0.024535
0.046122
0.032517
0.025172
-0.054722
0.006039
-0.028084
-0.026261
0.007990
-0.010541
-0.017623
-0.019015
-0.054359
-0.009995
-0.033334
0.034561
-0.053629
-0.023033
-0.017801
0.034375
-0.002399
-0.054164
0.052454
-0.007010
0.022118
0.050761
-0.005187
-0.011104
-0.040051
0.030550
-0.001066
0.038104
0.042420
0.028758
0.054364
0.030012
-0.055931
0.062497
0.066325
0.026993
-0.034864
0.050917
-0.067799
0.022061
-0.000696
-0.024021
-0.030949
0.060957
0.006222
-0.068154
0.006787
0.013237
0.012892
-0.100435
0.027534
-0.007974
-0.031557
-0.036808
-0.053639
-0.054931
0.016245
-0.038643
-0.051845
0.059475
-0.022338
-0.050904
-0.022775
-0.004505
0.004895
-0.109122
0.052298
-0.005501
-0.024204
0.021817
0.002528
-0.020011
-0.022302
-0.011853
0.027959
0.090526
-0.003320
0.023360
-0.138074
0.008916
-0.010691
0.012251
-0.037550
-0.028648
-0.015820
0.000008
0.035259
0.013707
0.017672
0.021767
0.007731
-0.002842
-0.022328
0.019174
0.006005
-0.009309
0.008188
0.004709
0.015016
0.030786
0.005638
-0.016227
-0.004420
-0.007226
0.019886
-0.001752
-0.009815
0.000924
-0.037419
-0.033291
-0.013801
-0.006735
-0.018607
-0.002497
0.019241
-0.016694
0.002225
-0.027061
0.001426
-0.003263
0.021479
-0.008394
0.002061
-0.022169
0.009025
0.004661
0.012959
-0.017586
0.030291
0.021260
-0.045241
0.012325
0.023482
-0.000722
0.017018
-0.015543
-0.012694
0.018343
-0.013077
-0.011617
-0.029872
-0.023231
-0.030380
0.010305
0.004708
-0.020736
-0.020243
0.013248
-0.012828
-0.001544
0.005718
-0.014687
-0.010387
0.018229
-0.029856
0.040907
0.039279
0.001809
0.043354
0.018026
0.026816
-0.041126
-0.000510
0.009971
0.043297
-0.044326
-0.004718
-0.008838
0.028403
-0.008957
-0.009959
0.020648
0.016722
0.005598
0.011871
-0.004144
-0.041537
0.003399
0.013173
0.012958
-0.064633
0.007129
0.040442
0.007946
0.006250
-0.019628
0.016229
-0.018357
-0.018537
-0.002735
0.008095
0.002735
0.013640
0.004224
-0.021978
-0.026387
0.004700
0.005598
-0.016539
-0.036247
0.014057
0.012455
-0.050029
-0.033612
-0.003895
0.003149
-0.014001
0.000534
0.022122
-0.056486
-0.054728
0.004323
-0.002257
-0.052859
-0.038255
-0.008942
0.000480
-0.008958
0.004034
0.020604
-0.011929
-0.004375
0.051972
0.022374
-0.018959
-0.039777
0.015665
0.032477
-0.011263
0.001952
-0.020215
0.043010
0.022194
0.058235
-0.056648
0.063046
0.022275
0.001336
-0.031598
0.013207
-0.066593
0.044754
0.007327
-0.072595
-0.054692
-0.051548
-0.013642
0.052498
-0.000108
0.029717
0.035073
-0.027308
-0.033569
-0.008553
0.002822
-0.023303
0.017615
-0.000176
0.004155
-0.003091
0.010117
0.021615
0.039545
-0.007405
0.005071
0.006919
-0.040040
0.065696
0.009871
-0.016317
-0.065115
0.013759
0.010791
-0.005528
0.022034
-0.000954
0.007296
-0.018525
-0.009451
0.027831
0.009597
0.031691
-0.015203
-0.006760
-0.005953
-0.009502
-0.042012
0.010840
0.001699
0.023860
0.060759
0.058318
0.051869
-0.002544
0.009730
0.006290
0.019981
0.041603
0.037845
-0.014469
0.041788
0.034660
-0.006590
0.007031
0.021668
0.007280
0.000776
-0.026794
0.008563
-0.042696
-0.000159
-0.036000
0.025342
0.023126
-0.004335
-0.086775
-0.040671
0.027493
0.001063
0.037335
0.039661
-0.003372
-0.004315
-0.005393
0.039066
0.000939
-0.017739
0.011504
-0.018178
0.020721
-0.041248
-0.011052
-0.005182
0.021871
0.024569
-0.026146
0.016356
-0.070460
0.030940
-0.028305
0.008868
-0.003896
0.012814
-0.005388
-0.019183
-0.029724
-0.015757
0.007414
0.029814
-0.007513
-0.005369
0.042949
-0.000587
-0.011631
0.006862
-0.014344
0.010025
-0.012286
0.054187
-0.021331
0.027642
-0.023837
-0.013176
-0.007594
0.021692
0.006290
-0.031226
-0.009128
0.009232
-0.008773
0.030781
0.030279
-0.021597
0.037421
-0.025396
0.018901
0.055546
-0.007617
0.019362
-0.036829
0.059613
0.030732
-0.005782
0.011852
0.045430
-0.005075
-0.041319
-0.059442
0.004628
-0.003611
0.008583
-0.026623
0.020632
0.012177
-0.009266
-0.006210
0.002919
-0.014922
-0.025251
-0.002931
0.020842
-0.005003
0.021400
-0.020201
0.012165
0.042050
0.010509
-0.002363
0.003843
-0.011283
-0.013225
0.027449
-0.011991
-0.053635
-0.015236
0.020338
-0.041122
0.031809
0.004544
0.044596
0.040840
-0.002390
0.034333
-0.017243
-0.026244
0.023059
-0.054714
-0.073724
0.035226
0.007230
0.033662
0.026606
-0.006495
-0.009116
-0.008941
0.001767
-0.041761
0.016930
0.004906
-0.048092
0.034570
-0.008263
0.014104
0.056104
0.002331
-0.014817
0.000318
-0.010768
0.008163
0.020275
0.032502
-0.008593
0.056105
-0.047132
0.022118
-0.022942
-0.026165
0.020329
0.050200
-0.007341
0.039526
0.026204
0.015761
-0.040159
0.021976
0.018439
0.004962
0.071671
-0.029415
-0.069159
-0.010668
-0.007734
0.009288
-0.024286
0.014533
0.001421
-0.013319
-0.014655
0.005421
0.014263
0.004225
-0.034609
-0.095756
-0.011301
-0.037642
0.009208
0.008146
-0.044255
0.018292
-0.034372
-0.040446
-0.012840
0.023538
-0.039728
0.014597
-0.012032
0.041811
0.026775
0.013426
-0.012218
-0.123353
-0.021198
0.053664
0.005222
0.030157
0.044272
-0.046802
-0.031699
-0.019777
0.033056
0.028587
-0.030321
0.030975
-0.007320
-0.013713
-0.015115
-0.025722
0.040483
0.059420
0.057742
-0.018091
0.016407
0.013683
-0.039181
-0.035902
0.021610
0.043922
0.009091
-0.020151
0.001056
-0.010399
0.011782
0.014481
-0.021107
-0.002477
0.043576
0.098287
0.013324
-0.023617
-0.065732
-0.082534
-0.026234
-0.031062
-0.004486
0.102587
0.034271
0.009846
-0.009844
-0.024314
-0.013642
-0.005812
0.014596
-0.037335
0.008134
-0.043175
0.012252
-0.011465
0.042510
0.050887
0.011703
0.030935
0.019059
0.050861
0.013707
-0.019186
0.038261
-0.017354
0.002747
0.002794
0.016393
-0.026988
-0.076608
0.013134
0.000274
-0.045910
-0.004319
0.015430
0.013470
-0.032678
-0.023385
0.056429
0.047089
0.039079
0.003106
-0.014291
-0.022767
-0.006548
-0.046677
-0.015408
-0.045449
0.055577
-0.061173
-0.030751
0.038295
0.017557
0.014825
0.007635
-0.000401
0.008114
-0.026763
-0.001070
-0.028887
0.000425
0.008358
0.006198
0.013984
0.005247
0.023014
0.014657
0.072803
0.017297
0.001949
0.000102
-0.001458
-0.019990
0.012743
-0.012664
0.007914
0.008580
0.047058
-0.012318
0.035212
-0.001120
0.019064
0.012761
0.003850
-0.007732
-0.012718
-0.034547
-0.020823
-0.010542
0.030503
-0.015115
0.000131
-0.009733
0.019927
-0.027527
-0.002438
-0.007032
-0.003440
0.008145
0.010614
-0.005153
0.009399
-0.014513
0.002816
0.030799
-0.019614
0.009300
0.009996
0.044366
0.037195
0.032005
0.016877
-0.003795
0.014047
0.027289
-0.009706
-0.004738
-0.004053
-0.005862
-0.058643
-0.006617
0.020077
0.021937
0.038747
-0.058710
-0.024189
0.008672
-0.005721
-0.039134
0.005493
0.041880
-0.041457
0.052912
0.018683
-0.002042
-0.028337
0.028224
-0.025010
-0.046535
-0.020169
0.021892
0.004880
-0.024451
-0.037920
0.036748
-0.024401
0.009824
0.036064
-0.038722
-0.013775
0.058830
-0.037877
0.010348
0.037064
-0.029193
-0.020701
0.043986
-0.037916
-0.015805
0.045039
-0.038160
-0.025146
-0.019000
-0.004791
0.012539
-0.025307
0.051562
0.035115
-0.032617
-0.028296
0.047040
0.064114
0.022349
0.071853
-0.022396
0.059209
-0.010007
-0.031737
0.031577
0.064652
-0.003457
0.004481
0.037936
-0.003727
0.019310
0.001137
0.014327
0.007042
0.002462
-0.047569
-0.009260
-0.001312
-0.000773
0.016487
-0.003129
0.024603
-0.008676
-0.018237
-0.045472
0.019254
0.014142
-0.003988
0.000608
0.032091
0.002546
0.018703
-0.000205
-0.001499
0.014982
-0.033127
-0.005689
0.024371
-0.000800
0.013121
0.017743
-0.011384
-0.020215
-0.006997
0.016296
-0.016106
0.015185
-0.000337
0.001832
-0.014973
-0.000828
-0.012104
0.033167
-0.010372
-0.008016
-0.007484
0.031099
-0.009077
0.001854
0.024132
-0.006153
0.010774
-0.019077
-0.014025
0.017382
-0.017624
0.036110
0.002898
-0.011174
0.007434
0.012188
0.005420
0.012824
0.005210
0.020276
-0.007181
-0.007944
0.012900
0.023500
0.002929
0.036073
-0.004620
0.003252
0.010829
0.036826
0.022937
0.025809
0.011674
-0.015414
-0.019567
0.001241
-0.009486
-0.009758
0.016717
0.013493
0.018997
0.010392
-0.029743
-0.034626
-0.005257
0.013623
0.016005
-0.005161
0.000657
-0.004978
0.001518
0.000472
-0.003082
-0.009659
0.028826
0.018941
0.001591
0.036754
-0.010577
-0.031349
0.006873
-0.016132
-0.021877
-0.002227
-0.016096
0.020095
-0.000883
-0.006715
-0.008221
0.003158
-0.004502
-0.000786
0.014098
-0.018908
-0.047677
0.033702
-0.042641
-0.024853
0.010440
-0.019026
0.035048
0.016454
0.064261
0.007941
0.020820
0.016555
-0.011591
0.030842
-0.046243
0.008601
0.007622
0.083766
0.008434
-0.076751
-0.050837
0.000939
-0.057755
0.030046
0.019815
-0.037797
-0.037921
0.037950
0.008242
-0.014263
0.030973
0.034550
-0.050800
0.027924
-0.045114
0.024558
0.045488
0.031723
-0.023982
-0.051074
0.035438
-0.009878
0.077037
0.047315
0.012023
0.085060
0.053843
-0.038826
-0.035650
-0.045506
-0.022231
-0.033840
0.009547
-0.019148
0.005490
0.056858
0.027897
0.015390
-0.044194
0.008072
0.050733
0.051570
0.029915
-0.016937
-0.003185
-0.008839
-0.019067
-0.017228
0.037644
-0.080893
0.025447
-0.038271
-0.002220
-0.014958
-0.024114
0.001168
-0.034601
-0.002111
0.033569
-0.004438
0.029489
0.011540
-0.016708
-0.012251
0.015332
-0.024548
0.037314
0.013507
-0.010377
0.028027
0.036421
-0.020524
-0.003808
-0.000801
-0.014774
0.029163
0.005392
-0.000313
0.038350
-0.000140
-0.006404
0.004309
-0.024862
-0.026536
-0.043155
-0.014038
0.006243
-0.029315
-0.012464
-0.025326
-0.019285
0.005241
0.026170
0.007772
0.090300
-0.020694
0.007682
-0.025628
-0.040713
0.003392
-0.012116
-0.012513
-0.023195
-0.047421
0.044434
-0.003211
0.040828
-0.012768
0.011795
-0.048842
-0.007926
-0.016772
-0.014758
-0.022630
-0.017030
-0.030256
0.020117
-0.034892
-0.012410
-0.001377
0.002171
-0.000207
0.031160
-0.001247
-0.036583
-0.026856
-0.007077
-0.002384
0.014944
-0.005573
-0.048092
-0.048523
-0.017932
-0.000185
-0.001190
-0.000415
0.009536
-0.016033
-0.033101
0.026266
-0.022642
-0.037501
-0.012479
-0.010801
-0.006066
0.007071
0.007943
0.032160
-0.039083
0.015947
0.023586
-0.048546
-0.015758
0.014694
-0.064071
0.006204
0.001384
0.005751
-0.010801
0.026399
-0.018273
-0.011930
0.036888
0.004752
-0.030519
0.012073
-0.048435
0.025331
0.025081
-0.006313
-0.005017
-0.027937
0.025936
0.001634
0.031908
0.022123
-0.020701
0.027575
-0.055555
0.017072
0.002249
0.013590
-0.022529
0.000006
-0.015200
-0.013706
0.014001
-0.011018
-0.017245
0.015910
-0.020137
0.023619
-0.018738
0.020933
0.042137
0.035284
0.011021
-0.000365
-0.036020
-0.033506
0.029889
0.011519
-0.038471
0.036735
0.006875
-0.041826
0.042376
-0.046333
-0.027334
-0.021402
0.061672
-0.039607
0.016857
0.011957
0.028804
-0.016870
0.013294
-0.019344
-0.019727
0.005056
0.058661
-0.034506
-0.004241
0.041120
-0.019875
0.001500
-0.016353
0.025753
-0.029788
0.020148
0.033939
-0.011180
0.015564
-0.047307
-0.007599
0.009224
0.006604
-0.055308
0.026523
-0.006474
0.001141
0.016264
0.061700
0.007326
-0.034540
0.016955
0.014989
0.039711
-0.039938
-0.045409
0.020123
-0.019351
0.062594
-0.015266
0.004033
-0.003601
-0.029535
0.026756
-0.063470
-0.003516
0.033186
-0.050847
-0.021219
0.008956
0.008759
-0.014888
0.022065
-0.020822
0.033360
-0.008040
-0.046561
-0.020598
0.026525
-0.021625
0.028089
-0.013293
-0.008092
-0.028649
0.046153
0.022122
-0.013611
-0.006306
-0.040509
0.015661
-0.004893
0.004813
-0.036429
0.019308
-0.018234
0.021093
0.026020
0.004448
0.020181
0.035291
-0.041389
0.028286
0.008836
-0.008731
-0.025643
-0.028089
0.010516
0.031447
-0.023249
-0.009723
-0.046555
-0.018310
-0.045710
-0.033135
-0.015723
0.013467
0.026690
0.000222
0.006312
0.002764
0.026846
-0.007633
-0.003483
-0.007231
-0.020696
0.009791
-0.016801
-0.000763
0.008361
0.030374
-0.003660
0.027165
-0.026458
-0.010218
-0.026879
0.013743
0.006379
-0.006643
0.007306
-0.006223
0.031108
-0.016160
0.009320
0.002191
0.027482
0.010164
-0.016135
0.005001
0.025157
0.010238
0.027605
-0.016854
0.020455
0.003830
0.035693
-0.018816
-0.007485
-0.004742
0.023493
-0.007706
-0.011952
-0.025454
-0.008170
-0.004680
-0.007008
0.024284
0.012233
0.004708
-0.025655
0.006019
0.008918
-0.014206
0.011080
-0.008551
-0.027114
-0.009235
-0.009487
0.011877
0.008566
0.027319
-0.004749
0.004074
-0.001286
-0.021976
-0.015783
-0.004567
-0.019706
-0.025516
0.000713
-0.006433
-0.047013
0.015901
0.015709
0.001741
0.007292
0.021449
-0.006031
-0.007155
-0.011566
-0.013437
-0.005566
0.022228
0.018975
0.002802
0.012133
-0.013537
0.001569
0.024541
-0.005718
0.018620
0.030858
-0.026717
-0.021096
0.026944
0.000190
-0.002331
-0.007533
0.011922
-0.021738
0.016716
-0.025909
0.020260
-0.003725
0.006818
-0.034179
0.011734
0.009029
0.021776
-0.050002
0.012879
0.013858
0.016178
-0.024495
0.004543
-0.006269
-0.002883
0.023476
0.014201
-0.010086
0.021424
-0.044517
0.017869
-0.009747
-0.007933
-0.021876
-0.068221
0.065170
0.041643
0.013002
0.044007
0.034400
-0.048893
0.030263
0.041971
0.042592
-0.003646
0.014400
0.046000
0.012307
0.038175
-0.006860
-0.019817
0.016628
0.006541
0.044353
0.073893
-0.037982
-0.014402
0.065988
-0.032958
-0.003048
-0.006902
-0.020854
0.010780
0.027718
-0.070376
0.007574
0.015073
0.004978
-0.028160
-0.009893
0.029977
-0.018866
0.000166
-0.005916
0.008877
-0.029588
0.045637
0.007807
-0.044307
0.019808
-0.020545
0.027543
-0.009639
0.008510
0.000473
0.049666
0.000425
-0.010027
0.072642
-0.054943
-0.047141
0.005429
0.002270
-0.003466
0.046186
-0.008568
-0.012958
0.017310
-0.001356
0.040952
0.000996
0.054077
-0.049119
-0.052731
0.026320
0.035317
-0.003418
0.020210
-0.014145
-0.008789
0.034322
0.028143
0.044173
-0.048789
0.041111
0.009016
0.018715
0.021290
-0.014339
0.042197
-0.009664
-0.010222
-0.005652
-0.027532
0.019818
-0.017170
0.018537
-0.050456
-0.028067
0.004412
0.021145
0.049635
0.022097
-0.047568
0.010195
0.010572
-0.002258
-0.024254
0.015719
-0.004248
-0.006934
-0.010403
0.007601
0.015798
0.024365
0.014163
-0.004916
0.003612
-0.023544
0.021560
0.041384
0.028121
-0.002466
0.042450
0.022311
-0.039029
0.002447
0.030261
-0.008672
0.036841
-0.019223
-0.004896
-0.044232
0.073831
-0.008018
0.020882
0.002727
0.012774
-0.025659
0.004513
0.031546
0.072681
-0.012569
-0.032173
0.030640
0.009994
0.041068
0.034463
0.007776
-0.031893
0.025380
0.031720
0.077767
0.027567
-0.009686
-0.015376
-0.069842
0.066351
-0.033322
0.008792
0.041404
-0.047125
-0.005707
0.024605
0.065993
0.043424
-0.070260
0.045591
-0.034544
0.012248
-0.004015
-0.023554
0.009809
0.011662
0.073105
-0.057725
0.005853
0.034511
0.002335
0.008829
-0.022240
0.009800
-0.040439
0.036583
0.037040
0.029861
0.006136
0.003869
0.015968
0.074084
-0.008026
-0.023460
-0.048551
-0.024063
0.026887
0.006716
0.000229
0.008558
-0.015328
-0.010575
-0.025953
0.029605
0.037019
0.015258
0.012548
-0.008863
0.003624
0.007734
0.048308
-0.017880
0.002710
0.017537
0.015926
0.030266
-0.028327
0.011051
0.001364
-0.050506
-0.015545
0.006970
0.003681
-0.026433
0.013985
0.013712
-0.001302
-0.012946
0.004760
0.012308
-0.048756
0.030114
0.008541
-0.047443
-0.011816
0.006356
0.003973
0.011679
0.027043
0.036016
-0.034593
-0.015777
0.022618
-0.019455
0.028744
0.003533
-0.017839
0.004159
-0.038670
-0.019942
0.022172
0.012270
0.052191
-0.009927
0.027394
0.003369
0.036485
-0.022059
0.003673
0.001772
0.022945
-0.018086
-0.037684
-0.025466
-0.011217
-0.035077
-0.002692
0.011530
0.062673
-0.020983
0.020937
-0.016417
-0.014774
0.017684
0.058996
-0.023613
-0.043408
0.001267
-0.031718
0.037645
-0.019109
-0.029987
0.039094
-0.012592
-0.052037
0.008940
-0.028565
0.008014
-0.007392
-0.010059
-0.033445
0.009433
-0.013714
0.033346
-0.037041
0.050500
0.022961
0.025369
-0.004347
-0.033546
-0.016981
0.025165
-0.014533
0.000848
0.003588
-0.029270
0.031548
-0.018699
0.007702
0.005090
-0.017038
0.050580
0.001431
-0.000750
-0.036627
-0.016608
0.033606
-0.015645
0.004126
-0.005759
0.003237
0.044855
0.010785
0.050389
0.023614
0.019306
-0.027912
-0.007160
-0.019652
-0.005935
0.002234
-0.028085
0.039474
-0.011059
-0.010026
-0.017942
-0.036713
-0.000659
0.009021
-0.006065
0.012985
0.004707
0.001954
-0.013851
-0.016447
0.018001
-0.017089
0.010632
-0.009908
0.019579
-0.043233
0.021820
0.003327
-0.030774
0.004877
0.007352
-0.043138
0.033224
0.024017
-0.014221
0.007870
0.011432
0.000316
-0.008312
0.000079
-0.050399
-0.013265
0.031464
-0.014329
0.029493
-0.005934
0.025383
-0.003425
-0.021402
-0.037056
0.009861
-0.008529
-0.016051
-0.021534
-0.023815
-0.009302
-0.000197
0.002675
0.023489
-0.008474
0.015903
-0.029886
0.012574
0.033125
0.021494
-0.001457
0.020530
-0.000453
0.005651
-0.058848
-0.008788
-0.020039
0.004273
-0.019523
-0.020960
-0.040242
0.004219
0.070418
0.015769
0.027582
-0.012607
0.039934
-0.009576
-0.000081
-0.047150
0.032996
0.002354
-0.025212
-0.046765
0.001938
-0.008905
-0.001880
0.034972
0.013456
-0.036791
0.003633
-0.022152
0.011011
0.007616
0.000217
-0.017777
0.026021
0.038300
0.037901
0.004350
0.027905
0.004685
0.022745
-0.007191
0.016260
-0.007821
0.032663
0.011609
-0.023764
-0.028126
-0.002535
0.044863
0.013063
-0.032970
-0.021802
0.000185
-0.016038
-0.030316
-0.022271
0.037564
0.015372
0.008777
-0.033423
-0.082252
0.020362
-0.016288
0.012196
-0.021700
-0.018364
-0.009482
0.025778
0.020070
0.091527
-0.027355
0.044872
0.047627
0.048712
0.001916
-0.015149
0.010247
-0.024359
-0.048884
-0.013832
0.045962
0.004172
-0.013223
-0.033892
0.025464
-0.055065
0.053505
0.030318
0.013454
-0.051691
-0.027380
-0.024096
-0.013677
-0.049117
-0.025275
-0.012377
-0.025797
0.002131
-0.054580
0.021760
-0.026625
0.005178
0.037346
0.011848
0.030093
0.073818
0.009386
-0.012494
0.019286
-0.043011
0.028767
-0.025941
0.077528
-0.005767
0.007004
-0.033113
0.001103
-0.000524
-0.014836
0.005927
-0.015170
-0.031177
-0.003937
-0.021471
-0.004018
0.005375
-0.069905
0.003957
-0.069991
0.101832
-0.038960
-0.003705
0.006165
-0.008234
0.054400
-0.072810
0.002902
-0.005885
0.027455
-0.032567
-0.060332
-0.025106
0.049080
0.016553
0.006478
-0.032162
0.018192
-0.078700
0.038093
-0.046656
-0.002414
0.008309
0.056350
-0.050983
-0.055625
-0.014489
-0.076243
-0.028505
-0.050772
0.044836
-0.048506
-0.012700
-0.023739
0.015541
0.047939
0.045090
-0.051903
0.017750
-0.001737
-0.017872
-0.011936
-0.019236
0.007064
-0.024426
0.058489
0.058468
-0.043477
-0.001087
-0.001155
0.041609
-0.009497
0.014489
0.001081
0.008228
0.025690
-0.023097
-0.010693
-0.031725
0.012903
-0.027713
-0.000033
0.005657
-0.008576
0.017000
-0.004556
-0.022591
-0.005342
0.026442
-0.007868
0.005624
0.014332
0.011832
0.009495
0.003304
-0.033402
0.000414
-0.006010
0.000449
0.011986
0.014467
-0.025834
-0.002390
0.010152
0.014530
-0.009617
-0.010694
-0.001965
-0.010956
0.020863
0.006160
-0.003177
0.004688
-0.000887
0.021062
0.030348
0.037629
-0.004271
0.013865
0.012044
-0.021340
0.006867
-0.020818
0.007366
-0.017506
0.002444
0.008518
-0.011395
0.008167
-0.010666
-0.009281
0.003784
0.010283
-0.006655
0.024424
0.010552
0.014859
0.008803
-0.011874
0.003642
0.032282
0.033969
0.071123
-0.035422
-0.070418
-0.015098
-0.015054
0.020777
0.044226
0.001699
-0.009782
-0.020515
0.021695
-0.056641
-0.044317
-0.010053
0.014969
-0.006182
0.067358
-0.001295
-0.019327
0.014841
-0.031488
0.092767
-0.021077
-0.028862
-0.001941
0.051741
0.092518
-0.057031
0.040419
0.022637
0.001915
0.020768
0.058777
-0.064231
0.003452
0.011272
-0.033509
0.009258
0.023814
0.000652
-0.054907
0.019615
0.022332
-0.058612
0.034505
0.050917
0.011970
0.105673
0.065210
-0.009889
0.048194
-0.009648
0.025022
-0.067723
-0.025256
-0.031700
0.045365
0.027034
-0.009448
0.022727
-0.004836
0.010654
-0.024177
-0.016436
0.007166
-0.006705
0.020595
0.011263
0.017918
0.021119
0.004106
0.003163
-0.003871
0.001372
-0.012671
0.013002
0.017278
-0.039479
0.001395
0.008304
-0.009441
0.018359
-0.000150
0.032427
-0.002815
-0.008591
0.010414
-0.014828
0.013275
-0.014254
-0.004039
0.024818
0.003153
0.018717
-0.000981
-0.054314
-0.019655
0.014944
0.015940
-0.007631
-0.019379
-0.031987
0.032505
-0.021960
-0.005338
0.003552
0.000908
0.011155
0.030383
0.005819
-0.009023
0.003634
-0.037150
-0.003670
-0.002540
-0.018872
-0.034479
0.001997
-0.019694
0.032943
-0.019561
0.023739
-0.002236
-0.008804
0.023014
-0.003038
-0.005741
0.007070
0.022830
-0.026741
0.024219
0.022231
-0.001900
-0.013458
-0.023844
0.017197
0.000686
-0.019166
-0.006831
-0.003055
0.027282
0.002172
-0.030917
-0.010388
-0.015508
-0.018813
-0.018389
0.012196
0.007412
0.019677
-0.019481
0.025875
0.008898
-0.014998
-0.020663
-0.017813
-0.016074
0.028051
-0.005907
0.015381
-0.026265
-0.018708
-0.016603
-0.023183
0.015080
0.014794
0.009925
0.000432
0.015931
-0.020574
0.003525
-0.002390
0.002803
-0.012291
0.041278
0.020691
0.010926
0.000217
-0.002834
0.013966
0.027888
0.001165
-0.010707
0.013436
-0.014319
-0.009758
-0.029516
0.003786
0.022394
0.024278
0.011689
-0.026406
0.004089
-0.002937
0.021810
0.039392
0.017404
0.021890
-0.000166
0.015255
-0.019409
-0.007502
-0.011183
-0.026573
0.002496
-0.009767
0.067853
-0.011062
-0.011613
-0.051896
0.043392
-0.025723
-0.024859
0.032233
-0.000433
0.017376
-0.038373
0.044376
-0.012572
0.002201
0.025466
0.002251
-0.018570
0.014712
-0.068473
0.025062
0.050449
0.042745
0.055212
-0.044599
-0.000985
0.007700
0.000857
-0.003636
0.009329
0.019341
0.012936
-0.025540
-0.044135
-0.041847
-0.020798
0.064467
-0.004068
0.038127
-0.058021
0.063835
-0.016261
-0.013351
-0.022413
-0.039958
-0.010113
-0.009106
-0.015535
0.004097
-0.033557
0.025357
-0.034648
-0.000696
-0.003227
-0.047888
-0.005254
0.066150
-0.004389
-0.022566
0.011386
-0.031325
0.027992
-0.003863
-0.053813
-0.012949
-0.037647
0.015053
0.032397
0.022160
-0.049332
-0.003386
0.023682
0.047427
-0.016786
0.010108
-0.047875
-0.000419
0.014589
0.005454
0.002978
-0.016343
-0.006727
0.019479
-0.066589
-0.046486
0.002629
-0.005296
-0.029887
-0.032709
-0.024687
0.037427
-0.017153
0.000448
0.013916
0.032359
0.002313
-0.022541
0.026600
0.020993
0.038581
-0.010518
0.022180
0.038382
0.033654
0.005550
0.018442
-0.028666
0.012899
-0.033723
-0.022597
-0.003976
0.012546
-0.008530
-0.002480
0.009884
-0.004596
-0.022736
-0.005073
0.024604
0.002868
-0.071528
0.030894
0.092989
0.027153
-0.013062
0.036448
-0.007190
0.002540
-0.004275
-0.041648
-0.001312
-0.005612
-0.077940
-0.027546
0.021948
0.067864
0.026131
-0.017765
0.028176
-0.004765
-0.050955
0.040467
-0.001866
-0.010739
0.012847
0.003717
0.044609
0.079921
0.013180
0.069857
-0.028218
0.001253
-0.052135
0.056839
-0.063471
0.051692
-0.001377
-0.027324
0.039281
0.007101
0.024082
0.065441
-0.089502
0.004473
0.030565
-0.017489
0.063174
0.030109
-0.048612
0.029265
-0.055475
-0.008006
0.014467
-0.020677
-0.012653
0.007254
-0.024319
-0.008750
-0.009740
-0.008272
-0.052609
0.011296
0.020383
-0.012183
0.012775
-0.031317
-0.017426
0.010029
-0.006345
0.002797
-0.022129
0.001788
0.007761
-0.008268
-0.018917
0.004477
0.047733
0.004073
-0.020116
-0.043488
0.019617
-0.012400
-0.003557
-0.033238
-0.015335
-0.027091
-0.005633
0.012701
-0.007483
-0.021482
0.018927
0.002304
0.042894
-0.031766
0.001624
0.012242
-0.001928
0.015394
0.000128
-0.016021
0.001327
0.009450
0.033394
0.018669
-0.004546
-0.008573
-0.011679
0.029035
-0.008582
0.003510
-0.013587
0.006319
0.022415
0.031271
-0.018827
-0.011258
0.001475
0.033031
0.032774
-0.027214
0.009337
-0.028999
-0.007704
-0.000976
0.003266
0.010149
-0.018484
0.006166
0.009197
0.008561
0.022578
-0.010110
-0.003909
-0.006522
0.008893
-0.000959
0.015017
0.005678
-0.003526
-0.008897
-0.005151
0.000969
-0.004194
-0.017826
-0.000536
0.002051
0.007454
-0.003282
-0.005643
-0.008867
-0.012723
0.011358
-0.006514
0.007807
-0.020958
0.007637
0.032892
-0.007601
-0.007209
-0.008923
0.003045
-0.001975
-0.002045
0.006130
0.004093
0.007649
-0.002589
0.003713
0.017625
0.007291
0.004621
-0.007883
-0.018939
0.018109
-0.000184
0.018572
-0.019956
-0.014625
0.015104
0.008004
-0.002433
0.009110
-0.011681
0.001620
-0.007593
-0.013241
-0.032299
0.003384
-0.011125
0.021577
0.028501
-0.086214
-0.016799
0.005266
0.011567
-0.005044
0.032776
0.031031
-0.033037
0.003021
-0.042917
0.021697
0.002261
0.050603
-0.029252
-0.056720
-0.032100
-0.022026
0.014943
0.038463
-0.030910
0.026670
0.002464
0.022317
0.015275
-0.000155
-0.034161
0.039500
-0.010657
-0.000290
-0.020110
-0.027668
-0.052592
0.017476
-0.045699
0.008452
-0.014572
-0.023149
-0.034125
-0.087849
0.002422
-0.006094
-0.020355
0.041658
0.046461
-0.017946
0.023100
0.018861
-0.002076
0.005795
-0.012967
-0.017823
-0.046960
-0.000291
-0.017264
0.008267
0.025247
-0.019708
0.029971
-0.029677
-0.011587
0.015438
0.005667
-0.022440
-0.047171
0.061735
0.026979
-0.006034
0.019443
0.032604
0.029439
0.037768
0.020122
-0.016511
0.058805
0.065273
-0.001828
0.014313
0.000354
-0.063085
0.020467
-0.025838
0.001949
-0.014625
-0.008741
-0.046072
0.018625
0.035232
0.036898
-0.000662
-0.062262
0.045281
-0.010938
0.003026
0.031571
-0.024092
-0.050773
-0.081387
0.053878
-0.019201
-0.023848
0.020513
-0.031150
-0.004854
0.043686
0.000883
-0.048784
0.075169
-0.038643
0.044791
0.011932
-0.028854
-0.010678
-0.003405
0.012779
-0.044738
0.012338
-0.030327
-0.007437
-0.048414
-0.043267
0.012581
0.024784
0.002094
-0.006695
0.005204
0.000810
0.002994
-0.005845
-0.017707
-0.002805
-0.029690
-0.027613
-0.039957
0.015839
0.020028
-0.023626
0.001649
0.023018
-0.027380
0.000736
0.044784
0.007349
0.052529
-0.005933
-0.011059
0.018807
-0.033200
-0.003889
-0.022320
0.017088
0.024747
-0.009673
-0.023523
-0.014013
0.005445
-0.010245
0.042899
-0.012242
0.000148
-0.009482
0.002719
-0.038907
0.000460
-0.017382
0.011968
-0.014259
-0.018748
0.010065
0.001126
0.031066
0.009606
-0.035816
0.033610
0.014952
-0.024941
0.003906
-0.017929
-0.007927
-0.019466
0.022696
-0.003783
0.009355
-0.032966
-0.000465
0.001184
-0.033213
0.003127
0.018772
-0.025174
-0.021943
0.024106
-0.013564
0.000025
0.000730
-0.001481
0.030656
0.014493
0.019262
-0.015878
0.053859
-0.030031
0.010036
0.016683
0.026229
-0.021951
-0.006333
-0.026140
0.025338
-0.021240
-0.026757
-0.002689
-0.019847
-0.013528
-0.006527
0.043607
0.015993
-0.015817
-0.033058
-0.004244
0.016369
0.025974
-0.017305
0.000220
0.019014
-0.003819
-0.020728
-0.000746
0.005105
-0.007085
0.015945
-0.037888
0.032936
0.004594
-0.017813
0.000198
-0.017357
-0.033937
0.008904
-0.026212
-0.003283
0.017029
0.036537
0.006968
0.004314
0.023684
0.019604
0.035370
0.011186
-0.004642
-0.001023
-0.024977
0.038210
0.010710
-0.142248
0.016945
-0.061277
0.015085
-0.032469
0.020609
0.057499
0.057315
-0.023876
0.034201
-0.091087
0.035741
0.050592
-0.012080
-0.041233
0.066505
0.024597
0.034232
0.020239
0.029762
0.002552
-0.015841
-0.028370
-0.062814
-0.004831
0.059981
0.002815
0.028972
0.049693
-0.043678
0.005089
0.041835
0.017155
-0.033956
-0.019839
0.059967
0.009889
0.007137
0.003091
0.046117
0.014862
-0.048671
-0.014733
-0.036976
0.009971
0.003488
-0.000489
-0.012486
0.017433
0.006626
-0.045975
0.008002
-0.023098
-0.044865
0.024376
-0.005473
0.008282
-0.056222
0.012896
-0.019980
0.026765
0.055355
0.002713
0.013416
0.008903
0.004181
-0.005891
-0.015222
-0.000556
-0.008209
-0.010211
-0.001422
0.025080
-0.017339
-0.016958
-0.001126
-0.015778
0.009917
-0.011251
-0.016665
-0.002029
0.030828
0.029590
0.001715
0.023860
0.013960
-0.002616
0.019936
0.000870
-0.003189
0.026479
-0.000596
-0.005867
-0.002222
0.009714
-0.002578
0.008776
0.023035
-0.000341
0.000177
-0.021641
0.023735
0.016956
-0.011937
-0.013124
0.013405
-0.002769
0.014209
0.008316
-0.008911
0.008433
-0.020282
-0.029017
0.000860
0.017077
0.001078
-0.001775
0.015801
-0.012964
-0.019299
0.001928
0.005232
-0.005682
-0.008638
-0.012488
-0.020519
-0.023952
0.036180
0.015235
-0.007733
0.070960
-0.059353
-0.009174
-0.025312
-0.047868
0.012632
0.000825
-0.057241
0.045461
0.015575
-0.046362
0.000357
0.012628
0.026199
-0.037407
0.013130
-0.011342
-0.001140
-0.014050
-0.001323
-0.006747
-0.018804
-0.031978
0.019932
0.011367
-0.008894
0.042971
-0.018006
-0.003875
0.041302
0.027949
-0.069018
0.023686
-0.000148
-0.048512
-0.019482
0.002013
-0.024988
-0.045611
-0.020216
-0.010528
0.012973
-0.060861
0.005994
-0.014801
-0.007326
-0.004836
-0.031765
0.015903
-0.025114
-0.012368
-0.012225
0.005475
0.047956
-0.012099
-0.010107
-0.037550
-0.012453
-0.038613
0.001126
0.021137
0.008397
-0.007519
-0.014083
-0.028884
0.007142
0.007897
-0.052299
0.003245
0.012520
0.044712
-0.028660
0.029342
0.000392
-0.019093
0.052383
-0.011882
0.055061
-0.028263
0.038913
-0.002759
0.002191
-0.033018
-0.008874
-0.004757
-0.027528
-0.000210
-0.019195
-0.004197
0.014145
-0.008101
0.024197
-0.012378
0.026865
0.026165
0.005619
-0.018830
-0.032642
-0.001399
0.057516
0.019725
0.052068
0.007429
0.015609
-0.016430
-0.029147
-0.075559
-0.002422
0.036259
-0.039557
0.018667
0.007712
-0.017159
-0.030321
-0.035056
-0.060900
0.038690
-0.018359
0.043212
0.025550
-0.007298
-0.017700
0.001751
0.021632
-0.050183
0.027338
-0.021192
0.015874
0.034512
-0.000544
-0.032849
-0.043289
0.048563
0.023882
-0.008068
0.003552
-0.104722
0.061857
-0.019356
-0.044523
-0.011799
0.042511
0.024137
-0.039839
-0.000088
0.041653
0.043289
0.002410
-0.033843
-0.077566
-0.010683
-0.021611
0.018205
-0.070155
0.008538
0.053995
0.026254
0.036663
0.044540
-0.022625
0.001420
0.012364
-0.007975
-0.004506
0.028673
0.017307
0.026932
-0.013366
-0.013239
0.047812
-0.034722
0.047003
-0.008739
-0.015238
-0.050356
-0.012273
-0.015968
-0.006733
-0.050951
-0.025576
-0.003114
0.039117
-0.038336
-0.024585
-0.016160
-0.070686
-0.032383
0.030472
-0.005217
0.024066
-0.109270
-0.046526
0.021950
-0.008254
0.054789
0.028705
0.064685
-0.008792
-0.033452
-0.033074
0.066830
-0.012100
-0.036287
0.067578
0.034262
-0.003403
-0.010035
0.030131
-0.063506
0.068371
-0.099684
0.060782
0.012499
0.062801
-0.027809
-0.030799
0.037124
-0.036765
0.030765
0.020934
-0.028770
0.014668
-0.064601
0.019786
-0.016125
-0.014207
0.006229
0.012823
-0.027818
-0.038608
0.039075
-0.030992
-0.009575
0.018840
-0.009606
0.010505
0.035817
-0.027147
-0.006332
0.042289
-0.042451
-0.016812
-0.048728
-0.130998
-0.003087
0.006604
0.007368
0.030193
0.022543
0.010092
-0.047819
0.000067
-0.008721
-0.013496
0.006313
0.015070
0.010938
-0.052063
0.003959
0.022820
0.014242
0.026800
0.002757
-0.035994
0.023136
0.000689
0.008794
-0.026398
0.024584
-0.034965
-0.036759
0.011882
0.023199
0.009195
0.024886
0.027711
0.014761
-0.000981
-0.024206
-0.044369
-0.030571
-0.040866
-0.026133
-0.023655
-0.024598
-0.007662
-0.000861
0.029339
0.011638
0.007712
-0.005291
-0.004900
0.024112
0.021675
0.019391
0.024055
0.015341
0.000997
-0.037579
-0.004648
0.008302
-0.000700
-0.001371
-0.002633
0.022331
-0.003278
-0.012976
0.038387
-0.018120
0.025573
0.019481
0.038997
-0.018698
-0.017727
0.007150
-0.000353
-0.022566
-0.010728
0.030575
-0.033672
0.020430
-0.048737
-0.000145
-0.011464
-0.016707
0.006319
-0.012929
-0.001942
0.008171
0.012381
-0.047134
-0.051368
-0.024963
0.006497
0.024634
0.012122
0.024704
0.025168
-0.008325
0.009910
0.009739
0.005765
0.074065
0.031802
0.015857
-0.030958
0.023309
0.031035
0.009732
0.029536
-0.029462
0.021476
-0.025747
0.024046
-0.004094
-0.015756
0.042871
-0.041458
0.064361
0.013932
0.023311
-0.015789
0.062249
0.002250
0.007930
0.005975
0.024574
0.009645
0.013813
0.022337
-0.033263
0.006614
0.014381
-0.004777
-0.007247
0.013832
0.070711
-0.023983
-0.011572
0.043242
-0.030475
-0.045703
0.020055
-0.047944
0.008381
-0.025804
0.034277
-0.002721
-0.000215
0.000807
0.011952
0.004584
0.000171
0.029451
-0.007546
0.029999
-0.038957
0.053246
-0.022606
-0.004331
-0.021470
-0.067023
-0.005892
-0.032657
-0.012279
-0.007374
-0.068256
-0.050816
0.006364
0.030596
-0.046043
-0.000803
0.005160
0.005602
0.049729
0.038307
0.006047
0.002837
0.012797
-0.026733
0.025050
0.035550
-0.004983
-0.004530
0.030488
-0.005340
0.006093
0.014127
-0.000464
-0.011167
-0.021505
-0.013246
-0.023555
-0.022120
0.049819
0.024245
0.018646
0.030044
-0.024613
-0.006075
-0.016188
-0.041067
-0.010718
0.001187
-0.020437
0.040706
0.009872
0.044654
-0.005243
-0.006516
-0.002614
-0.042934
-0.004703
0.050313
0.039907
0.022534
-0.048450
0.022135
-0.023269
-0.005557
-0.004430
0.051863
-0.033901
0.032395
0.029394
0.005091
0.048190
0.008798
0.025906
-0.006572
0.007336
-0.003297
0.036092
0.032984
0.010667
0.050950
-0.046636
-0.022159
-0.039362
0.048373
0.092717
-0.012647
-0.046756
0.014171
0.020711
0.025602
-0.044877
0.023974
0.021388
0.005883
0.021017
0.010544
0.027887
-0.017362
-0.047912
0.014475
0.005364
-0.004548
-0.002089
-0.006316
-0.017559
-0.042665
-0.016544
0.058163
-0.092669
-0.000587
-0.075342
-0.000251
0.026513
0.014190
0.051216
0.029095
0.007308
0.006451
-0.043315
-0.000232
0.032228
-0.026055
-0.028527
-0.018326
-0.063368
-0.005171
-0.011491
0.004203
-0.012538
0.046335
-0.038280
0.022737
-0.021654
-0.007003
0.069024
0.001230
-0.003798
0.021402
-0.067725
0.001696
0.019356
0.009740
-0.004985
-0.024122
0.043508
-0.004583
-0.023288
0.026009
0.001980
0.023260
-0.039261
0.016598
0.019861
0.015895
0.032591
-0.012410
-0.035656
0.028927
-0.026813
-0.040198
0.021738
0.016855
-0.032253
-0.000245
-0.028288
0.013649
-0.058541
-0.037955
0.033699
-0.016266
-0.013073
-0.036419
-0.025706
-0.031113
-0.029465
-0.018796
-0.022476
0.006693
0.015031
-0.006801
0.007180
-0.010357
0.022544
-0.008720
0.038583
0.011317
-0.019946
0.000871
-0.011874
0.007744
0.034608
-0.013583
-0.003433
0.015631
0.002150
0.023202
0.009841
0.022617
0.009003
0.037060
0.035721
0.011337
-0.041303
0.004751
-0.020178
-0.011514
0.022696
-0.003821
-0.015210
0.002968
0.017782
-0.035996
0.033579
-0.019078
-0.025784
0.015179
-0.022548
-0.018049
0.001591
-0.014686
0.040405
-0.030318
0.014205
0.002965
0.024164
0.015945
0.034534
0.032554
-0.002891
0.000169
-0.012125
0.015796
0.025823
0.017071
-0.008291
-0.012747
-0.014126
-0.001150
-0.023685
-0.012491
-0.002192
0.007767
-0.010200
-0.015337
0.001435
-0.014240
0.007587
0.021008
0.014981
0.041929
0.023626
0.038246
-0.010442
0.020224
0.009710
0.039678
-0.016532
0.011075
0.011522
0.010665
0.005194
-0.008853
-0.008494
0.002995
-0.007774
0.006443
-0.021565
0.015173
0.004705
-0.002808
-0.003202
0.004089
-0.030152
-0.004040
-0.016193
0.010833
-0.007959
-0.015563
0.043109
-0.001750
0.006681
0.018730
-0.007133
-0.008199
0.021351
-0.033597
-0.011824
0.003732
0.009077
-0.013922
-0.008499
-0.007612
-0.010727
-0.003086
0.022927
0.005950
-0.002010
-0.006740
0.020058
0.002423
0.000361
-0.021287
-0.013019
0.005959
-0.009766
0.027454
-0.052276
0.049227
-0.007627
-0.053382
0.038911
0.012975
0.005750
-0.000510
0.006082
0.027250
0.035804
0.033630
0.008787
-0.002094
0.009837
-0.073981
-0.042852
-0.006587
-0.009952
0.010539
0.088383
0.009505
-0.035000
-0.029300
0.002858
-0.038071
0.014005
-0.022212
-0.032589
-0.075311
0.025829
-0.002463
-0.001539
-0.001441
0.034415
-0.003355
-0.010575
-0.046903
-0.024433
-0.017152
-0.001277
-0.014783
-0.004147
0.000792
-0.018866
-0.047965
0.019665
0.066499
-0.043416
-0.008905
-0.019410
-0.037535
0.013601
0.038637
0.009100
0.064131
0.012800
0.030360
-0.078983
0.018454
0.015527
0.011966
-0.017944
-0.026267
0.021742
-0.029121
0.007131
0.015065
0.014285
0.001799
0.013863
-0.012882
0.017003
0.003431
-0.000345
-0.004677
-0.019275
-0.013723
0.038892
0.008639
0.000576
-0.006814
0.009956
-0.011122
0.003098
0.013358
-0.023084
-0.026786
0.007380
-0.010171
0.010378
-0.023260
0.048556
-0.018649
-0.017240
0.013206
0.023893
-0.008721
-0.044518
-0.040287
-0.020620
-0.030348
-0.011179
0.007732
0.034436
0.048107
-0.032078
-0.005299
-0.006587
-0.024010
0.010952
0.004200
-0.026379
-0.002041
-0.012519
-0.003397
-0.001388
-0.017909
0.022390
-0.005318
0.037290
-0.056694
-0.031325
0.024597
0.028117
0.006902
0.009719
-0.010761
-0.018486
0.007283
-0.004559
-0.005986
-0.034267
-0.002741
-0.000851
-0.000622
0.010274
0.016656
0.007426
0.003731
0.010829
0.011213
0.012698
0.006070
-0.002711
-0.048707
0.001464
0.030264
-0.007718
-0.012256
0.000893
-0.008744
-0.012155
0.005262
-0.007869
0.027643
-0.009746
-0.000871
-0.018268
-0.007290
-0.010259
-0.004433
-0.000356
-0.011553
-0.013519
0.007016
0.003132
-0.004491
-0.010659
-0.003096
-0.028277
-0.005168
0.025856
0.020660
-0.012445
-0.003517
0.004656
-0.017182
-0.028829
0.004007
0.028532
-0.006478
0.020327
0.007212
-0.008641
0.003370
-0.009808
0.012581
0.002654
0.018156
-0.005643
-0.019799
0.013605
-0.026819
-0.037532
-0.046256
-0.043956
0.014959
0.036954
0.023774
0.016533
0.002475
-0.009769
-0.012163
0.036905
0.016089
0.048552
0.040023
-0.019275
-0.025927
0.049256
-0.008841
-0.004992
0.018222
-0.024730
-0.004897
0.000049
0.026461
0.031089
0.039447
0.003124
-0.039601
0.018818
-0.027100
0.000540
0.067898
0.007901
0.009956
-0.011372
0.016850
0.015465
-0.044241
-0.037560
0.060140
-0.006612
0.000820
-0.054779
0.035495
-0.029340
-0.058117
-0.013929
-0.019307
0.030670
0.046171
0.036126
0.012132
0.000772
-0.035208
-0.014732
-0.041082
-0.018587
0.025295
-0.020467
-0.025788
0.106496
0.000347
-0.034265
0.002544
-0.056549
0.001622
0.044630
-0.005384
0.013204
0.020467
0.056059
-0.028962
0.004825
-0.110621
0.041527
0.084394
0.056921
-0.025070
0.021676
0.020231
0.018509
-0.040719
0.016381
0.022065
-0.037086
0.054672
-0.012363
-0.033856
-0.000922
0.041113
-0.011398
-0.024705
-0.004949
0.022453
0.071847
0.070126
0.009089
0.037942
0.014990
0.001206
0.068473
0.058614
-0.013305
0.050782
0.019619
-0.000558
-0.075113
0.012666
-0.045590
0.053118
0.003630
0.015234
-0.000341
-0.083892
0.028382
-0.045290
0.020304
-0.004506
0.023732
0.027188
-0.052558
-0.028816
-0.003083
0.002520
-0.066877
0.015108
0.052657
-0.025353
-0.019834
-0.015064
-0.083975
-0.049219
0.000797
-0.022524
-0.024344
-0.015957
0.014671
-0.007507
-0.031343
0.039119
-0.021299
0.054694
0.017826
-0.006818
0.004734
-0.042355
0.030044
-0.063012
-0.006805
-0.036550
0.024412
0.024883
0.066291
-0.028747
-0.015559
-0.041761
0.024024
0.038228
0.040336
0.042497
-0.023646
0.035319
-0.014152
-0.001947
-0.062982
0.012572
0.025464
0.009825
-0.010085
-0.017910
0.027248
0.000436
-0.036880
0.009048
-0.050225
0.046201
0.033425
-0.057893
-0.050161
-0.042047
0.030153
0.047704
-0.043127
0.004471
-0.024994
-0.040228
-0.053170
-0.046071
-0.031807
0.005529
0.038171
-0.013955
-0.006149
-0.040498
0.005253
0.005754
0.035726
0.014757
-0.021900
-0.000166
0.018800
-0.001929
-0.022095
0.003847
-0.007735
0.055658
-0.009319
0.054182
0.002592
-0.031201
0.008410
-0.017464
-0.004855
0.007005
-0.003403
0.028482
0.017312
0.037477
0.020259
-0.003984
0.022972
-0.028386
0.012318
0.031956
-0.000465
-0.025082
-0.031493
0.025807
0.013145
0.020590
0.010830
-0.002103
0.014687
-0.046402
-0.003924
0.001182
-0.008452
0.011366
-0.002301
0.009182
-0.016624
-0.012563
0.021584
-0.005634
0.022440
-0.015359
0.016171
-0.023117
-0.003441
0.007346
-0.018077
-0.026629
0.047063
-0.005500
0.015907
0.037190
0.009189
0.015252
-0.021662
0.001270
0.017587
0.014133
0.005078
0.035834
-0.032472
-0.007310
0.024965
0.092678
0.030482
0.005014
0.036859
0.006306
-0.029639
0.043985
-0.048208
0.043970
0.042771
-0.023569
-0.019816
-0.037201
-0.039122
0.013510
-0.017865
0.048811
-0.028399
-0.006177
0.026797
-0.095939
0.008722
0.057216
-0.000248
0.013524
-0.024327
0.026020
0.017484
-0.010847
-0.010168
0.005323
0.045138
0.042344
-0.029181
-0.038448
0.013817
0.065357
-0.026060
0.017495
-0.021276
-0.010619
0.003744
0.018841
-0.026225
0.012500
0.025337
0.052075
0.000105
0.010870
-0.018371
-0.105488
0.010638
0.033123
0.033453
-0.083288
-0.062863
0.057085
0.044969
-0.025427
-0.009483
0.079125
0.046416
0.020136
0.086703
-0.033809
-0.031778
-0.048246
-0.010748
0.008053
0.056553
-0.018865
0.009047
0.033321
0.022219
-0.032037
-0.010165
0.075329
-0.071462
-0.031685
0.011329
-0.000525
0.039040
-0.027214
0.033189
0.009299
0.012868
0.062080
0.025411
0.024082
-0.022125
0.013413
-0.030921
-0.013660
0.032726
-0.023460
0.010170
-0.035023
0.029362
-0.036080
-0.025757
0.039804
0.002900
-0.014809
-0.025899
0.070604
0.010549
-0.010640
0.006760
-0.013458
-0.020632
-0.003345
0.014510
0.010865
-0.003993
0.051981
-0.053058
-0.074536
0.014355
-0.003396
0.044319
-0.009467
0.018635
-0.018357
0.011851
0.007478
0.085233
0.007054
-0.031232
0.029043
0.026540
-0.018783
-0.030566
-0.003029
0.020272
0.000305
-0.044679
0.064864
-0.024414
0.058456
-0.022046
-0.014095
-0.045003
-0.021900
0.000037
0.039712
-0.036997
0.034103
0.015953
0.000328
-0.006080
0.005479
0.070691
0.034343
-0.043166
0.020965
0.051811
-0.043914
-0.014551
0.000220
0.079101
-0.004272
0.000632
0.013105
-0.001784
0.028819
0.000864
0.077368
-0.011625
-0.035355
0.014647
0.018196
-0.001279
0.030471
-0.062885
0.025495
-0.013867
-0.017129
0.028544
-0.050506
0.010930
0.023192
-0.012740
-0.020035
-0.045111
0.019784
-0.055630
-0.007769
0.083088
0.054711
0.003408
0.025751
0.013045
0.009722
0.028928
0.057881
-0.001482
0.000531
-0.010133
0.015634
0.062762
-0.012640
0.026125
0.022802
0.030082
-0.015985
-0.012007
-0.068061
0.054530
0.027770
0.017001
0.066577
0.057563
0.011809
0.010577
0.008748
-0.010506
0.038907
0.012988
-0.038880
-0.011464
-0.000241
-0.004409
-0.011031
-0.018757
0.035575
0.041000
0.092671
-0.018686
-0.002405
0.030377
0.051065
0.048661
0.044751
0.069291
0.077481
-0.021574
0.013692
-0.051070
0.003420
0.072090
0.034660
-0.012699
-0.017316
-0.023683
-0.008440
0.013330
0.011230
0.058882
0.035102
0.002186
-0.007711
0.023251
-0.023183
-0.007680
-0.061393
0.034593
0.072801
0.013384
0.003022
-0.046813
0.016799
0.028885
0.014487
0.016500
0.010431
0.028625
-0.041188
-0.042417
0.021259
0.036913
0.005113
0.057556
-0.009250
0.005463
0.062643
0.018861
-0.034482
-0.002190
-0.015982
0.025925
0.003908
-0.009569
-0.035689
0.032982
-0.040082
0.013048
-0.009285
0.000652
-0.004903
-0.045437
-0.016106
-0.029785
-0.006821
0.002801
0.010275
-0.004261
-0.093664
-0.003826
-0.005945
0.035441
-0.010614
-0.030959
0.021314
-0.012170
-0.029813
0.013321
-0.022657
0.032347
0.032945
0.003033
0.014426
0.004614
-0.003862
-0.001093
0.000047
0.010683
0.001400
-0.075908
-0.006442
-0.018289
0.003465
0.026720
0.003409
-0.000997
-0.014999
0.003001
-0.029856
-0.001793
0.025219
-0.007904
-0.019217
0.004960
-0.020179
-0.006858
0.031078
0.013138
-0.014932
-0.002374
-0.030941
-0.033110
0.024904
0.022173
0.008991
0.000283
-0.024109
0.008418
0.009600
0.003335
0.011617
0.017578
-0.003715
-0.004529
-0.012278
0.012856
0.005139
-0.000387
0.003431
0.038961
0.000659
-0.015112
-0.016346
0.017391
0.004707
-0.006687
-0.027284
-0.003976
-0.023038
-0.011546
-0.025010
0.020146
-0.034172
0.014503
0.006081
0.012528
0.039090
0.024282
-0.043752
-0.003002
-0.010721
0.005935
-0.009104
0.002308
-0.034723
-0.000734
0.003660
0.008458
0.025518
-0.015460
0.017958
0.001620
0.018200
0.007484
-0.031935
0.018236
-0.026079
0.006828
-0.007043
-0.017352
0.000819
0.013318
0.024171
-0.024169
0.016149
0.022151
0.014686
-0.028762
0.008521
0.027393
0.025968
0.016838
0.028856
-0.014773
0.025476
0.007704
-0.012190
-0.019146
0.018719
-0.028393
0.002059
-0.015905
-0.002794
-0.001794
-0.011063
0.015652
0.006707
0.000040
0.030679
-0.029299
0.015463
-0.018833
0.026545
0.000424
0.030213
-0.047835
0.051127
-0.018525
-0.005786
-0.000409
0.005697
0.012333
-0.023536
-0.060912
0.004107
-0.010981
0.029891
-0.034534
-0.023177
-0.006783
0.028535
-0.029021
0.040306
0.017718
-0.006746
0.024018
0.012385
0.018281
0.048514
0.022494
-0.005712
-0.005147
0.014916
0.008529
0.027386
0.006838
0.003133
-0.022889
-0.001388
0.029785
-0.029902
0.021184
0.012782
0.024891
-0.056010
0.022760
-0.006385
0.011258
0.057317
0.010875
-0.042505
-0.016863
0.018614
0.006050
0.012521
0.005202
0.021919
0.015663
-0.046178
-0.007721
-0.006844
-0.012611
0.022234
0.023219
-0.000172
-0.032549
0.031981
0.004619
-0.008992
0.026728
-0.039714
0.002527
0.006122
0.031587
-0.001674
0.022267
-0.002383
0.026494
-0.003393
-0.035703
0.041022
-0.025846
-0.045179
0.016807
0.019727
0.028913
-0.090820
-0.013273
0.012625
0.039904
-0.005545
0.025937
-0.035978
0.022444
-0.017374
0.029782
0.019773
0.052036
-0.049972
0.015239
-0.022248
-0.040942
-0.044019
-0.106126
0.004291
0.024113
-0.008840
0.029199
-0.017981
-0.058546
-0.034173
-0.008797
-0.022919
-0.014314
0.023276
0.052629
0.009600
-0.076197
0.024633
0.034561
-0.011534
-0.011559
0.049776
0.097638
0.006760
0.005898
0.023292
0.006835
0.061330
0.016175
0.005686
0.005053
-0.014066
-0.017903
-0.007624
0.029095
0.016236
0.016826
-0.046371
0.006429
0.011023
-0.005144
-0.007613
0.011484
-0.006914
-0.035100
0.002402
-0.013677
-0.022913
0.007178
0.014379
-0.021279
0.021775
-0.005374
-0.010962
0.024941
0.025068
0.036127
0.013636
0.003755
-0.022120
0.015606
-0.008883
0.008779
-0.007950
0.011269
0.007220
-0.041342
0.022979
-0.013343
-0.034899
0.025746
0.013227
-0.008692
0.002064
-0.003807
-0.007992
-0.012217
-0.011712
-0.024548
0.003942
-0.019623
0.026991
-0.000012
0.007190
0.008767
-0.025467
-0.012789
0.015678
-0.014749
0.001779
0.022619
-0.001561
-0.004057
-0.007447
-0.007261
0.010296
-0.027390
-0.014924
-0.056704
-0.005941
-0.014099
0.069869
0.061091
0.057515
-0.042887
-0.010691
0.011546
0.012407
0.051426
0.039891
0.007184
-0.009742
-0.016071
0.031959
-0.039848
-0.058928
-0.006818
-0.004940
0.015809
-0.025259
-0.036753
0.014089
-0.015011
-0.059512
-0.004365
0.025548
0.018676
-0.005830
-0.001277
-0.071090
0.020863
-0.008745
-0.018982
-0.022985
0.002992
-0.045228
0.014696
-0.051242
0.032753
-0.017319
-0.011797
-0.001348
-0.029241
0.023754
0.006084
-0.032397
-0.032949
0.050424
-0.033613
0.081674
0.031645
0.027078
-0.013829
0.035984
-0.044082
-0.058774
0.004560
0.014694
-0.015957
0.041247
0.009378
-0.026547
-0.044131
-0.032239
-0.005151
-0.014753
0.044740
-0.062149
-0.023460
-0.040986
-0.001248
0.016773
0.007637
-0.027542
-0.019209
0.075170
0.060933
0.000418
0.043015
0.012303
-0.008360
-0.040133
0.012580
-0.018777
-0.040173
0.042803
0.001738
-0.047551
-0.010041
-0.004622
-0.002543
0.063805
-0.058987
-0.013012
0.023557
-0.010355
-0.008051
0.022815
0.056345
-0.010731
0.010912
-0.025806
-0.008060
0.035837
0.007976
-0.038535
-0.013580
-0.028072
0.028606
-0.032769
0.006534
-0.011873
-0.015699
0.009569
0.028039
-0.062588
0.061767
-0.017826
0.017023
0.038566
0.028157
0.018387
-0.009595
-0.021687
0.013651
-0.014488
-0.040571
0.023274
-0.015429
0.018261
0.035057
0.007703
-0.013064
-0.040434
-0.043991
0.008069
0.014470
0.001743
0.015418
-0.010325
0.041172
0.043366
-0.035452
0.006173
-0.011883
-0.017676
-0.011511
0.009053
0.003856
0.050323
-0.091272
-0.016158
-0.028563
-0.044666
-0.007772
0.036104
-0.000808
-0.064343
-0.036013
0.025102
0.024145
0.063244
-0.022248
-0.015792
0.002259
-0.003279
-0.011930
-0.017292
-0.002438
-0.032709
0.006184
0.022372
0.043768
0.021149
-0.005674
0.029579
0.076268
-0.038756
0.048773
0.006263
-0.072363
0.068403
-0.046329
0.024760
0.039435
0.023933
0.011174
0.034909
0.064612
0.014797
0.007388
-0.029376
0.016659
-0.039344
0.007989
-0.025272
0.043294
-0.061831
-0.022085
0.019231
-0.030300
-0.060630
0.040608
-0.006578
-0.027590
-0.019549
-0.035008
0.078048
0.027806
0.019843
0.032377
0.033133
-0.021405
0.052965
-0.004899
0.050153
0.015694
-0.038191
-0.007833
-0.005615
-0.064727
-0.001383
0.006351
0.032323
-0.028693
0.057433
0.011078
0.073848
0.000348
-0.051785
-0.061711
0.044480
0.046812
-0.048037
-0.032319
-0.005638
0.034426
-0.026785
0.010414
-0.036941
-0.061919
0.067729
0.003846
0.035974
-0.024904
-0.042244
-0.050307
-0.036044
0.005726
-0.086173
0.048353
0.004832
0.001700
-0.027842
0.011866
-0.017021
-0.014261
0.009205
-0.033384
0.009935
0.004327
-0.006273
0.017763
0.017865
0.034672
0.008612
0.043097
0.007017
-0.006100
-0.017276
0.027929
-0.025193
-0.008355
0.023797
-0.012322
-0.028214
-0.014754
0.012403
-0.006240
0.004306
-0.007400
-0.015926
0.009492
0.012674
0.007683
-0.004380
0.005880
0.015699
-0.015729
-0.018503
0.009979
0.021327
0.010440
0.000705
-0.002577
-0.027771
-0.008813
0.023898
0.005353
-0.015246
0.016012
0.003686
-0.003036
0.026139
-0.004276
0.018419
0.006623
0.025628
0.004108
-0.020285
0.003980
0.017715
-0.014223
-0.004991
-0.003533
-0.001007
0.011055
-0.025110
0.035551
0.034773
0.020198
-0.010703
-0.006422
-0.027716
-0.013562
0.000722
-0.032222
-0.025722
-0.019236
0.021987
-0.008691
-0.014487
-0.005064
0.056461
0.017864
-0.010932
0.008693
0.019258
-0.058692
-0.021160
0.019872
-0.018546
-0.009414
-0.009826
0.016400
0.042110
0.019315
0.015604
-0.032457
0.003413
-0.011964
0.026491
0.018753
-0.009212
-0.015754
-0.005361
-0.000063
0.001170
-0.010623
0.014214
0.013066
0.006606
-0.019656
0.006885
-0.023465
-0.006740
0.037888
-0.011020
0.038113
-0.014056
-0.022846
-0.006326
0.016919
-0.011079
-0.029683
-0.015614
0.012859
0.024123
-0.030115
0.005385
-0.001590
-0.028673
0.005322
0.014610
0.013304
0.022570
-0.054047
0.098776
0.053564
0.042894
0.008460
-0.019651
-0.001917
0.000452
0.028881
0.034533
-0.044210
-0.008989
-0.002013
0.098118
-0.038280
-0.004109
0.017115
-0.022831
-0.038118
-0.020079
-0.079314
-0.050942
0.033271
0.053523
-0.084772
-0.017545
-0.000405
-0.065892
-0.040756
0.017839
0.021304
-0.029291
-0.046047
0.054733
-0.029209
-0.051493
0.076343
-0.004448
-0.072457
0.029794
-0.008431
-0.022712
0.001711
-0.036534
-0.002966
-0.012251
-0.012811
0.013722
0.048433
0.011423
0.012656
-0.004287
0.014984
-0.012511
-0.045636
-0.022682
0.037971
-0.017684
-0.001663
0.029018
-0.026103
0.005471
0.003786
-0.020843
0.031172
-0.029552
-0.002364
-0.010627
0.019647
-0.041901
-0.015244
-0.024319
0.009411
0.038840
-0.010971
0.059807
-0.003268
-0.000244
0.014258
-0.039333
0.000112
0.040951
0.004726
0.018116
-0.081040
-0.043643
-0.002197
-0.036050
0.028440
-0.022711
0.001080
0.016903
-0.007876
0.007825
0.001915
0.027607
0.065096
-0.019536
-0.003835
0.033764
0.000870
0.000561
0.029129
-0.011420
-0.006465
-0.002968
-0.025003
-0.013203
0.019319
-0.005192
-0.002222
0.000159
-0.014265
-0.026011
-0.005262
0.011668
-0.004295
0.003574
0.026271
0.025908
-0.030549
-0.014487
-0.002240
0.034587
0.018681
-0.028730
0.008183
0.001431
-0.003856
0.012818
0.012119
0.002702
-0.015216
0.020485
0.038922
-0.049444
-0.022642
0.013418
0.019172
-0.002609
0.018134
0.010094
0.010796
-0.014327
0.040032
0.036265
-0.023397
-0.015244
0.005639
-0.009734
-0.024171
0.004389
0.006564
-0.008148
0.022051
-0.044682
0.006808
-0.017434
-0.003118
0.006699
-0.029946
0.013508
-0.014746
-0.009123
0.000331
-0.018402
-0.004742
-0.010595
-0.022252
-0.007269
-0.031206
-0.012370
-0.008447
0.001336
0.009656
0.037645
0.005574
0.032201
-0.018891
-0.012172
-0.020174
0.016620
-0.005283
-0.040819
0.002810
-0.004266
-0.007512
-0.015153
0.003864
0.010275
0.005222
0.026620
0.040478
0.006892
-0.001678
-0.015448
0.001352
-0.021519
-0.061532
0.015020
-0.021172
0.055360
0.027423
0.012242
0.024436
0.033848
0.027987
-0.007742
-0.029983
0.001042
-0.024868
0.008605
-0.018454
-0.008125
0.015109
-0.056327
-0.006473
0.000212
-0.005194
0.016873
-0.011652
0.045028
-0.041901
-0.028514
0.009720
0.001963
0.012214
-0.006322
-0.008823
-0.011685
0.029050
-0.005729
-0.027436
0.035126
-0.043036
-0.016300
-0.025944
-0.029893
0.042376
0.008043
0.015278
0.019277
-0.031444
-0.007075
-0.004578
-0.038718
-0.007431
-0.066260
-0.020867
-0.007561
-0.017258
-0.053734
-0.012024
-0.037461
-0.061569
0.060980
0.028962
0.007743
-0.033674
0.048584
-0.014593
0.071192
-0.046538
0.004951
0.016620
0.019130
-0.036072
-0.048719
-0.000317
0.015165
0.006585
-0.041707
0.011024
0.043639
-0.024037
-0.044540
0.026000
-0.037040
-0.031122
-0.038052
-0.072476
-0.076218
0.040674
-0.012991
-0.005681
-0.076983
0.028870
0.011451
0.035515
0.029584
-0.033185
0.068890
0.016677
-0.017569
-0.034012
0.036869
-0.025299
-0.039215
0.119585
-0.017321
0.041894
-0.027474
0.024682
0.043719
0.052926
0.044475
0.030329
0.031456
0.008639
-0.033014
0.028854
-0.051107
-0.015841
-0.016277
-0.006949
-0.028103
0.032572
-0.001879
-0.042536
0.010694
0.077648
-0.014817
-0.025868
-0.021550
-0.007918
-0.060851
0.010509
-0.019766
-0.002890
0.019563
-0.000448
0.014198
-0.044052
0.032711
0.036485
-0.000255
-0.013732
0.002501
-0.004679
0.011193
0.028184
-0.010563
0.037797
-0.037636
-0.021504
0.008574
0.003713
-0.052266
0.022029
0.015911
0.030653
-0.019180
0.034402
0.008509
-0.012698
-0.022947
-0.012688
-0.008153
-0.006320
0.005760
0.043502
0.000688
0.003526
-0.027053
0.014623
-0.056417
-0.022782
-0.019864
0.039082
0.023862
-0.029466
0.028167
0.006927
0.015059
-0.024857
-0.001330
0.038556
-0.026301
-0.001667
0.045829
0.017998
0.063732
0.011803
-0.034244
-0.083920
0.024121
-0.013267
0.002733
0.004291
0.004431
0.107858
0.049694
-0.008094
0.040341
0.000775
-0.025759
-0.013896
-0.009777
-0.033331
0.058392
0.018769
-0.036456
-0.021219
-0.017584
0.016959
0.007884
-0.013152
-0.019572
-0.004695
0.048325
-0.001648
0.027799
0.005322
0.018537
0.036055
-0.031735
-0.012021
-0.012887
0.006305
-0.022620
0.014993
-0.013129
0.004007
0.016547
-0.045944
-0.002275
0.000425
-0.069466
-0.019512
0.054674
0.013040
0.041914
0.011216
-0.028773
0.010777
0.014659
-0.027696
-0.061519
0.000395
0.034350
0.025926
0.065938
-0.018705
0.011467
0.023620
0.007277
-0.003370
-0.002951
0.023213
0.007715
0.009322
-0.009354
-0.017410
-0.036089
-0.018272
-0.018315
-0.031090
-0.007818
-0.017890
-0.017046
0.007486
0.027762
0.012437
-0.017381
-0.026516
0.000890
-0.009371
-0.030747
0.000247
-0.003659
-0.023282
-0.016158
-0.022866
0.006910
-0.002281
0.042300
0.005523
-0.014441
0.030713
-0.013211
-0.004066
-0.009814
-0.000395
-0.004195
0.015087
0.024803
0.003281
0.013888
0.003097
0.040902
0.035946
-0.001698
-0.007136
0.012646
0.008963
0.018467
0.000080
0.004942
-0.008434
0.017355
-0.009549
0.029300
0.012985
-0.006304
-0.031881
-0.027822
0.015331
0.008747
-0.019944
-0.014967
0.023615
0.022035
0.050634
0.005691
0.025290
0.029450
-0.006985
-0.016669
0.029676
0.008389
0.011293
0.001909
0.011742
0.026582
-0.007751
-0.017914
-0.043575
-0.005751
0.007427
0.082451
-0.002795
0.007658
0.012053
-0.025842
-0.003252
0.012469
0.012993
0.000083
-0.025441
-0.037106
-0.019362
0.026419
-0.005060
0.002823
0.016039
-0.024271
-0.010141
-0.018663
0.003249
-0.026059
-0.012828
-0.005208
-0.003926
-0.014434
0.019021
-0.000607
-0.029857
-0.011409
-0.023019
-0.007925
0.024945
-0.036825
0.008887
0.041310
-0.008191
0.003093
0.006825
-0.035512
-0.007313
0.003247
-0.015924
0.007660
-0.044103
-0.002031
0.002467
-0.003346
0.023715
0.008289
-0.044404
0.014827
0.025609
-0.021394
0.022700
0.003369
0.050203
0.018705
0.031085
0.025200
0.024652
0.016877
0.017011
-0.000872
-0.044504
0.030388
0.019638
-0.000005
0.024331
0.027313
0.021437
-0.038305
0.021951
-0.039639
-0.014282
0.008889
-0.014794
0.019211
-0.014494
-0.035101
0.005012
-0.009999
0.032180
-0.005982
0.013101
0.004023
0.020763
0.001696
-0.034359
-0.001179
-0.050945
-0.049653
0.020989
-0.032845
0.031893
0.013122
0.001789
0.049651
0.011845
0.013737
-0.024733
0.015487
-0.041034
-0.015907
0.048579
-0.009126
-0.010316
0.024118
0.001936
-0.012547
0.007037
-0.016219
0.008116
-0.001783
-0.001664
-0.003891
-0.023605
0.005134
-0.006165
0.043030
-0.012822
-0.010510
0.010132
0.000412
-0.009322
-0.003656
0.005655
0.010905
0.021826
0.032290
0.039497
-0.017898
-0.010857
-0.000649
-0.025330
0.003134
0.001695
0.010098
-0.005193
0.014034
-0.020367
-0.017662
0.017851
0.006397
-0.001212
-0.008402
-0.018429
0.001302
-0.042264
0.005382
0.001014
0.013589
0.008768
-0.002141
-0.014173
-0.005376
0.024140
0.009091
0.015169
0.017917
0.014756
-0.027740
0.000281
0.015357
0.010848
0.037602
0.001882
0.000080
-0.001612
0.001151
-0.049187
-0.005159
-0.013547
-0.005890
-0.008140
-0.032304
0.036411
0.015180
0.003112
-0.050397
-0.013501
0.005646
-0.036587
0.010063
-0.012645
-0.006026
0.005444
-0.019986
0.008257
-0.002939
-0.004428
-0.024039
-0.019231
0.024994
0.018084
-0.018434
0.027768
0.026243
0.021407
0.027985
-0.004422
0.020249
0.027813
0.014839
0.002349
-0.047072
-0.065847
0.022710
-0.034364
-0.010001
-0.014613
0.036048
-0.031757
-0.044076
-0.026841
-0.002282
-0.003407
0.008469
-0.015441
-0.018803
0.000228
0.002929
-0.033262
0.000001
-0.024923
-0.023953
0.021731
0.042839
-0.006674
-0.017512
-0.026679
0.026020
0.013195
-0.016389
0.001830
-0.032321
0.005444
0.002697
0.002230
-0.050729
0.045068
0.023604
0.018424
-0.048040
0.034664
0.046920
-0.038475
-0.044598
-0.015672
-0.008056
0.009156
0.016584
-0.011174
0.029506
-0.009360
-0.015021
0.014224
-0.005414
-0.010884
-0.008663
0.008872
0.043695
-0.000803
0.004142
-0.013157
0.050588
0.052944
0.013886
0.035707
0.031554
0.012021
0.023423
0.000314
-0.012110
0.010398
-0.010163
-0.026424
-0.025731
-0.008393
-0.019135
-0.025239
0.016115
-0.019216
-0.005658
0.014748
0.018086
0.016990
0.020280
0.008222
0.013661
-0.021749
-0.011156
-0.047787
0.038667
0.020550
0.005414
-0.007502
0.008973
-0.011218
0.018246
0.016580
-0.009209
-0.004245
0.010352
0.008756
0.008102
-0.004115
0.029908
0.037032
-0.030223
-0.008449
0.024757
0.034318
0.010014
-0.034745
0.033666
-0.017703
0.006987
-0.024682
-0.020979
-0.036748
0.004058
0.003741
0.005108
-0.019706
-0.005307
0.033967
0.036412
-0.007026
-0.024067
0.009154
-0.034068
0.035702
0.056424
-0.020979
-0.018860
0.005537
0.023449
-0.019215
-0.038767
-0.017065
0.014700
0.001005
0.015804
-0.010132
0.010457
-0.011880
0.009587
-0.031671
-0.016308
-0.031503
-0.007035
-0.002536
0.031462
0.007979
0.017165
-0.000131
0.031068
0.003122
-0.004627
0.007135
0.005111
0.003505
0.007315
-0.006915
0.004934
0.013869
-0.011129
-0.005513
-0.042423
0.021690
0.023517
-0.011571
0.002967
0.026052
-0.037000
-0.001663
0.006071
0.003388
0.022850
-0.001506
0.021196
0.000173
-0.023992
-0.005713
-0.019035
-0.024113
0.001345
-0.030740
0.029026
-0.011506
-0.000268
-0.029208
-0.013242
0.012467
-0.006804
-0.017768
-0.042888
-0.008332
0.000237
-0.041328
0.009997
-0.003084
-0.031154
0.010867
0.029486
-0.039350
-0.004864
-0.016081
0.001191
0.045129
-0.010127
0.011097
0.024938
0.030951
0.000012
0.012155
-0.040079
0.052624
-0.025622
0.016842
-0.028240
-0.019445
-0.016152
0.009071
0.003737
-0.010910
0.033645
0.010394
0.022954
0.028056
0.019926
0.026823
-0.002948
0.024423
-0.026744
0.009773
-0.012082
-0.036172
0.000857
-0.017352
-0.036467
-0.010652
-0.008223
-0.015371
-0.013167
-0.023226
0.009179
0.015516
0.002135
-0.011423
0.009229
-0.006471
0.016777
0.014064
0.033687
-0.032649
0.004149
-0.010660
0.004208
0.034428
0.039615
0.009943
-0.019902
-0.021733
-0.014147
-0.004155
-0.020461
-0.020103
0.023204
0.006171
0.040567
-0.036417
0.052417
0.001184
-0.007912
0.003785
0.023213
0.005630
-0.030866
-0.040651
-0.008670
-0.011343
-0.037091
0.032593
-0.017226
-0.004213
-0.015012
0.012472
-0.030271
0.006094
0.004195
0.005611
0.024972
-0.013169
-0.012699
-0.005439
-0.026490
0.054591
-0.033323
0.072519
0.020019
0.004256
-0.053171
0.031173
-0.024233
-0.038271
0.001803
0.002566
-0.000669
0.032195
0.014032
-0.001946
-0.005669
-0.000507
0.046684
-0.013418
0.014973
0.025041
0.028748
0.014137
-0.050940
-0.034061
-0.017205
0.004554
-0.024511
0.033028
0.006836
-0.021587
0.012637
0.034745
-0.003191
0.019806
0.003207
0.021749
0.066623
0.032362
0.053982
-0.080375
-0.046905
0.019255
-0.023367
0.031308
-0.023308
-0.017681
-0.056310
0.033428
0.034599
0.008608
0.049047
0.011619
0.057657
0.002775
0.012845
0.001694
0.011823
-0.006753
0.000642
0.032597
0.049103
0.026993
0.005211
-0.018943
-0.022567
-0.049249
0.025689
0.074597
-0.017794
-0.000232
-0.075665
0.040060
-0.063417
-0.012017
0.003083
0.025066
-0.013104
0.006202
0.069025
0.033054
0.019814
-0.028996
0.000462
0.019954
-0.027868
0.018808
0.007612
-0.091517
-0.028603
-0.064985
0.011811
-0.051442
-0.009419
0.003162
-0.040441
-0.061351
-0.048255
0.029780
-0.050040
-0.106985
0.028452
-0.048948
-0.019488
0.041119
0.003061
-0.005588
0.012680
0.011891
-0.012508
-0.044973
-0.027625
0.007453
-0.009964
0.034335
-0.003846
-0.009068
0.087422
-0.009393
-0.025402
-0.017806
0.007081
-0.000521
-0.008932
0.002233
-0.010516
-0.012042
-0.022037
-0.001152
-0.000321
0.024935
-0.005998
0.028438
-0.010646
0.001528
0.003780
-0.008038
0.022531
0.024408
-0.000066
-0.001683
-0.007882
0.001166
-0.005456
-0.010483
0.019051
-0.013622
0.017427
0.007558
0.022232
0.018074
-0.015524
-0.006401
-0.013272
-0.013216
-0.011082
-0.027003
0.003167
-0.001396
0.018141
0.005997
0.010536
-0.012791
-0.001637
0.008660
0.009057
0.018222
-0.020478
0.035086
0.006013
-0.006442
-0.037300
0.011287
0.011399
-0.001134
-0.003086
0.008160
-0.030247
-0.019717
-0.006460
-0.007320
-0.007877
-0.012521
0.030024
-0.015855
-0.029746
-0.022010
-0.032123
-0.014066
0.006499
-0.039880
-0.068744
-0.010928
0.005254
-0.030003
-0.007823
0.001650
0.000803
-0.019741
0.022052
0.005498
0.010160
0.004259
-0.013534
-0.027735
-0.023848
0.040178
0.023060
0.041343
0.000417
-0.025974
-0.014245
-0.033607
-0.010166
0.062411
-0.011353
0.011234
-0.027215
-0.012812
-0.065822
-0.016190
-0.063363
-0.002223
0.002139
0.024530
0.014484
0.013200
0.007316
-0.034366
0.049644
-0.014687
-0.017671
0.033637
0.014490
-0.014934
0.022022
0.019651
0.028973
-0.042685
-0.011931
-0.025906
0.035073
-0.030859
-0.035452
0.002463
0.023502
-0.017639
0.006831
-0.022101
0.059301
-0.010584
-0.019914
0.004832
0.004294
0.015621
0.008504
-0.006098
0.016456
0.024360
0.006950
0.002785
0.005000
0.011793
-0.019017
0.000254
-0.004860
-0.016456
0.016708
0.044016
-0.041069
-0.002239
0.026974
0.024097
-0.003018
-0.015014
-0.029187
0.019246
-0.024517
0.017532
-0.010575
0.001286
-0.020247
0.047146
-0.039313
-0.000081
0.020804
-0.014757
-0.059315
-0.047844
0.018680
0.024221
0.005337
-0.001282
0.017792
0.017197
0.009921
0.020264
0.020123
-0.003322
-0.025935
-0.028565
0.003503
-0.054528
-0.038665
-0.020018
0.001925
-0.057070
0.004500
-0.001716
0.044186
-0.030870
0.000568
0.031561
0.043054
0.054249
-0.011027
-0.006573
-0.020836
-0.008225
-0.004947
0.016971
-0.008545
0.010915
-0.011814
-0.009202
0.032610
-0.026132
0.003797
-0.011453
0.019350
-0.054344
-0.008249
-0.009319
0.033874
-0.021654
-0.009636
0.003693
-0.014160
-0.003412
-0.022026
0.059982
0.011885
0.005494
0.009897
-0.008608
-0.036890
-0.002903
-0.016225
-0.013627
0.019617
-0.034784
-0.006676
0.035220
0.026847
-0.049483
0.048244
-0.045576
-0.051426
-0.014523
-0.007682
0.017055
-0.005082
-0.018452
0.000869
0.011538
0.012513
0.006563
-0.044144
-0.004320
-0.027431
-0.028904
-0.036986
-0.019671
-0.028885
-0.001730
-0.027162
0.007134
0.022048
0.017206
0.003428
0.062597
-0.016196
0.045263
-0.026723
0.050903
-0.033923
-0.000710
-0.009927
-0.009029
0.011347
-0.001508
-0.028821
-0.060927
-0.018512
0.016485
0.020224
-0.005782
0.002709
0.007722
-0.010341
-0.014269
0.006585
0.017198
0.068331
0.009580
-0.008823
-0.021398
-0.014970
0.029192
0.039854
-0.018566
0.042558
-0.026507
-0.021569
-0.024970
-0.001688
0.001976
0.005161
-0.029511
0.003721
-0.041829
-0.052719
0.008186
-0.001610
0.005175
0.006836
-0.003246
-0.006651
-0.038764
-0.025811
0.041975
-0.005549
-0.014269
-0.055981
0.011336
-0.008972
0.033931
0.002436
-0.044569
-0.021545
0.011215
-0.006685
-0.020191
0.002544
-0.008872
0.029954
0.023692
-0.030631
0.016284
-0.007009
0.001279
0.008138
0.020961
-0.002292
-0.003043
-0.020610
0.005787
0.027337
0.022009
-0.002687
0.006769
-0.009826
-0.018596
0.008265
-0.015302
-0.004633
-0.004801
0.026354
0.025121
0.014256
-0.017005
-0.010326
-0.034465
-0.030083
0.013532
-0.041844
-0.036525
-0.000483
-0.011010
-0.031811
0.009361
-0.018867
0.018895
0.036909
-0.009136
0.012345
0.010785
0.001295
0.012934
0.010466
0.005243
-0.013677
0.010197
0.001726
0.007124
-0.049024
0.015049
-0.021453
-0.021783
0.004998
0.025323
-0.003646
0.003702
0.013283
