0.427779
-0.216050
0.478002
0.341632
0.410563
-0.276230
0.116135
0.189732
0.339183
0.182756
0.144298
0.516973
-0.426538
0.022693
0.660341
0.371236
-0.282443
0.342349
0.106015
0.615620
-0.251236
0.625569
0.573948
0.671105
-0.348263
0.462298
-0.241374
0.098277
0.546327
0.378184
0.213181
-0.055226
0.162126
-0.056246
0.226541
-0.201693
0.443436
-0.308629
0.326027
0.385134
-0.138896
0.369194
-0.133540
0.482873
0.576571
-0.313455
0.449873
0.354685
0.751162
-0.056098
-0.410610
0.381491
-0.431096
0.422541
0.319192
0.557790
0.406326
0.456621
0.037724
-0.368103
0.510610
-0.456100
0.436468
-0.169189
-0.033855
0.362502
0.018011
0.581789
0.322921
0.084338
-0.234201
0.669654
0.399088
-0.080525
-0.119694
0.457990
0.068495
0.315933
0.274331
0.257282
-0.278668
0.328832
0.275029
-0.283920
0.227189
-0.237804
-0.488271
0.741001
-0.803534
0.189166
0.678639
-0.356297
0.399512
-0.056001
0.598477
0.594027
0.173905
-0.208927
0.042360
0.328767
0.477916
0.597026
0.891480
-0.036227
-0.386520
0.589020
-0.423481
0.543132
-0.342264
0.485404
0.679907
-0.259452
0.559857
0.042983
0.426053
0.021907
0.183327
0.025299
0.998774
-0.144633
-0.038651
0.580771
0.513818
0.711550
0.055222
-0.553709
0.376846
0.423650
0.461235
0.382888
-0.560293
-0.439370
-0.008199
0.074549
0.273059
0.250076
0.169768
-0.008394
0.260377
0.250267
0.046860
0.525136
0.285390
0.250110
0.059223
0.176482
0.433335
0.331146
0.349875
-0.101537
0.252415
-0.036541
-0.449850
0.539376
0.467523
0.216125
0.626024
0.197716
0.604436
0.351685
-0.316396
0.727865
-0.801488
0.167383
0.225815
0.261666
-0.398902
0.732811
0.452034
0.577904
-0.367909
0.481718
0.480996
-0.318906
0.648764
0.367514
0.495889
0.878521
-0.411707
0.028156
0.027424
0.325990
0.077165
0.330257
0.553505
0.395716
0.435293
-0.154795
-0.317830
0.491268
0.337553
-0.247651
0.379226
0.379410
0.427885
0.451094
-0.253271
0.796338
0.336160
0.404054
0.582229
0.484562
0.511771
0.352541
0.403027
0.361858
0.783300
0.424786
0.451882
0.081479
0.374968
0.730335
0.390204
0.758635
0.308557
-0.702607
0.544816
-0.495586
0.600332
0.345587
-0.044385
-0.752958
-0.510555
0.037885
0.675224
0.872999
0.351365
0.201707
-0.016264
-0.639165
0.231550
-0.260259
0.227728
0.221143
0.408783
0.225864
0.473330
-0.115271
0.522120
-0.007939
0.268595
0.135863
-0.429911
0.578690
0.392214
-0.091590
0.745661
0.749944
0.517760
-0.046279
0.618208
0.212118
-0.609436
0.320536
0.598112
-0.129867
