-0.307331
0.014007
-0.060843
0.020554
0.015058
-0.092060
-0.319367
-0.183832
0.228352
-0.195255
-0.381739
-0.305901
-0.274599
-0.251400
-0.295879
-0.291508
0.047597
-0.282465
-0.285276
-0.273828
-0.039721
-0.002094
0.176871
-0.406422
-0.205444
-0.096386
-0.260814
-0.316170
-0.147480
-0.377422
0.010595
-0.359926
-0.071544
-0.135826
-0.031203
-0.183193
-0.325209
-0.471296
-0.253543
-0.135034
-0.056355
-0.238409
0.005038
-0.271157
-0.208713
0.226510
-0.335014
-0.109357
-0.096017
-0.139897
-0.248440
-0.425246
-0.205609
-0.240821
-0.359428
-0.355982
-0.163583
-0.290090
-0.176852
-0.205357
-0.221089
-0.569085
-0.371206
-0.469684
-0.191211
-0.513683
-0.370208
-0.172794
-0.237266
-0.141547
-0.180875
-0.248327
0.082580
0.108270
-0.364735
-0.106320
-0.278253
-0.023537
-0.152303
-0.581728
-0.491636
-0.083080
0.083361
-0.020739
-0.353801
-0.061234
-0.329054
0.134533
-0.291028
-0.375162
0.166302
-0.035340
0.131895
-0.168429
-0.340135
-0.020235
-0.145829
0.070613
-0.149512
0.017423
-0.154489
-0.170903
-0.403614
-0.279104
-0.015818
-0.244893
-0.230245
-0.654808
-0.440905
-0.106336
-0.263696
-0.361597
-0.269509
-0.109748
-0.379548
-0.102632
-0.460214
-0.113886
-0.159157
-0.397275
-0.014079
0.068916
-0.141605
-0.320423
-0.191948
-0.264180
-0.283115
-0.363270
-0.196986
-0.385298
-0.390898
0.010497
0.172058
-0.352721
-0.097608
-0.273901
0.164891
-0.535396
-0.327610
-0.455517
-0.232847
-0.514179
-0.271772
-0.285240
-0.115110
-0.192460
0.087613
-0.192985
-0.194053
-0.258414
-0.294070
-0.101812
-0.217574
-0.116918
-0.226016
0.092363
-0.283087
-0.247325
-0.122530
0.211308
-0.268999
-0.135361
-0.338514
-0.070842
-0.176395
-0.248961
-0.255157
-0.139369
-0.325801
-0.279305
-0.241754
0.026898
-0.304353
-0.317389
-0.404421
-0.237538
-0.151697
-0.145471
-0.106818
-0.409331
-0.052762
-0.445377
-0.167112
-0.180861
0.177856
-0.174419
-0.212711
-0.181327
-0.093550
-0.316229
-0.343964
-0.219113
-0.308541
-0.022622
-0.242100
-0.019309
-0.063115
-0.073298
-0.289683
-0.400614
-0.037001
-0.213784
-0.052561
-0.362380
0.091028
0.104319
-0.143600
-0.216159
-0.006984
-0.356256
-0.390679
-0.220361
0.220155
0.076241
-0.378996
0.033964
-0.348829
-0.478574
-0.360313
-0.024099
0.039112
0.131125
0.299960
-0.299125
-0.095057
0.283172
-0.374513
-0.358208
-0.318394
-0.228981
-0.249865
-0.333622
0.062547
-0.249405
-0.285525
0.042087
-0.249878
-0.461643
-0.281529
-0.109748
-0.061007
-0.043821
-0.172831
-0.092733
-0.238505
-0.067709
-0.525235
-0.241052
-0.292436
0.055352
0.227747
-0.035549
-0.165448
-0.071349
-0.315031
-0.185601
-0.031816
-0.017258
-0.508541
-0.273392
-0.385783
-0.308681
-0.524931
0.263875
-0.412735
-0.379725
-0.034114
-0.209090
-0.340676
-0.143887
0.055408
-0.311771
-0.149043
-0.222342
-0.220556
0.084838
-0.041440
-0.309589
-0.147017
-0.405939
-0.098147
-0.260906
-0.498836
-0.369367
-0.335886
0.185721
-0.015226
-0.602813
-0.293832
-0.097697
0.065622
-0.182503
-0.312814
-0.045816
0.047480
-0.194210
-0.422298
0.035273
0.049366
-0.422721
-0.244426
-0.269435
-0.197900
-0.470774
-0.197481
-0.177848
-0.356928
-0.137217
-0.086707
0.129302
0.067077
-0.167499
-0.245143
-0.279254
-0.425255
-0.200679
-0.412330
-0.236933
0.108171
-0.579052
-0.416981
-0.022792
0.099460
0.028986
-0.161080
-0.058932
0.122418
-0.048354
0.153751
-0.019444
-0.361671
-0.461285
0.025005
-0.263739
-0.081889
-0.383055
-0.204105
-0.272773
0.146492
-0.342691
-0.235011
-0.228314
-0.212351
-0.183215
-0.231545
-0.212814
0.013392
-0.240500
0.136748
-0.092131
-0.224274
-0.169989
0.089195
-0.100465
-0.125156
-0.247832
-0.270962
-0.426966
-0.121544
-0.102388
-0.238149
-0.575530
-0.277804
-0.508418
-0.288024
-0.307887
-0.503083
0.046641
0.017442
0.004378
-0.157039
-0.624183
-0.315766
-0.284192
-0.403813
-0.033054
0.033268
0.008936
0.025800
0.158109
-0.064088
-0.293251
-0.119484
-0.432227
0.008834
-0.162685
-0.247588
-0.015008
-0.254817
-0.496639
-0.233879
-0.166112
-0.444174
-0.323810
-0.339880
-0.339053
0.230542
-0.171191
-0.256397
-0.390087
0.071592
-0.291715
-0.191312
0.131932
0.036546
-0.068835
-0.286203
-0.329378
-0.292815
-0.072457
-0.102667
-0.231119
-0.168759
0.055418
-0.394645
-0.083334
-0.412590
-0.390871
-0.035275
-0.164562
-0.316619
0.105429
0.061273
-0.256099
-0.413481
-0.413584
-0.127204
-0.038259
-0.325534
-0.214955
-0.045071
0.374442
0.004842
-0.131843
-0.320056
-0.321452
0.141143
-0.199898
-0.452275
0.136643
-0.128459
-0.385451
-0.322153
-0.241233
-0.184062
0.138139
-0.364676
0.102482
-0.270427
-0.611933
-0.568013
-0.198677
0.001840
-0.464277
-0.054150
-0.397080
-0.293078
-0.391977
-0.379472
-0.077419
-0.281439
-0.055169
-0.443528
-0.288735
-0.048108
-0.068728
0.161358
-0.441523
-0.410873
-0.095368
-0.286086
-0.232430
-0.315344
-0.109814
-0.439866
-0.605648
-0.152847
-0.174687
-0.373389
0.080759
-0.350790
-0.306153
0.133705
-0.030293
0.060832
-0.123313
-0.269029
-0.443978
0.048311
-0.242630
-0.316925
-0.262786
-0.383958
0.033456
-0.296474
-0.342541
-0.481876
-0.044946
-0.115599
-0.474472
-0.195620
0.149799
-0.297269
-0.515288
-0.241797
-0.111446
-0.269579
-0.222165
0.028010
-0.319472
-0.113666
-0.579632
