0.223433
-0.121803
-0.683157
0.342432
-0.070243
0.005863
0.486623
-0.123418
0.772855
-1.070658
-1.061660
0.835173
0.280592
-0.418381
-0.398443
0.405694
0.350438
-0.211389
-0.977078
-0.385163
0.420188
0.033763
0.720598
-0.076762
-0.898541
-1.651863
1.393816
0.295663
-0.542742
1.430800
-0.434545
0.618657
0.692173
-0.655504
-0.388860
1.141445
-1.222949
-0.947643
-0.298624
-0.900271
0.809993
-0.748755
-0.560232
-0.706103
-0.165039
0.156311
-0.090467
-0.152344
0.218202
0.729903
0.114903
0.588766
0.644860
-0.242024
-0.681062
-0.217956
0.323750
-0.769222
0.375736
0.015931
-0.046116
1.263204
-0.436204
-0.142755
-0.373961
0.240279
2.377855
0.230462
-0.597861
-1.416997
-0.264274
-0.101121
0.186481
0.331053
0.963991
1.078200
-0.612966
-1.088784
0.541938
-0.393660
-0.374874
2.434069
-0.862869
0.283921
-0.498626
-0.229782
0.242920
-0.160447
-0.306671
-0.642647
-0.980021
0.241552
-0.209015
0.585898
-0.205821
0.091884
-0.355720
0.190069
0.499896
-0.076860
-0.304358
-0.758652
-0.012262
-0.579409
-0.602408
-0.608203
-0.018732
0.818982
0.746807
0.078232
-0.638215
1.010156
0.323225
-0.332088
0.044495
-0.448883
0.649438
-0.065808
-0.519990
-0.069135
-0.405257
0.230531
0.632035
0.803707
0.294079
-0.606761
-0.174120
0.354809
