1.125040
0.371643
-0.377084
-0.538786
-0.080745
-0.011902
-0.063591
0.759551
0.318530
0.218301
-0.578344
1.382206
0.171347
-0.392380
0.383197
-0.715946
0.062056
1.371189
0.267850
-0.252736
-0.435922
-0.126217
0.273959
1.243732
-0.045615
-0.169309
0.040079
0.116468
-0.630683
0.664108
0.452627
0.037000
1.049430
-0.053686
-0.109549
-0.570084
0.165380
-0.272247
0.415721
-1.337561
1.324675
0.311586
1.201131
0.241196
1.139493
-0.032860
1.639611
0.260578
-0.180668
1.122861
0.037139
0.764374
-0.582803
0.157501
1.162980
1.444782
-0.190949
-0.721807
-1.040312
0.938986
0.251908
-0.935641
-0.512514
0.008756
0.029419
0.396078
0.563377
-0.434881
-0.048708
0.473043
-0.594569
-0.071382
0.079223
0.127649
1.013306
1.205021
-1.337838
1.204807
-1.482049
0.248011
0.213866
0.113631
0.038573
-0.233283
0.020050
-0.687059
-0.352074
0.590647
-0.484615
-0.226620
0.160312
-0.127850
-0.037238
0.036673
-0.166834
-0.689197
-0.077899
0.234900
-0.856164
-1.013633
-0.644880
-0.777961
0.374141
0.926665
-0.186550
0.381761
-0.141323
0.344523
-0.582686
-0.085683
0.715316
-0.467326
-0.050878
0.988634
0.250903
0.535943
-1.440009
0.127454
-0.728070
-0.038956
0.222927
0.189708
-1.071727
-0.690590
-0.276031
0.645231
0.174379
-0.464763
