0.269102
-0.681426
0.044011
-0.081963
0.711097
-0.357078
-0.572301
0.318353
0.253344
0.178469
-0.435603
0.567433
0.326624
1.423484
0.044402
-0.019086
-0.027230
0.847158
-0.207502
0.234454
0.865140
-0.126110
-0.056171
0.216899
0.178754
0.195680
0.555026
0.155127
0.334900
-0.201398
-0.396091
-0.102107
0.280746
0.358143
0.314913
0.236904
0.565167
-0.596733
0.616613
0.357083
-0.534839
0.083724
0.841902
-0.008222
0.296716
0.074480
-0.089848
1.043136
-0.223908
0.221851
-0.248789
0.409318
-0.483577
-0.273259
-0.094434
-0.357116
0.122570
0.425135
0.848190
-0.450544
-0.300494
0.593663
0.685578
0.877614
0.109552
0.139785
0.328068
0.274901
0.556388
-0.545621
-0.022928
-0.268498
-0.499415
0.511535
-0.448044
0.260894
0.003400
-0.683403
0.357993
0.846514
0.743472
0.295478
0.740731
0.117216
0.291115
0.724848
0.642431
0.699672
0.690342
0.633653
0.054358
0.630083
0.586990
0.206455
0.157062
0.074802
0.066095
0.124217
0.237996
0.367495
0.139373
0.335741
0.570581
-0.004937
-0.312437
0.164530
0.124581
0.812407
0.707051
0.355269
0.162209
0.436990
0.466352
0.632324
0.582256
-0.282795
0.470879
0.334376
0.019202
0.412665
0.714420
0.223560
0.815755
0.143605
-0.546993
0.100945
0.161468
-0.250690
0.746364
0.196583
0.271645
0.304342
0.634308
-0.153704
1.207584
0.939805
0.281446
-0.119139
0.343363
0.272681
0.634934
0.393847
-0.096472
0.306825
0.282333
-0.059227
0.638231
0.083856
0.444060
0.482771
0.540007
-0.149667
0.034771
-1.191062
-0.044814
-1.053675
0.626823
0.210876
0.620208
0.289457
0.043898
0.595399
0.309684
0.417832
0.694990
-0.507074
0.188023
0.200874
-0.687200
0.782136
-0.022293
0.162636
0.023105
0.637852
0.188029
0.568033
-0.246212
0.341120
0.266633
0.167148
-0.058102
0.726116
0.496833
-0.034231
0.225744
0.288411
-0.327290
0.270931
0.550820
-0.026802
0.952321
-0.305495
-0.017362
0.257871
0.014900
0.221769
0.533766
0.364070
0.333372
0.285704
0.159803
-0.236290
0.358601
0.327871
0.384930
-0.715935
0.455619
0.499246
0.420099
0.185965
0.435805
-0.013558
0.437879
0.247357
0.344954
0.410482
0.245096
0.235408
0.737288
1.181694
0.883491
0.086990
0.278035
1.263787
0.292442
-0.605559
0.163216
0.873012
0.017718
0.468580
-0.221855
0.813935
0.373819
-0.277433
-0.266217
0.451805
0.213977
-0.670465
0.329035
0.118856
0.307961
0.480688
0.473216
1.215381
0.378637
0.165704
-0.293981
-0.779378
-0.443723
-0.437050
0.515538
0.296713
0.739972
0.280307
0.059426
0.768990
