0.006418
-0.489773
-0.287076
-0.524666
0.435949
1.191413
1.504320
0.006051
0.137779
0.173858
0.186437
-0.514300
0.076633
-0.294863
-0.205860
0.303948
0.186197
0.039125
1.724407
-0.381497
-0.160440
-0.994535
-0.231532
-0.166721
0.077245
0.009290
0.414761
-0.270383
0.335331
0.678430
0.598862
0.276449
1.449504
-0.457135
0.234603
0.631622
-0.337968
-0.332562
-0.162423
-0.047201
0.349454
-0.527100
1.288178
-0.099113
-0.257762
0.298370
0.167820
-0.093838
0.027209
-0.697245
0.682516
-0.115984
-0.708727
-0.098011
-0.445458
1.493077
-0.066638
-0.479278
-0.605951
1.102379
0.179871
1.294993
0.862960
-0.191600
-0.532990
-0.067898
-0.309490
-0.079025
0.280263
-0.131748
0.266351
-0.074452
0.526535
0.026876
-0.001971
-0.220296
-0.609469
-0.207549
-0.002536
-0.281265
-0.076984
-0.234464
-0.338661
-0.046809
0.139293
0.008527
-0.057318
-0.537144
0.031666
-0.184471
-0.445619
-0.445161
0.123665
0.565080
-0.122726
0.124780
-0.087761
0.282480
-0.493356
0.266644
-0.032575
0.106709
0.359117
-0.093105
0.544811
-0.136681
-0.192715
0.058874
0.284620
0.064753
-0.136666
0.177826
-0.438141
-0.345604
0.073844
0.364722
-0.277411
-0.030687
1.339937
-0.974265
-0.759083
0.039551
0.084092
-0.691482
-0.353579
-0.362154
-0.042614
-0.274286
0.382681
0.150089
1.863932
0.531529
-0.118628
0.713771
0.019885
-0.171056
-0.459468
0.423462
0.336349
-0.047414
-1.117687
-0.045701
0.262824
-0.271891
-0.040460
0.455410
-0.458117
0.031416
0.106918
-0.255304
0.138611
-0.538506
-0.107020
-0.542868
-0.128371
-0.295232
0.109977
0.813722
-0.036019
1.241289
0.136200
-0.117237
-0.073335
0.034810
0.122981
0.105730
0.487016
0.069297
-0.154448
-0.322084
0.817665
0.019544
-0.042420
-0.326608
-0.342597
0.289220
0.435728
-0.044663
-0.100188
0.040530
-0.164028
-0.235755
0.040673
0.075137
-0.675459
0.080152
-0.200375
-0.230633
-0.127604
0.144348
-0.022341
-0.154027
0.313091
0.873506
0.218657
-0.062745
0.077746
-0.397398
1.404700
-0.013144
-0.075366
-0.207064
-0.012383
0.743374
-0.163070
0.148241
-0.152527
-0.137130
-0.173399
0.398457
0.037195
-0.147092
0.255760
-0.010260
-0.264808
0.080813
-0.161833
0.401680
0.963028
-0.466514
0.066855
0.451799
-0.245769
-0.116736
-0.077408
-0.096932
0.303091
-0.197222
0.123490
0.098247
0.666394
0.167715
-0.229498
0.378598
-0.451835
0.355815
0.145883
-0.202539
0.174936
-0.741572
0.690180
0.346851
0.064740
-0.429801
-0.077584
0.292279
0.572181
-0.268167
0.000738
0.421853
-0.217524
-0.001479
0.075526
-0.382173
0.008533
-0.401966
