-0.307295
-0.196480
-0.138344
-0.286524
-0.357945
-0.188847
-0.163935
-0.314847
-0.275179
-0.011405
0.081078
-0.157719
-0.140466
-0.040282
-0.194152
-0.167518
-0.094644
-0.224154
-1.340276
-0.025576
0.065656
0.884966
0.922871
1.313676
0.440202
1.088051
2.710301
-0.056499
0.078843
0.056699
0.146266
0.628000
0.321393
0.019439
0.304502
0.185235
0.395786
0.477634
0.117905
0.148936
0.314932
0.000198
-0.074196
0.195062
0.125941
0.016931
1.050349
0.744650
-1.573136
0.134450
1.658628
-1.240518
-0.853176
0.523302
0.231216
0.353108
0.093022
0.297012
0.833455
0.233804
0.581758
0.390507
0.539472
-0.150888
-0.440202
-0.098101
-0.353600
-1.309877
1.341761
-0.518726
-0.697828
1.617388
0.783144
-1.173389
0.384774
0.838029
-1.252357
0.343221
0.526596
-0.723723
0.157304
0.591251
-0.128743
-0.374213
0.579390
-0.180064
-0.343376
0.127611
-0.327843
-0.156130
0.333820
0.399973
0.174257
0.163707
0.688366
0.548668
-0.699859
-0.763150
-0.479558
-0.406987
-0.359962
-0.051573
-0.402234
-0.370819
-0.019932
-0.056237
-0.015833
0.033861
0.174204
0.145864
0.026492
0.224034
0.329333
0.177276
0.068956
0.084640
0.062107
-1.873672
-3.459060
-0.720522
-0.108320
-0.540855
0.011507
2.402232
2.685186
1.021098
-0.091587
-0.145628
-0.086220
-0.116630
-0.235405
-0.212976
-0.032590
-0.140455
-0.153962
0.122706
0.467028
-0.171400
0.694644
0.667861
-0.212154
0.591132
0.322342
-0.382454
0.153221
0.223500
0.075366
0.195786
0.315335
0.119569
0.102418
0.121970
0.020800
0.319709
0.620767
0.458419
0.432128
0.711116
0.323907
0.192743
0.014814
-0.187742
0.322318
-0.240025
-0.692465
0.852852
0.367174
-0.358842
0.516299
0.705495
0.243439
-0.196927
-0.323782
-0.172955
-0.399852
-0.466627
-0.226868
-0.116289
-0.140611
0.017874
-0.583684
-0.414102
0.073408
-0.271952
-0.982589
-1.102301
0.240291
-0.323724
-0.215688
1.542058
2.809234
2.289544
-0.139586
-0.299111
-0.351977
-1.424622
-2.150948
-2.046249
0.617608
0.516667
0.185808
0.637638
0.431039
-0.082171
0.334960
0.014154
-0.322170
-0.277709
-0.612616
-0.304114
-0.279488
-0.492134
-0.414281
-0.379911
-0.200195
-0.360733
-0.564471
0.305756
1.148011
-1.318293
-1.053935
0.802861
-0.006582
-0.093892
0.618750
-0.100587
-0.122358
-0.073463
-0.198092
-0.393512
-0.289984
-0.070962
-0.246853
-0.209602
0.432616
0.537584
0.083387
0.640568
0.440531
-0.101230
0.128691
-0.176305
-0.278279
0.170900
0.273808
0.115428
0.475548
0.823379
0.375933
0.373122
0.574444
0.262836
0.126267
0.477208
0.491647
0.446296
0.626181
0.287586
0.375636
0.409712
-0.189136
0.613885
0.725052
0.109549
0.158032
0.392633
0.201636
-0.780075
-0.914878
-0.148729
-0.858260
-0.861558
0.164643
-1.227781
0.082942
0.794264
-0.502515
0.493940
0.476423
-0.220450
-0.312972
-0.222797
-0.761751
-0.318105
-0.494071
-0.607452
0.226305
-0.495909
-0.174584
0.102010
0.124954
0.318910
0.535686
0.363174
0.162818
0.675250
0.581200
0.500605
0.555664
0.047674
0.431054
0.131671
-0.374637
-0.346715
-0.712350
-0.487322
-0.235221
-0.063760
0.019912
-0.260239
-0.457548
-0.148466
-0.084766
-0.244712
-0.097097
1.098219
1.327708
0.233184
1.361329
1.428515
0.948893
0.753202
0.942279
0.463395
0.035006
0.067534
0.042681
-0.204558
-0.332395
-0.224628
-0.319847
-0.518808
-0.334398
-0.085426
-0.100069
-0.045328
-0.145591
-0.220235
-0.120095
-0.077466
-0.175808
-0.103498
-1.003930
-0.133729
0.462648
0.863333
1.215410
-0.441798
0.982629
1.004989
-0.831856
0.099577
0.321251
0.096922
0.442729
0.819052
-0.003763
0.561073
0.530766
-0.019117
-0.480062
-0.215507
0.484191
0.374992
0.111872
0.633721
0.637251
0.439650
0.486317
0.609682
0.045359
-0.407440
0.487676
0.129007
-0.802226
0.390554
0.112925
-0.632968
0.206409
0.241380
0.114853
-0.149979
-0.184430
-0.069784
-0.382376
-0.696744
-0.318990
0.874767
0.621574
-0.279823
0.394677
-0.372889
-0.780729
-0.312161
-1.009104
-0.542566
-0.241465
-0.748553
-0.394418
1.283980
1.725938
0.920432
-0.700232
-1.002465
-0.505976
0.420874
0.561953
0.437271
0.306838
0.771640
0.529963
-0.009450
0.407546
0.136090
0.584276
0.729232
0.161590
0.621321
0.908632
0.571190
0.212261
0.282231
0.243092
-0.513999
0.062015
0.469854
0.715352
1.076680
0.182682
0.079276
-0.299816
-1.353806
0.207111
0.045558
-0.160594
0.703180
0.836142
-0.073253
0.480449
0.569052
0.072149
0.199975
0.142056
0.015704
-0.116630
-0.874364
-0.665409
-0.010901
-0.412329
-0.308732
0.024940
0.211189
0.133998
0.302960
0.440057
0.260121
0.188380
0.206895
0.047201
0.888596
1.018569
0.174025
-0.189242
-0.585237
-0.377623
-0.403611
-0.412653
-0.058179
0.073393
0.475982
0.128939
0.011454
0.867269
0.457578
-0.482023
0.587761
0.212791
-0.231826
-0.286938
-0.137472
-0.269408
-0.339544
-0.132201
-0.105285
-0.155456
-0.035847
-0.349074
1.230222
1.359862
-1.129483
0.104119
1.053283
-1.415418
-0.715655
0.685254
0.023839
1.469164
1.405994
1.479674
3.502026
2.334108
0.283529
0.412459
0.460180
1.175613
1.631796
0.540371
-0.824876
-1.014740
-0.422958
-0.181875
-0.277047
-0.220619
0.898751
-0.108967
-0.572485
1.328162
-0.910420
-1.449600
0.976609
-0.916090
-0.940067
0.089940
0.964250
1.092551
1.195078
1.542233
1.094612
1.200909
0.962069
0.500774
-0.600945
-1.030571
-0.526795
0.295426
0.406147
0.120799
0.202016
0.328141
0.087160
0.107184
0.228483
0.054118
0.294744
0.632581
0.164783
0.196730
0.341415
0.144563
-0.038841
0.363504
0.727907
1.143529
1.760797
1.140288
0.653507
1.440504
1.252437
0.373904
0.584796
0.387175
0.368029
0.148899
-0.282124
-0.580081
-0.997420
-0.655398
0.043478
0.363676
0.555201
0.068238
0.325886
0.321336
0.023505
0.109983
-0.050442
0.143293
0.211779
0.176528
0.173619
0.334901
0.259441
0.393750
0.472290
0.231410
0.266554
-0.781457
-0.844785
-0.264513
-0.878217
-0.695780
-0.242721
-0.375866
-0.482931
0.517964
0.144166
-0.801848
0.062370
0.965452
-1.392595
-0.346067
0.987155
-0.153790
0.161107
0.298483
0.151025
0.435531
0.576175
0.212097
0.265912
0.320071
0.120095
0.038924
0.380045
0.217788
0.521597
0.840121
0.401286
0.466448
0.605148
0.335864
-0.262004
0.671544
1.096079
-1.482576
0.384064
2.092335
-1.544248
-0.764561
0.016271
0.126053
0.026925
-0.038355
0.263696
0.197000
0.131055
0.367582
0.505732
0.229244
0.389503
0.035820
0.359871
-1.256561
-1.825786
-0.985861
0.303744
0.634626
0.875359
0.799619
0.893889
0.434611
-0.673982
-0.866060
-0.367833
0.007675
0.151401
-0.051727
0.406245
0.506141
0.093137
0.474717
0.366059
-0.067868
0.074688
-0.036228
-0.121473
0.378852
0.662820
0.310773
0.092313
0.422487
0.072134
0.015760
0.133088
-0.071917
0.989681
0.346108
-0.330827
-0.086510
-0.917745
-0.780625
-0.870435
-1.213200
-0.794538
0.012197
0.018436
0.198188
-0.656789
-0.417587
0.090508
-0.810156
-0.961192
0.211005
-0.031731
-0.101958
-0.112419
-0.363722
-0.307281
-0.243713
-0.029476
-0.451418
-0.388202
-0.247137
-0.180374
-0.005148
-0.347787
-0.317849
-0.065032
-0.174744
-0.155315
-0.051292
-0.012490
-0.153498
-0.133719
-0.046213
-0.238017
-0.218521
-0.043121
-0.170743
-0.157176
-1.599253
0.236349
-0.471633
-2.816818
0.196315
-0.199103
-2.277290
-1.577369
-0.436506
0.090348
0.232956
0.204957
0.142470
0.326981
0.219403
0.008410
-0.039161
0.018432
-0.366746
-0.782239
-0.531432
0.159907
0.230559
0.142325
-0.058079
0.473256
0.432857
-0.132373
-0.218180
-0.077957
0.009916
-0.672421
-0.555735
-0.075549
-0.595138
-0.411202
-0.043113
-0.124324
-0.063342
-0.194889
-0.299804
-0.191322
-0.217290
-0.305526
-0.172157
-0.137446
-0.072956
0.068257
-0.052272
0.199438
0.339813
0.079231
0.371283
0.279259
0.166802
-0.166873
-0.414881
0.717883
0.161203
-0.374990
0.775844
0.517220
-0.062491
0.157481
0.690150
0.375866
0.589474
0.910628
0.628030
0.120127
0.512594
0.423655
0.174524
-0.904284
-0.516136
0.860378
-1.731488
0.433599
0.541695
-1.497784
0.075051
-0.702123
0.493769
0.151257
-0.992701
0.384692
0.894654
-0.376954
-0.307694
0.655715
-0.043261
0.471267
0.766105
0.796022
0.852796
0.913084
0.816412
0.247990
0.531164
-0.156498
-0.406052
-0.019800
0.390908
-1.209291
1.230895
0.094093
-1.193185
1.138631
0.016161
-0.108700
-0.139132
-0.852936
-1.169459
-0.578632
0.687737
1.457041
0.770966
-0.542537
-0.563017
-0.470114
-0.114253
-0.625580
-0.563892
0.256598
0.028946
-0.142552
0.054419
-0.155789
-0.041599
0.107148
-0.173178
0.346718
0.739797
0.474971
0.403507
-0.460067
-0.510780
-0.027449
-0.362531
-0.889936
-0.500565
-0.026616
-0.406307
-0.279577
0.609743
1.199315
0.728047
-0.117578
-0.827040
-1.124330
-0.076691
-0.281481
-0.230774
0.728285
1.991961
0.828281
-0.323444
0.255476
0.290350
-0.608107
-0.991220
-0.366546
0.106586
-0.370380
-0.450496
0.201716
-0.370299
-0.507548
0.165418
-0.003142
-0.081354
-0.194087
-0.287651
0.011195
-0.290072
-0.273200
-0.149787
-0.188888
-0.097760
-0.335414
0.418145
0.227820
0.120777
-0.041397
-0.241506
-0.375945
-0.178675
-0.473653
-0.666156
0.650829
0.860735
0.551578
-0.416691
-0.868746
-0.572793
-0.222925
-0.136620
-0.161726
-0.819139
-0.699167
0.024388
0.543755
0.886331
0.308993
0.499611
0.404447
-0.195383
0.348714
0.181617
-0.067094
-0.333144
-1.082734
-0.636024
-0.023768
-0.257390
-0.149270
-1.052058
-1.648013
-1.152994
0.287215
0.443661
-0.018191
0.496002
1.432534
0.730373
-0.649645
-0.389777
0.295390
-0.784106
-0.076046
1.005248
-0.423351
0.180943
0.824211
0.328913
0.754034
0.714353
0.253963
0.909005
0.759656
0.153763
0.540806
0.599567
-0.124710
0.232153
0.397918
0.463563
0.717912
0.124796
-0.515041
-0.778083
-0.719787
-0.126832
-0.158025
0.279474
0.317757
0.407887
0.254650
0.307640
0.892179
0.576447
-0.093941
-0.227986
-0.188766
-0.163177
-0.381924
-0.232519
-0.123632
-0.161546
0.014917
-0.298290
0.911503
0.774068
-1.149042
-0.169175
0.963142
-0.821703
-0.719876
0.380576
-0.103261
0.407410
0.715811
-1.186884
0.346615
0.925529
-0.906054
-0.344894
0.650755
0.276953
0.586186
0.333921
0.078634
0.334870
0.218728
-0.080027
-0.068620
0.025407
-0.032924
-0.135448
0.899439
0.531289
0.680202
1.678090
0.463173
1.058222
1.099882
-0.059050
0.054149
-0.015323
0.168856
0.342041
0.386091
0.229851
0.478952
0.476755
-0.124646
-0.328971
-0.131935
-0.057037
-0.286996
-0.163953
0.178991
-0.337933
-0.191168
-0.135281
-0.198349
-0.086978
-0.190745
-0.324855
-0.125019
-0.095921
-0.131642
-0.027575
0.357058
0.537177
0.026278
1.283399
0.530541
-0.119382
1.059123
0.390105
-0.382341
-0.721343
-0.866782
-0.611331
-0.717248
-0.529339
-0.603108
0.162156
0.236575
-0.222657
-1.403536
-2.015659
-2.018729
0.380128
0.496885
0.412580
1.042519
1.592126
1.732032
-0.067848
0.275037
0.314078
0.255099
0.585805
0.343292
0.179073
0.187909
-0.017550
-0.088571
0.093816
0.008916
-0.438610
-0.906102
-0.656511
0.353021
0.835053
0.666108
-0.104006
-0.331427
-0.266596
0.291105
0.614014
0.698142
-0.043780
-0.512451
-0.490702
0.096968
0.162927
0.064045
0.023926
0.526865
0.439072
-0.175425
0.282940
0.531024
0.698188
-1.577075
0.844320
0.592024
-1.820996
1.015982
0.140506
-0.578673
0.409120
0.185305
0.197726
0.388180
0.716506
1.210816
0.710293
0.537974
1.306082
0.937909
-1.810878
-0.152957
0.005737
-1.528449
0.845565
0.769782
-0.997270
1.319807
0.957011
-0.128486
-0.094132
-0.055977
-0.217759
-0.353860
-0.246887
-0.004616
-0.243183
-0.268216
