0.206299
-0.134816
0.047107
0.073789
-0.051952
0.535750
0.270604
0.299827
0.424178
-0.170351
0.009594
0.018221
-0.044248
-0.059201
0.089013
-0.134279
0.435940
0.353500
-0.052612
0.044174
-0.059155
-0.086517
0.155916
0.353428
0.048301
-0.040846
-0.573085
-0.087816
0.254252
-0.066834
-0.423104
0.008548
0.283886
-0.126706
-0.068493
-0.198026
0.018764
-0.025764
0.411078
-0.068838
-0.038895
0.359237
0.297809
0.195683
0.537082
0.267130
0.350889
0.131148
-0.023141
-0.022751
0.336290
0.194060
0.240665
-0.282973
0.433172
0.331529
-0.065537
-0.057369
-0.200674
-0.069664
0.297292
0.117038
-0.068939
0.238189
-0.063856
0.437013
-0.336338
-0.137094
-0.002253
-0.274938
0.395838
0.096203
0.046512
-0.031352
0.224672
0.302252
-0.203295
0.188966
-0.121389
0.177915
-0.146841
0.111455
-0.180119
-0.039685
-0.143399
0.251758
-0.161368
-0.276777
-0.249661
0.064688
-0.041636
0.038188
0.341484
-0.060454
-0.162375
0.117841
0.107312
-0.012677
-0.039951
0.108404
0.054111
0.156667
-0.279739
0.080067
-0.079493
0.241984
-0.185060
0.250053
0.037225
0.326354
0.075036
-0.071191
0.498760
0.070017
0.157575
0.069127
0.288125
0.179515
-0.169076
-0.175031
0.066005
-0.184242
-0.001541
0.091560
-0.125943
0.695519
0.068785
-0.042787
