0.149492
0.160919
-0.100256
-0.330733
-1.149511
-0.206829
0.043388
0.064710
0.971937
-0.334360
0.109036
0.369722
-0.155228
-0.059761
0.303712
0.032775
0.290549
-0.004777
0.079291
0.364458
-1.052959
0.003370
-0.139733
-0.019513
0.312684
-0.805984
0.683682
-0.399999
-0.584282
-0.106772
-0.014431
-0.431420
-0.004182
-0.078915
-0.247117
0.038073
0.553337
-0.324696
-0.061378
0.042135
-0.455467
-0.224736
-0.094130
0.092454
-0.235706
0.182079
0.613839
0.069116
-0.227942
0.126753
0.397556
-0.459150
-0.085567
-0.154131
-0.071446
-0.056479
0.957261
-0.444048
0.650670
-0.027053
-0.972490
-0.854206
0.013709
-0.464019
0.118661
-0.513719
0.375266
0.557505
0.914057
-0.101879
0.140391
-0.441914
-0.555611
0.728371
-0.088378
-0.265673
-0.557728
0.325548
0.133125
0.090453
-0.491313
-0.076244
0.046700
0.006005
0.273321
-0.317903
-0.038168
-0.120492
0.436672
0.326777
0.140470
-0.208512
-0.546344
-0.478071
-0.246322
0.869628
0.761045
-0.097106
-0.896039
0.332377
-0.441226
0.250969
-0.481353
0.039660
-0.063853
0.966052
-0.204807
0.016701
-0.632681
-0.823304
1.174021
0.278312
-1.046824
-0.049298
0.021834
-0.086908
-0.069174
0.526867
0.053068
0.036882
-0.134785
-0.170440
-0.060966
0.547120
0.612110
0.053467
-0.586818
-0.389704
-0.249721
-0.276673
-0.163105
0.303021
-0.191441
0.412762
-0.115679
-0.255455
0.054864
-0.101656
-0.234391
-0.185649
0.581498
0.202873
-0.109224
-0.212245
-0.179548
0.171591
0.128433
-0.022569
0.015543
0.121352
0.503523
-0.329066
0.054435
0.521309
-0.003281
-0.022054
0.058508
0.124959
-0.450213
-0.582551
-0.082211
-0.098113
-0.008647
0.207697
0.909487
0.093734
-0.098027
0.281821
0.155887
-0.026303
0.029420
0.014377
-0.022893
0.155566
-0.072079
-0.626145
0.787143
-0.049684
-0.058087
-0.443911
0.069582
0.241624
-0.370157
0.225755
-0.272779
-0.156655
-0.508851
0.259656
0.020534
-0.642832
-0.784661
0.121128
-0.431873
0.012426
-1.081061
-0.063283
0.111439
-0.038629
-0.003660
-0.342716
0.392293
0.175252
-0.131412
0.240508
-0.261619
0.169774
-0.182726
-0.116828
-0.875786
0.093254
0.189695
0.022435
-0.028428
0.103270
0.047265
-0.190496
-0.462941
-0.591652
-0.360473
-0.181301
0.034264
-0.232919
-0.000640
-0.384920
-0.146664
0.196858
0.181868
-0.484327
0.022746
-0.060675
0.405684
-0.331408
-0.019642
-0.028232
0.103602
-0.457786
0.303233
-0.337489
0.271294
-0.002526
0.049420
0.115205
-0.211763
0.383022
0.022781
0.088041
-0.382527
-0.331377
0.092467
0.650795
-0.055380
0.197381
0.480097
0.205601
0.211884
0.279402
