-0.896793
0.339536
1.263062
-1.103757
0.091862
1.625559
0.625440
0.062917
-0.719433
-1.457704
0.958596
0.615332
-0.891302
0.221297
1.859073
-0.097084
-0.753343
0.436884
0.992811
-0.292618
-0.123913
1.882966
0.220875
-1.225559
-0.455817
0.061960
-0.362060
0.117686
1.110198
0.232281
0.322293
0.788221
0.262118
-0.080961
-0.357848
0.024059
-0.962774
0.920690
0.988594
-0.194234
0.500626
0.512894
-0.029366
1.468577
0.725711
0.532784
-0.414110
-0.719726
0.169859
-0.042719
-1.004805
-0.674044
-0.490089
-1.016235
-0.334130
0.482412
-0.260644
-0.625596
3.117053
-1.845284
0.139849
1.175045
-0.107179
-0.056148
-0.513288
-0.796885
-1.724590
-0.757133
0.868360
-0.155483
-1.323049
0.739215
-0.026291
-0.737782
0.018395
1.861762
-1.102663
-0.667080
0.997996
0.004654
-0.329334
-0.062480
-0.147252
-0.100209
0.102885
-1.440160
0.047815
0.327256
2.082611
0.457213
-0.006084
-0.093071
0.048944
0.838043
1.459059
0.897487
-0.238437
0.195875
-0.023398
-0.199932
1.384265
0.186562
0.241527
2.840212
0.433304
-0.091639
-0.022464
-0.053290
0.577832
-0.452752
-0.749579
1.239914
0.865563
-0.785998
-0.532985
0.325271
-0.571988
-0.294329
-0.782858
-0.247396
-0.786518
-0.605117
-0.560066
-0.393135
-0.383904
-0.241281
-0.259531
-0.194279
-0.253096
-0.241768
-0.834894
-0.338464
-0.311294
-0.078062
-0.344349
0.090007
0.223981
0.086828
0.110176
1.081671
0.067556
0.397882
1.089806
0.160246
0.600240
0.044958
-0.982086
0.770559
0.106662
-0.641973
1.189134
0.278059
-1.076244
0.342447
-1.292496
0.371676
0.786639
1.896682
0.803062
0.658372
0.568341
0.558694
-0.296136
-0.048056
0.485590
-0.940417
-0.745325
1.871677
-0.029520
-0.053395
-0.093040
0.908731
2.230644
0.908186
0.007448
-0.401687
0.133581
-0.705674
-0.667444
-0.606306
-0.672343
-0.962284
-0.779014
0.104021
1.019014
-0.019579
-0.783481
-0.718886
-0.796725
0.670592
-0.128206
0.254986
2.174280
-1.173059
-0.372147
-0.250518
0.582520
-0.203961
-0.210523
1.390443
-0.437085
-1.019570
0.872483
1.421102
-0.399574
-0.865800
0.118688
-0.827087
-1.056156
-0.850601
-0.640932
-0.055121
-0.690698
-0.083295
2.221860
0.170969
0.518096
1.892133
0.343237
-0.572629
-0.175864
-0.334738
-0.374350
-0.814490
-0.383471
0.975633
2.319935
0.413222
0.729923
0.718869
-0.596156
-0.833087
0.600304
-0.780890
-0.633863
0.230435
-0.486888
0.335510
-1.964465
1.469949
0.420324
-1.833994
2.034456
-0.283032
-0.915898
-0.145826
-0.199915
-0.753894
-0.059071
-0.398877
-1.094309
-0.539255
1.371840
-0.356549
1.170987
1.130793
-1.051356
1.131824
0.389936
-0.034547
0.111633
0.111246
1.948958
-0.312851
-0.146708
1.141024
-0.155763
-0.214104
-1.866083
-0.194414
2.368757
-3.136504
1.790251
-0.615952
-0.111349
-0.357362
-0.780445
0.304054
-1.055266
0.116729
0.319965
0.180928
0.378778
1.943974
0.236891
0.058151
-0.370504
0.147435
0.389723
-0.045010
-0.311620
1.520249
-0.327825
-1.252900
0.023461
-0.103377
0.002627
-0.362249
-0.172154
0.475245
-0.557566
0.376141
-0.001914
-1.440543
-0.326932
1.975746
0.437026
3.548338
0.487661
-0.358696
-0.210073
-0.936393
-0.234055
-0.376780
-0.220099
0.593044
3.118497
0.696865
0.037954
-0.856383
-0.119157
0.290848
-0.340953
0.543607
0.238500
-0.647743
0.298795
0.416571
-0.746493
1.517394
1.127567
1.095847
0.821119
-0.406968
-0.568792
-0.203088
0.320618
2.109120
0.344622
1.396096
2.294445
1.159442
-0.825027
0.358510
-0.344183
-0.101493
0.299342
0.102730
0.997523
1.896909
1.003760
0.221310
0.061056
0.975225
-0.987260
0.713354
1.934158
0.326400
0.134670
0.339427
-0.585811
-0.466285
0.292734
-1.121669
1.102070
-1.346109
-0.574919
2.609580
-0.887368
0.073565
-0.357382
-0.178714
0.203740
3.397306
0.304002
0.226953
0.340401
0.183493
0.322120
0.942708
0.456741
0.474300
0.338110
0.814837
-0.505916
-0.607858
-0.460218
-0.323192
-0.337634
-0.236738
-0.693729
-0.113261
1.111680
-0.133231
0.620236
1.123762
-1.100567
-0.949558
1.977448
-0.098216
-0.118321
0.750380
-0.432696
-0.249885
0.612867
0.485318
1.586868
0.878509
-0.650223
-0.404492
-0.407689
-0.381890
0.046878
-0.432564
0.023278
-0.605210
0.096694
0.730292
4.157476
0.562780
0.026296
-0.177699
0.153173
-1.207480
-1.700558
-1.079744
1.053184
-0.015228
0.905664
0.806840
0.525740
0.815741
0.432014
2.628484
0.314567
-0.663006
0.695225
-0.461612
0.200764
-0.386032
-0.088403
-0.644258
-0.414996
-0.609137
-0.289970
0.142473
0.130592
1.001425
0.787425
1.056409
0.233889
1.219424
1.001521
-0.679914
1.097675
0.873585
-0.344910
-0.250446
-0.221129
1.149679
-0.257548
-0.819064
2.348428
-1.038352
-1.364639
-0.061947
-0.027450
-0.059121
-0.355451
-0.331865
-0.307029
-0.461681
-0.342038
-0.593613
-0.224244
0.332110
-0.212306
-0.056120
0.237993
-0.324684
0.855692
0.670345
0.771101
0.326741
0.556919
0.419197
-0.633983
-0.126727
-0.351210
0.680884
0.660615
1.360202
0.440281
0.079813
1.265904
-0.428395
-0.451255
-0.347115
-0.569465
-0.416997
-0.498354
0.361307
-0.246680
0.088417
1.076377
-0.038859
0.122767
0.990141
-0.928077
0.488571
-0.070648
-0.024470
0.128785
-0.412685
-0.058210
-0.530057
1.007772
0.892699
0.939023
-0.168452
-1.285248
-0.355998
-0.725268
2.454650
-0.630890
-0.927826
0.269081
-1.608248
-0.025365
0.554514
0.244837
-0.576591
-0.758780
0.406114
0.087009
-0.497078
-0.609376
1.927101
-0.374641
-0.267796
-0.280895
-0.251355
-0.307842
-0.204659
-0.339853
-0.238766
-0.217372
-0.284662
-0.185012
0.083964
2.378304
0.268877
0.651258
-0.470522
0.628166
0.302984
-1.852248
0.382973
-0.774952
-0.473618
-0.476629
-0.005903
-0.414816
0.055847
0.759649
1.758023
0.659477
0.761816
1.811837
0.251171
0.444992
-0.466132
-0.243493
-0.073889
-0.433328
0.419926
-0.027528
1.302847
0.479275
0.194347
0.497749
0.857811
0.048870
-0.448948
-0.287893
-1.168043
0.547472
1.848489
0.177616
1.025448
-1.031584
0.365883
0.748739
0.748627
-0.659896
0.894473
-0.708663
-0.766431
-0.185777
-0.703024
-0.465594
-0.976878
-0.600718
0.485262
-1.576314
0.313331
0.716596
1.087729
0.945337
0.813298
1.220013
0.641792
0.276641
1.088887
0.190214
-0.113525
0.215164
-0.123308
-0.116929
-0.716391
-0.060389
-0.066983
-0.815728
-0.001884
-0.388585
-0.673103
-0.436540
-0.377866
-0.596868
-0.360926
0.630905
-1.062125
-0.213565
0.360196
-1.270098
0.912233
-1.012407
-0.254124
-1.151833
0.979252
-0.104847
1.097682
1.316823
-1.527462
1.222534
-0.012426
-0.125236
-0.290952
0.214059
0.612256
0.232764
-0.029491
0.093850
-0.097199
-0.555847
-0.568082
-0.484745
-0.867644
-0.376321
-0.843257
0.738869
-1.554046
0.851927
-1.121497
0.098158
-1.128226
-0.453470
-0.989636
-0.822048
-0.239164
-0.336572
0.069349
-0.761696
-0.273919
-0.969787
1.294381
0.786104
0.940262
0.716425
0.810497
0.178968
0.298375
-0.321225
0.401670
-1.283260
-0.025888
1.661425
1.149377
-0.274071
-1.041609
1.750324
-0.185112
-1.911913
-0.466263
1.295585
-0.636862
2.025913
2.892365
-2.692546
1.683851
1.413203
-2.426318
-0.104947
0.157872
-0.131731
-0.194111
1.836002
-0.079642
-0.258733
0.180864
-0.172132
0.174440
2.502189
-0.165359
0.141879
-0.587070
0.229507
-0.281256
-1.206786
-0.367219
-0.491378
-0.618322
-0.539545
-0.299765
1.084879
0.560688
-0.704855
-0.669077
-0.998740
1.290117
-1.126648
-1.095027
-0.238774
-0.143397
-0.393600
-0.283799
0.181010
-0.148046
1.535567
-1.430443
1.271252
0.299211
-0.379225
0.201794
-0.714144
-0.997073
-0.497007
0.111871
-0.555197
0.150444
-1.091305
0.108107
-1.141966
-0.434934
2.887788
-0.779449
-0.553131
0.049783
0.503011
-0.343401
-1.142899
1.748682
-0.357318
-0.041621
0.089061
0.036247
-0.211870
0.049822
1.312733
0.293841
1.180388
-0.290213
-0.498241
-0.177418
-0.620819
-0.887746
-0.550363
1.464770
0.423199
1.482477
-0.109242
-0.459060
-0.129182
-0.540844
2.193061
-0.171695
1.373150
-1.065779
0.965030
1.807081
-2.544942
1.421484
-0.896018
3.497643
-1.059895
-0.148005
-1.006928
0.099430
-0.340311
-0.813854
-0.336509
-0.212962
-0.272861
0.132999
-0.386164
-0.800343
1.894531
-0.343086
-0.059419
0.551523
-1.132825
-0.209380
-1.009334
1.602910
-0.315984
0.267393
-1.188471
0.667247
-0.661348
0.170323
0.953100
0.225001
-0.315296
1.098807
1.912415
0.158411
-0.497785
0.048443
-0.492439
-0.471091
0.847813
-1.787721
0.754505
1.033342
-0.489116
0.868632
0.052217
0.558563
-1.082078
0.515563
0.021635
0.087697
0.061634
0.786303
1.144310
0.743702
1.304979
-0.070569
0.162513
0.861871
0.815305
-0.250202
0.429234
-0.406041
-0.410090
-0.436503
-0.466474
-0.203551
0.391396
-1.051738
0.278247
0.707644
2.905219
0.521860
-0.997656
-1.163849
-0.528218
0.114499
0.101625
1.302512
-0.122156
-0.349250
0.089746
0.469756
-0.469045
0.575025
0.148258
-0.268985
1.660883
-0.048231
-0.257583
0.157386
-0.921084
-1.487140
0.307986
0.510524
1.743352
1.583774
0.240437
0.953058
0.130340
-0.394029
0.885397
-0.267578
-0.362732
1.999095
0.795077
0.884499
0.997954
0.489507
1.069530
0.919058
1.039420
0.113500
1.581064
0.458729
0.432645
1.502239
0.377693
0.019267
1.859513
-0.004936
0.415170
0.830377
-0.452646
-0.092304
0.262554
0.143810
0.557128
-0.616593
-0.039977
2.320871
-1.081529
-0.182706
0.161017
0.198505
-0.218920
0.337358
0.555918
0.421054
0.906379
1.349142
0.908997
0.122157
0.508752
-0.083279
-0.724143
-1.178022
-0.763043
-0.566179
0.993324
-0.604548
-0.461285
0.255393
-0.464502
0.255678
0.991581
0.545388
0.081070
1.338228
0.287746
-0.169683
-0.073560
-0.177103
1.048046
1.075632
0.916183
0.868760
-0.207034
0.808076
-0.355629
-0.557748
-0.128749
0.167869
0.423966
-0.002184
0.115545
-1.649909
0.331579
0.572009
1.272202
0.547801
0.451962
2.430834
0.142703
-0.021567
-0.123822
-0.041315
1.028035
1.103599
0.688711
1.024569
2.274537
1.082901
0.081957
-1.125094
0.251357
0.072727
-0.903105
-0.158522
0.606052
0.858461
0.273166
0.663666
1.829238
0.232933
-0.327099
0.129780
-0.519846
-0.270885
-0.994386
-0.231317
0.733465
2.360499
0.727463
-0.195110
-0.569523
-0.153707
-0.597741
-1.162570
-0.288786
0.538515
0.170546
0.501659
0.573893
2.016633
0.376752
0.426629
1.296896
0.544806
-0.125241
0.197580
-0.370020
-0.521445
0.051819
-0.317316
0.700211
-0.278584
-0.633100
0.598272
0.891395
-1.196571
-1.243606
-0.498958
1.650991
-0.416372
-1.183390
-0.780326
-0.675816
-0.232109
-0.507396
-1.226395
-0.390399
-1.227955
-0.047437
-0.379582
-0.046166
-0.116905
1.876739
-0.164108
0.071748
-0.348719
0.104268
-1.128000
-0.700973
-0.181456
1.792995
-0.236166
-0.717496
-0.346115
0.289767
0.925961
-1.044216
-0.813324
-0.979690
0.631248
1.066965
0.910454
0.729147
0.782087
0.792086
-0.867740
0.904531
-0.648362
-0.965938
1.135120
-0.410048
-0.770992
0.059441
0.225691
-0.077161
-0.505216
-0.229613
-0.393295
-0.472949
-0.518845
-0.151998
-0.610481
-0.245302
-0.803837
-0.150986
-0.835960
-0.826598
0.607194
-0.772171
-0.576973
-0.482638
-0.653675
0.547039
-0.779860
-0.004329
-0.180048
-2.812890
-0.179092
-0.766600
-0.793251
-0.086513
-1.358806
2.921996
0.723987
-1.101227
-0.096936
0.563801
-0.241145
0.233160
-0.778742
-0.623822
-0.964385
-0.657771
-0.354628
-0.565318
0.677245
0.940467
0.860690
0.637424
-0.441115
-0.951764
0.948312
-2.031814
1.371712
1.461369
0.212471
0.216693
0.073465
0.072216
-0.162847
0.126734
0.629535
2.973209
0.482007
0.224868
-0.225303
0.140216
0.173221
-0.606803
-0.106002
1.117260
-0.138013
1.033114
1.389518
-0.346997
1.342272
-0.320704
-0.477490
-0.290638
-0.478091
-0.593003
-0.510807
0.817997
1.261090
0.620352
-0.448001
-0.075224
0.234955
0.491857
-0.394928
-0.634407
1.743807
-0.137272
-1.483992
0.809225
1.176328
0.817143
1.229356
0.789270
0.398043
-0.419396
-0.933975
-0.301738
0.202040
0.121583
0.054256
-0.363843
1.479437
-0.100847
-0.204247
-0.234637
0.002919
-0.317038
-0.799192
-0.271024
-0.448777
-0.185459
-0.330387
-0.516295
-0.438422
-0.600015
0.741489
1.820351
0.656521
0.229631
-0.922038
0.169304
-0.330250
-0.143767
-0.253576
-0.418442
-0.961637
-0.530059
-0.585428
0.150761
-0.410875
-0.378857
-1.081358
-0.585443
0.431666
0.140426
0.507128
-0.220825
-0.081375
-0.346514
0.759904
0.597361
0.722311
0.971715
1.750293
0.662274
0.359109
-0.892878
0.008319
-0.216792
-0.926882
-0.140784
0.704994
1.031817
1.210260
-0.088754
-1.054389
0.441968
0.033755
-0.056972
0.014811
-0.071103
-0.012874
0.100443
-0.323515
-0.073102
0.763214
-0.894504
-0.531490
1.332689
0.753199
2.507479
-0.020006
-0.093989
0.425602
-0.084532
-0.107469
-0.214060
0.264594
0.454421
0.551618
0.555932
0.151650
0.429565
0.361531
0.114395
-0.189975
0.107593
0.094012
2.319057
0.082058
-0.164549
-0.060945
-0.011731
-0.185686
0.116006
-0.250121
-0.524996
0.618631
1.430153
-0.523803
-0.178604
0.147611
-0.885010
-0.175751
-0.042931
0.686537
1.751708
0.932026
-0.625372
-0.061659
-0.408868
0.049210
0.204932
0.136092
0.828230
0.511194
-1.048375
1.535438
0.438820
-3.102299
-0.930133
-1.095306
2.284908
-0.095817
0.191657
-0.068910
-0.522519
-0.976906
-0.536179
1.033854
0.889110
0.990946
-0.789918
-0.368236
-0.351171
-0.877981
-0.297989
0.738441
-0.177704
-0.948271
1.321267
-0.302098
0.896055
0.809265
-0.388673
-1.255273
0.975625
-0.704904
-0.059484
0.169128
0.107648
0.028107
0.217330
-0.274746
1.210990
-0.248815
0.412460
0.886825
0.710983
-0.780955
-0.601176
0.206208
-1.147974
-1.585025
2.621120
-0.780575
-0.110278
0.996713
-0.584710
-0.997488
-0.589494
-0.235977
0.147698
-0.209974
-0.506449
-1.256907
-0.315155
1.685821
-0.390514
-0.308780
1.590670
-0.889967
-0.401630
-0.373970
-0.326637
-0.133189
0.117306
-0.053199
-0.162562
0.794882
0.742735
-0.124835
0.505360
-0.191030
0.108321
1.655391
0.390506
0.802381
0.864136
0.265793
-1.232577
-0.066141
1.171411
0.242949
-0.313726
1.563815
-0.353056
1.301765
1.124609
-0.739058
0.105886
-0.274762
0.138574
-0.225352
0.455938
0.976724
0.189730
0.560796
1.513591
-0.408444
0.238823
0.466651
-0.302104
-0.084281
-0.224500
-0.338010
0.341724
1.044236
-0.229293
1.068645
1.387714
-0.164439
-0.431636
-0.094457
0.582533
-0.188404
0.520364
0.889842
0.813781
1.165199
-0.411660
-0.242525
-0.514858
-0.225336
-0.834376
-0.520031
-0.300733
1.958470
0.512603
-0.139358
0.212272
-0.178244
-0.439132
-0.095696
-0.443277
-0.584788
-0.469318
-0.545171
0.697830
2.372283
0.197231
-1.483450
0.420393
-0.988950
-0.115513
0.422474
-0.694864
-0.275674
0.433943
-0.440749
-0.953842
-0.683200
0.873005
-0.093194
0.404994
1.824734
0.265887
1.411976
0.315294
1.920936
0.547599
-0.797702
-0.064475
-0.646328
0.446442
0.098928
-0.914107
0.895449
-0.586962
0.109323
1.604884
-0.833548
0.213774
0.103001
-0.071463
1.459426
0.045591
-0.700733
-0.475177
-0.561404
-0.900977
-0.371285
-0.815265
-0.351199
0.184887
-0.285241
0.510013
2.242400
0.560965
0.701247
-0.291642
0.588041
0.938738
1.221280
-0.136777
-0.883530
0.926490
-0.170320
-0.790569
-0.334262
0.074090
-0.724762
-0.723708
-0.756998
0.628676
1.493973
0.667115
0.114435
-1.067592
0.406595
-0.512492
-0.759374
-0.449241
0.196587
1.186916
0.165345
-0.167098
-0.845884
-0.130816
0.067907
1.212189
0.096741
1.214985
1.751653
1.401105
-0.265809
-0.824522
-0.230354
-0.305634
-0.342491
-0.146511
-0.162853
-0.197367
-0.146184
0.712536
1.763513
0.726029
-0.080321
-0.739359
-0.078420
-0.589215
-0.708469
-0.549287
-0.308902
-0.487093
-0.402449
0.226419
0.814244
-0.126470
0.337011
1.461543
0.490423
0.201811
-0.558861
0.188288
-0.604319
0.665635
0.529899
-0.490772
-0.409036
1.040743
0.409749
-0.142142
0.206210
-0.002317
-0.119047
0.070917
0.930746
2.833513
0.882284
-0.140780
0.534656
0.005551
0.768699
-0.615869
-0.292984
0.714795
-0.845392
-0.396210
-0.249337
-0.586945
-0.317175
0.265022
-0.298775
-0.447126
1.672924
0.980464
-1.445432
0.651761
0.113312
-0.729723
0.329190
-0.109668
0.309320
0.742111
0.324438
0.837049
-0.068172
0.133505
0.019362
-1.543939
0.123014
1.433710
-1.062309
0.185526
1.028042
-0.237730
-0.102806
0.021098
0.134471
0.654292
0.031535
0.073525
1.261445
0.226242
0.686733
1.236329
0.526970
1.511399
0.203297
1.745138
0.350184
-1.453424
0.670612
0.042123
-0.924388
-0.185345
-0.448333
-0.607926
-0.329203
-0.279164
-0.748271
-0.449270
-0.345176
-0.341664
-0.408724
0.154336
-0.839223
0.189665
0.427539
0.230584
0.866191
-0.981629
-0.800703
-0.891789
-0.128171
0.619976
0.242465
-0.479931
-0.774213
-0.731330
0.627842
2.490224
0.947845
-0.163901
-0.475746
-0.104830
-0.488615
-0.688872
-0.316072
-0.142890
-0.565544
-0.127201
0.290510
0.519046
0.411806
0.172593
0.910497
0.108874
-0.054734
0.270335
-0.051240
-0.038328
0.773244
0.144834
0.482861
0.821241
0.118957
0.211918
0.301560
0.394898
-0.202590
-1.398831
0.278224
-0.797306
-1.243258
-0.558916
0.057906
0.621598
-0.194769
1.359273
2.125780
1.270438
-0.242400
0.975010
-0.504419
0.254156
0.501980
-0.011610
0.377385
-1.017267
0.254694
-0.792186
-0.264969
-0.729139
-0.559464
-0.437661
-0.664448
-0.471127
-0.161580
-0.489078
-0.701198
-0.501197
-0.812800
-0.367592
-0.346825
-0.316247
-0.193737
0.438802
-0.262356
-0.503126
2.499270
-0.425452
0.043993
1.038346
0.062156
0.090032
0.907209
-0.182424
1.445446
-0.207980
-0.791567
0.491640
-1.382902
0.380142
0.362587
-0.862416
0.324857
0.831962
1.403668
0.906417
-0.399335
-0.937357
-0.435998
-0.646098
0.352750
-1.061033
1.473804
-1.470771
1.257488
1.717376
-1.364055
1.336138
0.063785
0.036632
0.182575
0.942784
0.517330
0.779553
0.603893
0.897091
0.820466
0.262630
-0.455702
0.282021
-0.413949
-0.616473
-0.411118
-0.336908
-0.590632
-0.406837
-0.137361
-0.383002
-0.439607
-0.358921
-0.404182
-0.665062
-0.136501
-0.202419
-0.085321
0.494389
-1.493538
0.778689
1.449725
2.544323
0.400978
-0.352857
-0.439405
-0.305181
0.168937
-0.616644
0.251854
-0.357877
-0.806836
-0.188608
-0.455531
-0.388970
-0.421372
-0.399888
-1.960982
-0.062139
-0.285842
1.716899
-0.443034
-0.020697
2.247702
-0.113847
-0.146706
0.923118
-0.153649
0.826768
1.471515
0.741534
-0.328975
-0.634634
-0.486370
-0.364406
-0.082707
0.066573
-1.458415
1.934273
-1.087369
0.108085
0.337943
-0.591494
0.326830
0.740821
0.245636
-0.700797
0.041765
-0.641343
-0.336042
-0.741913
-0.333315
0.606136
-0.139133
0.585470
-0.003559
-0.314780
-0.226886
0.073874
1.430469
0.603796
0.140239
-0.235419
0.055481
0.199271
-0.726739
0.272257
0.164431
2.555427
0.237179
0.118492
0.017608
0.130036
0.070064
1.381506
0.021045
0.029800
0.022271
0.042021
-0.403362
-0.642231
-0.487434
-0.198778
-0.975894
-0.166680
-0.184938
-0.324639
-0.256572
0.013776
0.037864
0.048143
0.003346
-0.474190
-0.073363
0.390413
2.209881
0.377476
-0.165363
-0.398490
-0.229734
-0.021167
-0.038094
-0.016710
-1.121676
-0.677244
-1.143422
1.022263
-1.042825
1.311538
-0.688715
-1.171031
0.020286
0.249541
-0.678530
0.673132
-0.016200
-0.953433
-0.011961
-0.473143
0.838278
-0.339974
-0.372012
-1.158479
-0.487606
0.388673
3.514456
0.698357
-0.306128
-0.187669
-0.617871
-0.326560
0.441705
-0.165368
-0.145914
-0.282056
1.540524
-2.114876
0.589758
1.046807
-0.614850
0.999221
-0.936275
0.813754
0.961462
0.933146
0.324267
0.355596
0.221541
-0.157191
-0.918949
-0.410377
-0.266139
-0.607242
-0.504348
-0.301106
-0.496979
-0.157881
0.831147
1.834712
0.293337
0.919617
0.771986
0.855018
-0.142538
-0.695205
-0.170553
-0.520176
-0.219506
-0.552767
-0.717011
-0.139208
-0.379273
0.531286
-2.130443
1.074357
1.579330
-0.910137
1.308843
0.462986
1.147609
0.395841
0.371000
1.269506
-0.284703
0.055557
-0.080509
0.073307
-0.194689
-0.594053
-0.228541
-0.902385
-0.566052
0.209107
-1.056628
0.417000
1.900353
0.138236
-1.399583
-0.052187
0.545972
1.771596
0.458692
-0.512835
-0.150590
-0.534988
0.061518
-0.208340
0.029397
0.100298
-0.557794
0.102749
0.454054
1.348362
0.463188
-0.575068
0.159032
0.662083
-1.677099
-0.117244
1.787295
-0.321335
-0.140515
-0.402945
-0.460808
-1.226003
-0.408470
-0.374896
0.729652
-0.389573
-0.472306
-1.094743
-0.584239
0.177567
0.376400
0.171177
-0.252487
-0.588730
0.062948
0.645318
2.287374
0.610975
0.260034
-0.107184
0.616714
0.159998
0.105987
-0.750337
-0.010246
-1.528056
3.037563
0.346404
0.674541
0.472624
0.492213
1.856499
0.519333
-0.257937
-0.778728
0.010373
0.117249
-0.024734
0.145558
1.605045
0.605247
-0.118392
-0.211227
-0.154004
0.035580
-0.915296
-0.484914
-0.600184
-0.401655
0.918639
-0.430254
-1.856114
0.014622
-1.509711
-0.804181
0.731589
1.380949
-2.933566
0.696623
1.574571
-0.643954
0.513317
-0.498724
0.622149
1.624113
-0.912983
1.496983
-0.351320
-1.109612
0.857816
-0.576182
0.117691
-0.351500
-0.275301
-0.314905
-0.516959
-0.469297
-0.479640
-0.203423
-0.239936
-0.160361
-0.703140
0.166728
1.497719
-0.083979
-1.249105
1.466834
-0.195703
-1.008109
-0.614121
-0.080285
0.223229
-0.074489
0.035616
0.669203
0.117209
0.088348
1.131829
0.211085
-0.233568
0.285590
-0.083916
1.792903
0.428619
1.869081
0.845466
1.511419
0.809187
0.736293
0.198716
0.582172
0.505401
2.428349
0.517741
0.483523
-0.542449
0.488636
-0.019643
-0.722070
-0.283824
0.795775
-0.099421
-0.637169
0.524220
2.660987
0.015666
-0.052844
-0.716059
-0.147760
-0.503625
-0.695323
-0.539603
-0.228143
-0.406322
-0.264882
-0.202072
-0.131062
-0.167035
-0.432332
-0.572734
-0.415519
0.199323
0.422813
0.178461
-0.140106
0.755776
-0.319043
-1.297930
0.753733
1.952567
-0.265249
-0.583590
0.944926
-0.527942
-0.505804
-0.782272
0.280926
1.414325
-0.940299
-0.489912
1.058669
-0.856810
0.026365
-0.129965
-0.194543
-0.492226
0.760416
-0.547179
0.688175
1.330263
0.908357
-0.086713
2.220744
-0.149452
-0.515807
0.160584
-0.128212
-0.408827
-0.329898
-0.266558
-0.301483
0.189556
-0.396345
1.083842
-0.912454
0.660248
1.378441
0.785724
1.134012
-0.429262
-0.823035
-0.285326
-0.294848
-0.498080
-0.390095
-0.805434
-0.422471
-0.656069
-0.452932
-0.795769
0.301297
-0.487814
-2.298198
1.380552
-1.173743
1.178559
0.450531
-0.241574
-0.543058
-0.247353
-0.254243
-0.624493
-0.182540
0.075182
-0.251134
0.212038
-0.237379
1.278703
-0.377158
1.254632
2.508460
1.299545
0.284993
-0.302303
0.352218
-0.135773
-0.288569
-0.175831
-0.748824
-0.758260
-0.777818
0.007093
-0.901941
0.030263
0.225959
-0.163370
-0.372064
1.243626
0.233051
-0.876266
0.031902
0.052634
-0.229616
0.076246
0.158980
0.071511
-0.364662
-0.801923
-0.460529
-0.186565
-0.232518
-0.246037
1.203402
-0.747272
0.083850
0.011346
1.628320
1.388087
1.831842
0.372234
-0.932938
0.062351
0.268650
-0.215266
-0.504264
3.959396
-1.369544
-0.029126
1.076917
0.792068
-0.162671
1.013360
-0.324216
-0.897791
-2.045625
-0.697953
-0.500670
0.521320
-0.703600
0.147030
0.233221
0.162454
0.592848
-0.461692
0.087341
0.363511
1.537054
0.541855
0.073062
0.387752
0.172324
-0.042749
0.267792
0.002011
0.169118
1.107890
0.154016
