-0.762361
0.303435
0.021829
-0.313876
0.080103
0.027470
-0.326270
-0.533141
0.241558
0.096067
-0.262657
0.044038
-0.306816
-1.451301
-0.352735
-0.247775
0.333448
-0.156041
-1.352464
0.077067
-0.577929
-0.114958
0.094899
-0.559592
-0.124671
-0.069279
-0.189621
-0.291561
-0.150834
-0.457444
-0.415236
-0.249757
-0.375193
-0.190674
0.401154
-0.052754
-0.350701
-0.207948
0.122834
0.436275
-0.597250
0.150224
-0.515990
-1.071144
-0.421128
-0.038318
0.126398
0.051330
0.069210
-1.185978
-0.592448
-0.390810
-0.073044
0.136173
0.405897
0.455452
0.180723
-0.022869
0.481930
0.030400
0.171591
-0.054231
0.198499
0.078409
0.079575
-1.680508
-0.058222
0.209874
-0.015200
0.435223
0.241853
0.547369
-1.069718
0.189737
-0.592676
0.119664
0.015163
0.016791
-0.117124
-0.333111
0.084517
0.235408
-0.038451
-0.068553
0.334161
0.368379
0.155199
-0.633081
0.318255
0.035675
-0.669914
-0.121061
0.064586
0.257546
0.232573
-1.252238
-1.008218
0.221741
0.052431
-0.158901
-0.237407
0.039014
0.170297
0.064190
0.366743
0.242620
0.484289
0.453489
0.358835
0.456711
0.072594
0.084876
-0.423798
-0.158962
-0.024210
0.462606
-0.257305
-0.522690
0.130352
-0.011936
0.176776
0.122602
-0.106156
-0.071769
0.141629
0.273016
0.024438
0.506995
-0.123353
-0.951896
0.094903
0.005989
-0.415336
-0.574154
-1.150499
-0.065226
-0.124382
0.062809
-0.293382
0.337576
0.319365
-0.019994
-1.170340
-0.568587
0.910448
-0.073533
0.010166
0.347618
-0.121090
-0.080645
0.070428
0.703134
-0.003876
-0.145972
0.109158
-0.286190
0.412591
-0.485516
0.214159
-0.225268
-0.018456
-0.811982
0.363007
0.261421
-0.449053
0.238838
-0.508970
0.246566
-2.439892
-0.145170
-0.080284
0.144502
-0.011149
-0.236851
0.077046
0.185708
-1.421796
0.852184
-0.204704
0.207581
-1.014865
-0.089057
0.319242
0.322447
-0.464301
0.138438
-0.575587
0.352482
-0.313199
0.324378
0.122356
0.380750
-0.580103
0.159834
0.595830
-0.276662
0.003478
0.088882
0.534323
0.315408
-0.693233
-0.058740
0.530915
-0.117722
-1.153723
-0.285391
0.069113
0.085544
0.194835
0.434813
0.320577
-0.120918
-0.053377
-0.144990
-0.736224
0.239606
0.029274
0.066639
0.379740
-0.426579
-0.188707
-0.590746
-0.082684
-0.615203
-0.640790
-0.185977
-1.197891
-0.157355
0.452122
0.638527
-0.092493
0.038472
0.085118
0.168129
0.092037
-0.484073
-0.270624
0.227859
0.310617
-0.245242
-1.390324
0.228701
0.258351
0.079398
-0.345408
-0.067164
0.186814
-0.059919
0.222580
0.400039
0.238253
0.283442
-0.175095
0.588948
-0.087218
-0.016308
-1.171985
0.173871
0.423647
-0.473812
0.135217
0.206060
0.479896
-3.947041
0.329679
-0.055157
-0.075823
0.032726
-0.208332
0.381616
0.035166
0.168980
-0.066191
-0.859022
-0.482829
0.069005
-0.965166
0.038783
0.392085
-0.226886
-0.397821
-1.221496
0.258473
0.844850
-0.323760
-0.237028
-0.161612
0.121738
0.338563
-0.099334
-0.357598
0.381951
0.166976
0.324970
-0.215655
0.206736
0.614091
0.063598
0.827078
-0.517550
-0.281025
0.408663
-0.005692
-0.076189
0.077460
-0.807214
0.074326
0.029056
-0.135729
0.255622
0.134725
-0.229104
-0.054088
-0.309170
-0.277297
0.318520
-0.829373
0.290292
-0.323624
-1.197303
-0.398697
0.329251
-0.206470
0.036053
-0.393278
-0.767376
-0.275301
0.083892
-0.209060
0.230323
0.052579
0.293590
0.021578
0.481035
0.446794
0.120656
0.129820
-0.176962
-0.023805
-0.049808
-1.008031
-0.296693
0.365851
-0.134008
-0.120977
0.420854
-0.311574
-0.743512
0.021877
-0.047260
-0.364643
-0.133719
0.285374
-0.194203
-0.667006
-0.002320
0.211871
-0.280410
0.278571
-0.028286
-1.531454
0.435940
0.827634
0.179476
0.306925
-0.218952
-0.108919
0.338771
0.059878
-0.010400
-0.473892
0.037633
-0.750521
0.648108
0.050394
0.160996
-0.018088
-0.900770
1.362656
0.242102
0.365317
0.015083
-0.089787
-0.336155
-0.029639
0.390542
-2.535275
0.334953
-0.109737
-0.019787
0.300815
0.286173
-0.141608
-0.537079
-0.172121
0.443239
0.017965
-0.471205
-0.105763
0.270885
-0.081174
-0.252388
0.210129
-0.952007
-0.104810
-0.047063
-0.155392
0.020607
-1.040874
-0.395602
-0.044945
-0.622280
0.207001
-0.160756
-0.713898
-0.144615
-0.075224
-0.358289
0.079491
0.187243
0.134010
0.439147
0.040938
-0.277730
0.371307
-1.411636
-0.248085
0.429259
-0.034289
-0.940887
0.018054
0.021288
-0.087364
0.544579
-0.364202
-1.430120
-0.036665
-0.966848
0.140918
0.069760
-0.725873
-0.931483
-0.074927
0.321212
-0.865327
0.051850
-0.050975
-0.891823
-0.540778
0.067414
-0.164517
-0.029328
-1.051578
0.126761
-0.033869
-0.125356
0.073391
-2.842607
0.141290
-0.302928
0.109676
-0.288212
-0.001195
0.223948
0.330991
0.645097
-0.257589
-0.938617
-0.100828
-0.103694
-0.662615
0.308014
0.083493
0.077911
-0.269496
0.322614
-0.594689
0.138225
-0.391367
-0.052158
0.017769
0.002681
0.326854
0.886013
0.169642
-0.008617
0.006428
0.168449
0.344680
-0.054743
0.059824
-0.190277
-0.829678
-0.078485
-0.430446
0.091174
-0.005349
0.251798
-0.286855
0.118572
-0.112587
0.315521
0.033150
-0.038804
-0.086422
0.183760
-0.994495
-0.110455
-0.063436
0.496967
-1.235365
-0.245884
