-0.401713
0.111877
0.004430
0.180228
-0.439408
-0.013124
-0.182753
-0.194029
-0.265022
-0.227579
-0.287256
-0.154603
-0.187442
0.321640
-0.007577
-0.394359
-0.156694
-0.290071
0.266598
-0.182825
0.107844
-0.443671
-0.051238
-0.072034
0.013690
-0.134616
0.050766
-0.171690
0.034462
0.182784
0.170704
-0.444345
0.040210
-0.145332
-0.066652
-0.527798
0.055235
-0.345840
0.039126
-0.089777
-0.181778
-0.046394
-0.199198
0.186096
0.152943
-0.011388
-0.121154
-0.212029
-0.002025
0.189693
-0.233209
-0.086288
-0.396197
0.232069
-0.095215
0.006377
0.104158
-0.039940
-0.362530
-0.438237
-0.104771
-0.477026
-0.133242
0.122200
-0.180054
0.390717
-0.123321
-0.257694
-0.160643
0.031202
-0.210607
-0.095068
0.061254
0.016067
-0.250411
-0.119418
-0.220495
-0.098270
-0.000051
-0.140019
0.087827
-0.314812
-0.115941
-0.305709
-0.059130
0.068392
-0.074047
-0.106071
0.108008
-0.237803
-0.258928
-0.055959
-0.172154
-0.017914
-0.172578
0.216974
0.136216
-0.018976
-0.165945
-0.034736
0.101568
-0.441912
-0.170968
0.137898
-0.058017
0.278261
-0.278017
-0.130457
-0.042608
-0.103311
-0.032101
-0.312846
-0.124179
0.036113
-0.059614
-0.126885
-0.025874
-0.413156
-0.385333
0.019094
0.009522
0.189437
0.023700
-0.004577
-0.083538
-0.103680
0.090297
-0.046918
-0.551911
0.296843
-0.079957
-0.122002
0.042102
-0.318488
0.181226
-0.066769
-0.114727
-0.073731
0.101976
-0.222975
0.028236
-0.078763
0.072169
0.252494
0.055817
-0.116234
0.247974
-0.019233
0.120552
-0.171772
-0.046326
-0.129982
0.116975
-0.623227
0.083820
-0.142959
-0.242604
-0.062898
-0.226380
0.137363
-0.231663
0.106891
-0.264131
-0.094291
-0.059860
-0.265597
0.313359
-0.128938
1.021407
-0.171151
-0.415900
0.207238
-0.200531
-0.208043
0.014988
-0.190207
0.250697
0.237286
-0.116026
-0.086875
-0.058036
-0.082742
-0.126465
-0.208995
0.176977
0.076163
-0.407335
0.047468
-0.026500
-0.012302
-0.179385
-0.232936
-0.105548
0.144464
0.037505
0.089691
-0.071205
-0.209253
-0.157168
-0.311116
-0.075095
-0.255285
-0.061595
-0.016693
0.007163
0.014682
-0.057051
-0.067232
-0.030310
0.132619
0.131069
0.081066
-0.044846
-0.156447
0.092892
-0.059017
-0.110492
-0.552050
-0.131092
0.002435
-0.063389
-0.019965
-0.455618
0.055918
-0.052964
-0.290718
0.024734
0.126609
-0.297931
0.236679
-0.239832
0.014374
-0.054782
-0.209104
-0.243176
0.143663
0.249995
-0.021323
-0.108332
-0.121053
0.746082
-0.125958
-0.164814
-0.071432
-0.109579
-0.032172
-0.196551
-0.076862
-0.179034
-0.074188
-0.108230
-0.135819
-0.018574
0.016199
-0.530175
-0.166015
0.286519
-0.317094
-0.100952
0.062307
-0.049721
-0.034405
-0.125649
-1.045884
0.153645
-0.398496
-0.262711
-0.396867
-0.369991
-0.068556
-0.511129
-0.252783
-0.381276
0.086030
-0.143904
-0.125886
0.041922
0.090542
0.110724
-0.076308
0.047647
0.416828
0.146327
0.194139
0.062977
-0.227284
-0.213869
-0.150483
-0.119318
-0.145957
-0.188386
-0.230483
-0.355535
-0.257595
-0.010979
0.078817
-0.056381
-0.055658
-0.055282
-0.065809
-0.475657
-0.059847
-0.198082
-0.568936
0.109136
0.066640
-0.114578
-0.095569
0.094375
-0.166648
-0.002858
-0.147029
-0.263724
0.166064
-0.293144
0.046501
0.148861
-0.097581
0.037744
-0.047926
-0.137954
-0.307529
-0.070309
-0.273027
0.040814
-0.115003
0.183725
-0.447767
-0.116914
-0.184765
-0.122405
0.089682
-0.114774
-0.109811
-0.109315
-0.087936
-0.011273
-0.211677
-0.351245
-0.390002
0.023171
-0.313453
0.180050
-0.319544
0.183331
-0.124183
-0.085632
0.139021
-0.085677
-0.208111
-0.193067
-0.169878
-0.159491
-0.081942
0.048023
-0.109646
-0.107850
-0.055251
-0.074185
-0.379610
0.281913
0.077630
0.054285
0.087776
-0.120481
-0.421126
-0.353396
-0.067229
-0.179241
-0.312100
-0.340066
-0.050408
-0.309463
0.103547
-0.131657
-0.460016
-0.248310
0.012574
0.015400
0.077831
-0.232774
-0.033286
-0.670689
-0.257686
-0.125463
-0.158782
0.728566
-0.048339
-0.067536
-0.183596
0.039508
-0.192507
-0.024882
-0.242094
0.005758
-0.224351
-0.603696
-0.048748
-0.406489
-0.227569
-0.510466
-0.069110
-0.115670
0.312614
-0.303038
-0.007706
-0.113927
-0.353373
0.021541
0.065878
-0.315283
0.047160
-0.059030
-0.356944
0.098185
-0.143654
0.030512
-0.220122
-0.142755
0.061912
-0.265739
-0.017304
-0.350769
0.072497
-0.121946
0.390824
-0.315327
-0.148269
0.170807
0.169161
-0.345617
-0.018015
-0.044887
0.096359
0.023531
0.296923
-0.132835
0.143026
0.028085
-0.166063
0.174204
-0.062897
-0.217126
0.143611
-0.037671
0.077719
-0.330278
-0.093429
-0.246931
-0.183524
-0.141172
-0.101898
0.040432
-0.078189
-0.184356
-0.004702
-0.096086
0.970025
-0.178622
0.014730
-0.355415
-0.063661
-0.198381
-0.242760
-0.051488
-0.150824
-0.131357
0.031453
0.150936
-0.175899
0.146279
0.076743
-0.165198
-0.121873
-0.152912
-0.098094
0.026355
-0.013343
-0.097344
-0.446158
-0.129632
-0.100073
-0.093073
0.049459
-0.011981
-0.027662
-0.002150
-0.159681
-0.027373
-0.107707
-0.004078
-0.058042
0.029492
-0.319864
-0.168134
-0.013253
-0.253575
-0.153791
-0.037245
-0.034496
-0.047125
-0.214547
-0.271976
-0.168186
0.065865
-0.193898
-0.058458
-0.084984
-0.192124
-0.116244
0.326723
0.245369
