-1.442957
1.225784
0.205974
0.133561
0.911025
-0.772657
-0.015117
0.255180
-1.212089
-0.108354
-0.899620
0.466440
-0.090115
1.460071
-0.081704
-0.424792
-0.221866
-1.484516
0.449209
-0.285814
2.446643
0.410713
0.011789
-0.649352
-0.666834
-0.263779
0.264085
1.796869
-0.598012
-0.788980
-6.186734
0.248421
-0.981525
-0.023270
0.303944
0.614961
-0.335850
-0.680814
0.543534
-0.800537
-2.041035
-1.131920
0.490813
0.527474
-1.368331
-1.401052
1.553579
0.834200
0.531934
1.770534
-0.768914
0.141809
-0.363938
0.297058
1.092329
-0.544116
-0.878009
-0.471824
0.379259
-0.592923
-0.249936
-1.008970
1.197340
1.178521
