-0.331833
0.351162
1.206870
0.441828
0.017457
2.146659
0.018731
-0.189385
0.164510
-0.647686
0.259491
0.069194
0.642709
0.503065
0.765382
0.234453
0.350003
0.219452
0.274980
0.721322
0.431793
1.030995
0.017487
0.162940
-0.093593
2.116169
0.151172
-0.053410
0.284679
0.347436
0.773406
0.391625
1.353073
0.984638
0.512235
0.375621
0.038643
0.395309
-0.383873
0.974684
-0.110854
0.295315
-0.434732
0.867268
1.032089
0.245111
0.503306
-0.245718
0.765889
0.304194
0.215330
0.679852
1.907100
0.349196
0.634666
-1.141550
0.250862
0.528335
-1.058957
-0.351182
1.516068
0.212041
0.541261
0.873562
