-1.366701
0.743091
1.096240
0.548193
0.247842
-0.424632
-0.845920
2.145154
-0.210479
0.021950
-1.357988
-0.171673
-0.526705
1.235841
-0.359524
-0.773350
-0.264575
0.673637
-1.369254
-0.037924
-0.164784
0.892896
-0.115743
-1.296036
-0.905071
-1.049274
1.210991
0.209041
0.452374
-0.697506
0.037841
-1.176984
0.295339
-0.297883
0.358320
-0.709892
-0.770104
-0.796663
0.024547
-0.104743
1.318085
-0.347499
-1.455435
1.286458
0.002998
-0.825248
0.249683
-0.410025
0.231444
-1.363063
-1.064060
-0.766024
0.547934
0.336652
0.528577
-0.979823
0.194346
0.145168
0.316880
-0.039398
0.019103
0.001425
-0.099590
0.699877
0.145316
0.999617
0.494692
-0.090851
0.294998
-0.502632
0.324103
-0.095155
1.261930
-0.122732
1.590573
-0.554412
-0.311317
0.751626
-0.220458
-0.269773
0.165094
0.329425
-0.292898
-0.686443
0.638067
-0.208794
-0.297737
1.344921
0.268802
-0.075839
1.368680
-0.087061
-0.196562
0.489906
0.197104
-1.435593
0.958830
0.586998
-0.263253
-0.910643
0.449419
0.060828
0.110984
0.773394
-0.329585
1.379273
-0.203126
-0.227123
-0.857829
-0.034296
-0.317309
0.247332
0.571045
-0.063049
0.198309
-0.145447
-0.959776
1.429017
-0.367097
-0.165620
-0.056013
-0.848403
0.455248
0.214871
-0.630181
-0.514571
-0.834055
-0.760327
1.754948
0.714257
0.051029
-0.354391
1.202373
-1.529390
-1.166945
-0.548887
0.644718
-0.120967
-0.308968
0.095428
0.031921
-0.735971
1.608198
-0.430275
-0.120421
0.479023
0.816703
-0.289104
-0.213911
0.132895
0.132763
0.305474
-0.622215
1.063977
0.215445
0.169408
-0.076896
-0.573637
0.117275
0.344393
0.119098
1.589906
0.300348
0.022549
-0.975538
0.673197
0.983932
-0.115146
2.994161
0.468885
-1.589500
-0.088892
0.701428
-0.897485
0.101046
0.421248
-0.986203
0.899653
1.192477
0.006686
-1.193713
0.071807
0.103372
0.558152
-0.043039
0.043594
-1.424445
0.283383
-0.846966
0.444876
-0.062624
-0.235327
-1.275320
0.355196
-0.828867
0.498483
-0.264704
-0.130941
-0.264238
-0.063910
-1.070763
-0.424051
-0.125799
-0.620284
1.287238
-1.561394
0.329231
-0.406362
0.713555
-0.940950
0.460325
1.302900
-0.639635
-0.155540
-1.753711
-0.245923
-0.811874
0.619371
0.202845
0.466976
0.576148
-0.727155
0.349451
0.755513
0.154210
0.101636
-1.470187
-0.527935
0.300373
0.969905
0.162022
0.265230
-0.219345
-0.418449
0.443070
-0.535000
1.300445
0.736969
-0.128364
-0.835008
1.621639
-0.437686
0.003761
0.677187
0.382259
-0.598694
-0.181252
-0.138357
-0.128457
-0.048688
-0.389390
-0.140308
0.861136
-0.238096
1.526687
0.302281
-1.350744
0.456569
-0.327074
-0.549508
0.240443
0.502485
-0.481781
-1.641889
-1.215636
0.102801
0.953609
0.194758
1.608357
0.203585
-0.176508
0.068392
0.962482
1.151661
0.124908
0.457960
-1.175390
0.544185
-0.683772
-0.842816
0.039861
0.422155
1.399357
0.243367
1.388004
-0.621876
-0.931357
0.214633
-0.390710
-0.078480
-1.044431
-0.002444
0.150325
-0.148054
-0.610276
0.055145
0.462519
-0.757207
-0.161792
1.252047
-1.142072
-0.275139
-0.528975
1.468727
0.901777
-1.323282
0.190797
0.074823
-0.323101
0.223720
-0.348146
0.488314
0.324066
0.050109
-0.712877
-0.222650
-0.654205
0.178256
0.212351
1.517847
-0.507298
-0.303720
0.124713
0.590891
0.889864
0.593825
1.142068
0.095335
-0.120204
0.312948
-0.166393
0.749171
-0.803516
-0.461507
-0.437868
0.346370
-0.169967
0.650706
-0.406583
0.625311
1.436061
-1.109447
-0.198932
-1.236377
-0.207867
0.159660
-0.558938
1.521820
-0.046799
-0.353979
-0.485221
-0.748656
0.207662
1.352848
1.317198
0.278640
-0.662824
-0.391306
-0.433942
-0.779813
0.945608
0.087682
0.323709
0.461518
-0.085715
-1.111531
-1.038530
0.443129
0.381223
-0.269546
-0.834764
-0.270912
-1.467941
-0.689705
-0.534512
-0.997519
-0.033344
1.319494
-0.288627
-0.052578
0.017654
-0.027636
-1.215505
1.134527
-0.353099
-0.119361
-1.576442
-0.245519
0.420063
-0.150405
-0.687617
-0.116071
-0.175159
-1.281756
0.031523
-0.703813
-0.101657
-1.468336
-0.305413
0.868802
1.451339
-1.170242
-0.076288
-0.455627
-0.662912
0.025664
0.290219
0.264807
-1.019635
0.528829
0.109320
0.339185
-0.872652
-0.856471
0.906393
-0.080601
-0.427566
-1.072903
-0.441701
-0.279812
0.446646
1.032447
-0.398459
-0.209494
0.237514
1.121650
0.271034
-0.401283
0.548963
-1.168258
-0.167160
-0.701286
0.054402
0.297691
-0.534009
1.276999
0.013823
-1.844434
-0.197527
0.648575
0.753302
1.314683
-0.316129
0.597951
1.188577
0.039090
0.636643
-1.707241
1.002520
-0.082189
-0.968573
-0.422083
-1.361176
0.226400
-0.141381
0.422169
-0.172021
-1.727616
0.429613
1.066849
-0.027288
0.655001
0.373283
0.067120
0.209517
-0.298431
-1.215052
-1.654493
0.416296
-1.080401
1.014948
-0.097530
-0.474456
-0.534563
-0.060269
-0.016627
0.120216
0.516366
-1.190606
-0.953333
0.641683
-0.319834
-0.348402
0.330108
-0.669454
-0.075411
0.452708
0.289980
-0.473363
-0.015237
-0.810050
0.288826
-1.322127
-0.221854
1.271007
-0.209548
-0.095865
0.125559
-0.656818
0.028923
0.451700
0.261827
0.077063
1.462195
0.591238
0.450118
-1.076700
-0.441140
0.045854
0.297125
-1.333144
1.625604
