-0.032175
0.035973
0.010396
0.003229
-0.015331
0.003416
-0.006120
0.018445
0.023922
-0.050909
-0.008730
0.032865
0.003719
0.017232
0.015611
0.011732
0.011214
-0.040753
-0.005542
0.002669
0.018818
0.019613
-0.017302
0.003275
0.024556
0.005423
0.031106
-0.018562
0.048505
0.047777
0.004383
-0.002391
0.028813
0.022376
0.048598
0.011474
0.024549
0.004419
-0.000743
-0.009059
-0.015277
0.018035
0.025240
-0.003092
-0.023561
-0.035491
0.012614
0.021339
-0.002003
-0.017720
0.005240
-0.000884
0.025816
0.020853
0.031329
-0.059591
-0.007110
0.014159
-0.008730
-0.020663
-0.010930
0.001892
-0.011473
-0.006451
0.027167
0.023810
0.020952
-0.012953
0.016655
0.007778
-0.013419
-0.029671
-0.044292
-0.025586
-0.032579
-0.022017
0.023958
-0.035642
-0.022106
0.041342
-0.006797
-0.020776
-0.000815
-0.051913
-0.020446
-0.036012
-0.018013
0.025757
-0.017616
0.035480
0.051287
0.008686
0.005839
-0.036120
-0.008288
0.024508
0.002062
-0.003881
0.048043
-0.012238
-0.008619
0.033295
-0.035364
-0.003857
-0.023071
-0.028427
0.001386
0.040934
-0.019167
-0.045854
-0.012461
0.028487
0.020743
0.015915
-0.042070
0.024352
-0.032566
-0.013892
-0.005980
-0.016455
-0.023729
0.025630
0.006527
0.004544
-0.036167
0.016590
-0.034398
0.025119
